TimeStamp: 0.014533042907714844
Pointerpos: 
(0.954 -0.037 0.298 0.000
 0.035 0.999 0.014 0.000
 -0.298 -0.003 0.955 0.000
 0.000 0.000 0.000 1.000)
Target Pos: 
(0.954 -0.037 0.298 0.000
 0.035 0.999 0.014 0.000
 -0.298 -0.003 0.955 0.000
 0.000 0.000 0.000 1.000)


TimeStamp: 0.26360106468200684
Pointerpos: 
(0.954 -0.037 0.298 0.000
 0.035 0.999 0.014 0.000
 -0.298 -0.003 0.955 0.000
 0.000 0.000 0.000 1.000)
Target Pos: 
(0.954 -0.037 0.298 0.000
 0.035 0.999 0.014 0.000
 -0.298 -0.003 0.955 0.000
 0.000 0.000 0.000 1.000)


TimeStamp: 0.2784299850463867
Pointerpos: 
(0.954 -0.037 0.298 0.000
 0.035 0.999 0.014 0.000
 -0.298 -0.003 0.955 0.000
 0.000 0.000 0.000 1.000)
Target Pos: 
(0.954 -0.037 0.298 0.000
 0.035 0.999 0.014 0.000
 -0.298 -0.003 0.955 0.000
 0.000 0.000 0.000 1.000)


TimeStamp: 0.29532504081726074
Pointerpos: 
(0.954 -0.037 0.298 0.000
 0.035 0.999 0.014 0.000
 -0.298 -0.003 0.955 0.000
 0.000 0.000 0.000 1.000)
Target Pos: 
(0.954 -0.037 0.298 0.000
 0.035 0.999 0.014 0.000
 -0.298 -0.003 0.955 0.000
 0.000 0.000 0.000 1.000)


TimeStamp: 0.3119480609893799
Pointerpos: 
(0.954 -0.037 0.298 0.000
 0.035 0.999 0.014 0.000
 -0.298 -0.003 0.955 0.000
 0.000 0.000 0.000 1.000)
Target Pos: 
(0.954 -0.037 0.298 0.000
 0.035 0.999 0.014 0.000
 -0.298 -0.003 0.955 0.000
 0.000 0.000 0.000 1.000)


TimeStamp: 0.3286910057067871
Pointerpos: 
(0.954 -0.037 0.298 0.000
 0.035 0.999 0.014 0.000
 -0.298 -0.003 0.955 0.000
 0.000 0.000 0.000 1.000)
Target Pos: 
(0.954 -0.037 0.298 0.000
 0.035 0.999 0.014 0.000
 -0.298 -0.003 0.955 0.000
 0.000 0.000 0.000 1.000)


TimeStamp: 0.34535717964172363
Pointerpos: 
(0.954 -0.037 0.298 0.000
 0.035 0.999 0.014 0.000
 -0.298 -0.003 0.955 0.000
 0.000 0.000 0.000 1.000)
Target Pos: 
(0.954 -0.037 0.298 0.000
 0.035 0.999 0.014 0.000
 -0.298 -0.003 0.955 0.000
 0.000 0.000 0.000 1.000)


TimeStamp: 0.36205220222473145
Pointerpos: 
(0.954 -0.037 0.298 0.000
 0.035 0.999 0.014 0.000
 -0.298 -0.003 0.955 0.000
 0.000 0.000 0.000 1.000)
Target Pos: 
(0.954 -0.037 0.298 0.000
 0.035 0.999 0.014 0.000
 -0.298 -0.003 0.955 0.000
 0.000 0.000 0.000 1.000)


TimeStamp: 0.3786890506744385
Pointerpos: 
(0.954 -0.037 0.298 0.000
 0.035 0.999 0.014 0.000
 -0.298 -0.003 0.955 0.000
 0.000 0.000 0.000 1.000)
Target Pos: 
(0.954 -0.037 0.298 0.000
 0.035 0.999 0.014 0.000
 -0.298 -0.003 0.955 0.000
 0.000 0.000 0.000 1.000)


TimeStamp: 0.39522600173950195
Pointerpos: 
(0.954 -0.037 0.298 0.000
 0.035 0.999 0.014 0.000
 -0.298 -0.003 0.955 0.000
 0.000 0.000 0.000 1.000)
Target Pos: 
(0.954 -0.037 0.298 0.000
 0.035 0.999 0.014 0.000
 -0.298 -0.003 0.955 0.000
 0.000 0.000 0.000 1.000)


TimeStamp: 0.41187310218811035
Pointerpos: 
(0.954 -0.037 0.298 0.000
 0.035 0.999 0.014 0.000
 -0.298 -0.003 0.955 0.000
 0.000 0.000 0.000 1.000)
Target Pos: 
(0.954 -0.037 0.298 0.000
 0.035 0.999 0.014 0.000
 -0.298 -0.003 0.955 0.000
 0.000 0.000 0.000 1.000)


TimeStamp: 0.42871713638305664
Pointerpos: 
(0.954 -0.037 0.298 0.000
 0.035 0.999 0.014 0.000
 -0.298 -0.003 0.955 0.000
 0.000 0.000 0.000 1.000)
Target Pos: 
(0.954 -0.037 0.298 0.000
 0.035 0.999 0.014 0.000
 -0.298 -0.003 0.955 0.000
 0.000 0.000 0.000 1.000)


TimeStamp: 0.445404052734375
Pointerpos: 
(0.954 -0.037 0.298 0.000
 0.035 0.999 0.014 0.000
 -0.298 -0.003 0.955 0.000
 0.000 0.000 0.000 1.000)
Target Pos: 
(0.954 -0.037 0.298 0.000
 0.035 0.999 0.014 0.000
 -0.298 -0.003 0.955 0.000
 0.000 0.000 0.000 1.000)


TimeStamp: 0.4637160301208496
Pointerpos: 
(0.954 -0.037 0.298 0.000
 0.035 0.999 0.014 0.000
 -0.298 -0.003 0.955 0.000
 0.000 0.000 0.000 1.000)
Target Pos: 
(0.954 -0.037 0.298 0.000
 0.035 0.999 0.014 0.000
 -0.298 -0.003 0.955 0.000
 0.000 0.000 0.000 1.000)


TimeStamp: 0.4787590503692627
Pointerpos: 
(0.954 -0.037 0.298 0.000
 0.035 0.999 0.014 0.000
 -0.298 -0.003 0.955 0.000
 0.000 0.000 0.000 1.000)
Target Pos: 
(0.954 -0.037 0.298 0.000
 0.035 0.999 0.014 0.000
 -0.298 -0.003 0.955 0.000
 0.000 0.000 0.000 1.000)


TimeStamp: 0.4954521656036377
Pointerpos: 
(0.954 -0.037 0.298 0.000
 0.035 0.999 0.014 0.000
 -0.298 -0.003 0.955 0.000
 0.000 0.000 0.000 1.000)
Target Pos: 
(0.954 -0.037 0.298 0.000
 0.035 0.999 0.014 0.000
 -0.298 -0.003 0.955 0.000
 0.000 0.000 0.000 1.000)


TimeStamp: 0.5121870040893555
Pointerpos: 
(0.954 -0.037 0.298 0.000
 0.035 0.999 0.014 0.000
 -0.298 -0.003 0.955 0.000
 0.000 0.000 0.000 1.000)
Target Pos: 
(0.954 -0.037 0.298 0.000
 0.035 0.999 0.014 0.000
 -0.298 -0.003 0.955 0.000
 0.000 0.000 0.000 1.000)


TimeStamp: 0.5288431644439697
Pointerpos: 
(0.954 -0.037 0.298 0.000
 0.035 0.999 0.014 0.000
 -0.298 -0.003 0.955 0.000
 0.000 0.000 0.000 1.000)
Target Pos: 
(0.954 -0.037 0.298 0.000
 0.035 0.999 0.014 0.000
 -0.298 -0.003 0.955 0.000
 0.000 0.000 0.000 1.000)


TimeStamp: 0.5455210208892822
Pointerpos: 
(0.954 -0.037 0.298 0.000
 0.035 0.999 0.014 0.000
 -0.298 -0.003 0.955 0.000
 0.000 0.000 0.000 1.000)
Target Pos: 
(0.954 -0.037 0.298 0.000
 0.035 0.999 0.014 0.000
 -0.298 -0.003 0.955 0.000
 0.000 0.000 0.000 1.000)


TimeStamp: 0.5636050701141357
Pointerpos: 
(0.954 -0.037 0.298 0.000
 0.035 0.999 0.014 0.000
 -0.298 -0.003 0.955 0.000
 0.000 0.000 0.000 1.000)
Target Pos: 
(0.954 -0.037 0.298 0.000
 0.035 0.999 0.014 0.000
 -0.298 -0.003 0.955 0.000
 0.000 0.000 0.000 1.000)


TimeStamp: 0.5794811248779297
Pointerpos: 
(0.954 -0.037 0.298 0.000
 0.035 0.999 0.014 0.000
 -0.298 -0.003 0.955 0.000
 0.000 0.000 0.000 1.000)
Target Pos: 
(0.954 -0.037 0.298 0.000
 0.035 0.999 0.014 0.000
 -0.298 -0.003 0.955 0.000
 0.000 0.000 0.000 1.000)


TimeStamp: 0.5961711406707764
Pointerpos: 
(0.954 -0.037 0.298 0.000
 0.035 0.999 0.014 0.000
 -0.298 -0.003 0.955 0.000
 0.000 0.000 0.000 1.000)
Target Pos: 
(0.954 -0.037 0.298 0.000
 0.035 0.999 0.014 0.000
 -0.298 -0.003 0.955 0.000
 0.000 0.000 0.000 1.000)


TimeStamp: 0.6128740310668945
Pointerpos: 
(0.954 -0.037 0.298 0.000
 0.035 0.999 0.014 0.000
 -0.298 -0.003 0.955 0.000
 0.000 0.000 0.000 1.000)
Target Pos: 
(0.954 -0.037 0.298 0.000
 0.035 0.999 0.014 0.000
 -0.298 -0.003 0.955 0.000
 0.000 0.000 0.000 1.000)


TimeStamp: 0.6295289993286133
Pointerpos: 
(0.954 -0.037 0.298 0.000
 0.035 0.999 0.014 0.000
 -0.298 -0.003 0.955 0.000
 0.000 0.000 0.000 1.000)
Target Pos: 
(0.954 -0.037 0.298 0.000
 0.035 0.999 0.014 0.000
 -0.298 -0.003 0.955 0.000
 0.000 0.000 0.000 1.000)


TimeStamp: 0.6462171077728271
Pointerpos: 
(0.954 -0.037 0.298 0.000
 0.035 0.999 0.014 0.000
 -0.298 -0.003 0.955 0.000
 0.000 0.000 0.000 1.000)
Target Pos: 
(0.954 -0.037 0.298 0.000
 0.035 0.999 0.014 0.000
 -0.298 -0.003 0.955 0.000
 0.000 0.000 0.000 1.000)


TimeStamp: 0.6629040241241455
Pointerpos: 
(0.954 -0.037 0.298 0.000
 0.035 0.999 0.014 0.000
 -0.298 -0.003 0.955 0.000
 0.000 0.000 0.000 1.000)
Target Pos: 
(0.954 -0.037 0.298 0.000
 0.035 0.999 0.014 0.000
 -0.298 -0.003 0.955 0.000
 0.000 0.000 0.000 1.000)


TimeStamp: 0.6796321868896484
Pointerpos: 
(0.954 -0.037 0.298 0.000
 0.035 0.999 0.014 0.000
 -0.298 -0.003 0.955 0.000
 0.000 0.000 0.000 1.000)
Target Pos: 
(0.954 -0.037 0.298 0.000
 0.035 0.999 0.014 0.000
 -0.298 -0.003 0.955 0.000
 0.000 0.000 0.000 1.000)


TimeStamp: 0.6961460113525391
Pointerpos: 
(0.954 -0.037 0.298 0.000
 0.035 0.999 0.014 0.000
 -0.298 -0.003 0.955 0.000
 0.000 0.000 0.000 1.000)
Target Pos: 
(0.954 -0.037 0.298 0.000
 0.035 0.999 0.014 0.000
 -0.298 -0.003 0.955 0.000
 0.000 0.000 0.000 1.000)


TimeStamp: 0.7137060165405273
Pointerpos: 
(0.954 -0.037 0.298 0.000
 0.035 0.999 0.014 0.000
 -0.298 -0.003 0.955 0.000
 0.000 0.000 0.000 1.000)
Target Pos: 
(0.954 -0.037 0.298 0.000
 0.035 0.999 0.014 0.000
 -0.298 -0.003 0.955 0.000
 0.000 0.000 0.000 1.000)


TimeStamp: 0.7296650409698486
Pointerpos: 
(0.954 -0.037 0.298 0.000
 0.035 0.999 0.014 0.000
 -0.298 -0.003 0.955 0.000
 0.000 0.000 0.000 1.000)
Target Pos: 
(0.954 -0.037 0.298 0.000
 0.035 0.999 0.014 0.000
 -0.298 -0.003 0.955 0.000
 0.000 0.000 0.000 1.000)


TimeStamp: 0.7463581562042236
Pointerpos: 
(0.954 -0.037 0.298 0.000
 0.035 0.999 0.014 0.000
 -0.298 -0.003 0.955 0.000
 0.000 0.000 0.000 1.000)
Target Pos: 
(0.954 -0.037 0.298 0.000
 0.035 0.999 0.014 0.000
 -0.298 -0.003 0.955 0.000
 0.000 0.000 0.000 1.000)


TimeStamp: 0.7629241943359375
Pointerpos: 
(0.954 -0.037 0.298 0.000
 0.035 0.999 0.014 0.000
 -0.298 -0.003 0.955 0.000
 0.000 0.000 0.000 1.000)
Target Pos: 
(0.954 -0.037 0.298 0.000
 0.035 0.999 0.014 0.000
 -0.298 -0.003 0.955 0.000
 0.000 0.000 0.000 1.000)


TimeStamp: 0.7796900272369385
Pointerpos: 
(0.954 -0.037 0.298 0.000
 0.035 0.999 0.014 0.000
 -0.298 -0.003 0.955 0.000
 0.000 0.000 0.000 1.000)
Target Pos: 
(0.954 -0.037 0.298 0.000
 0.035 0.999 0.014 0.000
 -0.298 -0.003 0.955 0.000
 0.000 0.000 0.000 1.000)


TimeStamp: 0.7964000701904297
Pointerpos: 
(0.954 -0.037 0.298 0.000
 0.035 0.999 0.014 0.000
 -0.298 -0.003 0.955 0.000
 0.000 0.000 0.000 1.000)
Target Pos: 
(0.954 -0.037 0.298 0.000
 0.035 0.999 0.014 0.000
 -0.298 -0.003 0.955 0.000
 0.000 0.000 0.000 1.000)


TimeStamp: 0.8131241798400879
Pointerpos: 
(0.954 -0.037 0.298 0.000
 0.035 0.999 0.014 0.000
 -0.298 -0.003 0.955 0.000
 0.000 0.000 0.000 1.000)
Target Pos: 
(0.954 -0.037 0.298 0.000
 0.035 0.999 0.014 0.000
 -0.298 -0.003 0.955 0.000
 0.000 0.000 0.000 1.000)


TimeStamp: 0.8296802043914795
Pointerpos: 
(0.954 -0.037 0.298 0.000
 0.035 0.999 0.014 0.000
 -0.298 -0.003 0.955 0.000
 0.000 0.000 0.000 1.000)
Target Pos: 
(0.954 -0.037 0.298 0.000
 0.035 0.999 0.014 0.000
 -0.298 -0.003 0.955 0.000
 0.000 0.000 0.000 1.000)


TimeStamp: 0.8461291790008545
Pointerpos: 
(0.954 -0.037 0.298 0.000
 0.035 0.999 0.014 0.000
 -0.298 -0.003 0.955 0.000
 0.000 0.000 0.000 1.000)
Target Pos: 
(0.954 -0.037 0.298 0.000
 0.035 0.999 0.014 0.000
 -0.298 -0.003 0.955 0.000
 0.000 0.000 0.000 1.000)


TimeStamp: 0.8628780841827393
Pointerpos: 
(0.954 -0.037 0.298 0.000
 0.035 0.999 0.014 0.000
 -0.298 -0.003 0.955 0.000
 0.000 0.000 0.000 1.000)
Target Pos: 
(0.954 -0.037 0.298 0.000
 0.035 0.999 0.014 0.000
 -0.298 -0.003 0.955 0.000
 0.000 0.000 0.000 1.000)


TimeStamp: 0.8795251846313477
Pointerpos: 
(0.954 -0.037 0.298 0.000
 0.035 0.999 0.014 0.000
 -0.298 -0.003 0.955 0.000
 0.000 0.000 0.000 1.000)
Target Pos: 
(0.954 -0.037 0.298 0.000
 0.035 0.999 0.014 0.000
 -0.298 -0.003 0.955 0.000
 0.000 0.000 0.000 1.000)


TimeStamp: 0.8962140083312988
Pointerpos: 
(0.954 -0.037 0.298 0.000
 0.035 0.999 0.014 0.000
 -0.298 -0.003 0.955 0.000
 0.000 0.000 0.000 1.000)
Target Pos: 
(0.954 -0.037 0.298 0.000
 0.035 0.999 0.014 0.000
 -0.298 -0.003 0.955 0.000
 0.000 0.000 0.000 1.000)


TimeStamp: 0.9129180908203125
Pointerpos: 
(0.954 -0.037 0.298 0.000
 0.035 0.999 0.014 0.000
 -0.298 -0.003 0.955 0.000
 0.000 0.000 0.000 1.000)
Target Pos: 
(0.954 -0.037 0.298 0.000
 0.035 0.999 0.014 0.000
 -0.298 -0.003 0.955 0.000
 0.000 0.000 0.000 1.000)


TimeStamp: 0.9295949935913086
Pointerpos: 
(0.954 -0.037 0.298 0.000
 0.035 0.999 0.014 0.000
 -0.298 -0.003 0.955 0.000
 0.000 0.000 0.000 1.000)
Target Pos: 
(0.954 -0.037 0.298 0.000
 0.035 0.999 0.014 0.000
 -0.298 -0.003 0.955 0.000
 0.000 0.000 0.000 1.000)


TimeStamp: 0.9511241912841797
Pointerpos: 
(0.954 -0.037 0.298 0.000
 0.035 0.999 0.014 0.000
 -0.298 -0.003 0.955 0.000
 0.000 0.000 0.000 1.000)
Target Pos: 
(0.954 -0.037 0.298 0.000
 0.035 0.999 0.014 0.000
 -0.298 -0.003 0.955 0.000
 0.000 0.000 0.000 1.000)


TimeStamp: 0.9678690433502197
Pointerpos: 
(0.954 -0.037 0.298 0.000
 0.035 0.999 0.014 0.000
 -0.298 -0.003 0.955 0.000
 0.000 0.000 0.000 1.000)
Target Pos: 
(0.954 -0.037 0.298 0.000
 0.035 0.999 0.014 0.000
 -0.298 -0.003 0.955 0.000
 0.000 0.000 0.000 1.000)


TimeStamp: 0.9844121932983398
Pointerpos: 
(0.954 -0.037 0.298 0.000
 0.035 0.999 0.014 0.000
 -0.298 -0.003 0.955 0.000
 0.000 0.000 0.000 1.000)
Target Pos: 
(0.954 -0.037 0.298 0.000
 0.035 0.999 0.014 0.000
 -0.298 -0.003 0.955 0.000
 0.000 0.000 0.000 1.000)


TimeStamp: 1.0010950565338135
Pointerpos: 
(0.954 -0.037 0.298 0.000
 0.035 0.999 0.014 0.000
 -0.298 -0.003 0.955 0.000
 0.000 0.000 0.000 1.000)
Target Pos: 
(0.954 -0.037 0.298 0.000
 0.035 0.999 0.014 0.000
 -0.298 -0.003 0.955 0.000
 0.000 0.000 0.000 1.000)


TimeStamp: 1.017773151397705
Pointerpos: 
(0.954 -0.037 0.298 0.000
 0.035 0.999 0.014 0.000
 -0.298 -0.003 0.955 0.000
 0.000 0.000 0.000 1.000)
Target Pos: 
(0.954 -0.037 0.298 0.000
 0.035 0.999 0.014 0.000
 -0.298 -0.003 0.955 0.000
 0.000 0.000 0.000 1.000)


TimeStamp: 1.0344550609588623
Pointerpos: 
(0.954 -0.037 0.298 0.000
 0.035 0.999 0.014 0.000
 -0.298 -0.003 0.955 0.000
 0.000 0.000 0.000 1.000)
Target Pos: 
(0.954 -0.037 0.298 0.000
 0.035 0.999 0.014 0.000
 -0.298 -0.003 0.955 0.000
 0.000 0.000 0.000 1.000)


TimeStamp: 1.0511350631713867
Pointerpos: 
(0.954 -0.037 0.298 0.000
 0.035 0.999 0.014 0.000
 -0.298 -0.003 0.955 0.000
 0.000 0.000 0.000 1.000)
Target Pos: 
(0.954 -0.037 0.298 0.000
 0.035 0.999 0.014 0.000
 -0.298 -0.003 0.955 0.000
 0.000 0.000 0.000 1.000)


TimeStamp: 1.0679399967193604
Pointerpos: 
(0.954 -0.037 0.298 0.000
 0.035 0.999 0.014 0.000
 -0.298 -0.003 0.955 0.000
 0.000 0.000 0.000 1.000)
Target Pos: 
(0.954 -0.037 0.298 0.000
 0.035 0.999 0.014 0.000
 -0.298 -0.003 0.955 0.000
 0.000 0.000 0.000 1.000)


TimeStamp: 1.0844590663909912
Pointerpos: 
(0.954 -0.037 0.298 0.000
 0.035 0.999 0.014 0.000
 -0.298 -0.003 0.955 0.000
 0.000 0.000 0.000 1.000)
Target Pos: 
(0.954 -0.037 0.298 0.000
 0.035 0.999 0.014 0.000
 -0.298 -0.003 0.955 0.000
 0.000 0.000 0.000 1.000)


TimeStamp: 1.101149082183838
Pointerpos: 
(0.954 -0.037 0.298 0.000
 0.035 0.999 0.014 0.000
 -0.298 -0.003 0.955 0.000
 0.000 0.000 0.000 1.000)
Target Pos: 
(0.954 -0.037 0.298 0.000
 0.035 0.999 0.014 0.000
 -0.298 -0.003 0.955 0.000
 0.000 0.000 0.000 1.000)


TimeStamp: 1.117833137512207
Pointerpos: 
(0.954 -0.037 0.298 0.000
 0.035 0.999 0.014 0.000
 -0.298 -0.003 0.955 0.000
 0.000 0.000 0.000 1.000)
Target Pos: 
(0.954 -0.037 0.298 0.000
 0.035 0.999 0.014 0.000
 -0.298 -0.003 0.955 0.000
 0.000 0.000 0.000 1.000)


TimeStamp: 1.1344850063323975
Pointerpos: 
(0.954 -0.037 0.298 0.000
 0.035 0.999 0.014 0.000
 -0.298 -0.003 0.955 0.000
 0.000 0.000 0.000 1.000)
Target Pos: 
(0.954 -0.037 0.298 0.000
 0.035 0.999 0.014 0.000
 -0.298 -0.003 0.955 0.000
 0.000 0.000 0.000 1.000)


TimeStamp: 1.1511681079864502
Pointerpos: 
(0.954 -0.037 0.298 0.000
 0.035 0.999 0.014 0.000
 -0.298 -0.003 0.955 0.000
 0.000 0.000 0.000 1.000)
Target Pos: 
(0.954 -0.037 0.298 0.000
 0.035 0.999 0.014 0.000
 -0.298 -0.003 0.955 0.000
 0.000 0.000 0.000 1.000)


TimeStamp: 1.1678390502929688
Pointerpos: 
(0.954 -0.037 0.298 0.000
 0.035 0.999 0.014 0.000
 -0.298 -0.003 0.955 0.000
 0.000 0.000 0.000 1.000)
Target Pos: 
(0.954 -0.037 0.298 0.000
 0.035 0.999 0.014 0.000
 -0.298 -0.003 0.955 0.000
 0.000 0.000 0.000 1.000)


TimeStamp: 1.184516191482544
Pointerpos: 
(0.954 -0.037 0.298 0.000
 0.035 0.999 0.014 0.000
 -0.298 -0.003 0.955 0.000
 0.000 0.000 0.000 1.000)
Target Pos: 
(0.954 -0.037 0.298 0.000
 0.035 0.999 0.014 0.000
 -0.298 -0.003 0.955 0.000
 0.000 0.000 0.000 1.000)


TimeStamp: 1.2011911869049072
Pointerpos: 
(0.954 -0.037 0.298 0.000
 0.035 0.999 0.014 0.000
 -0.298 -0.003 0.955 0.000
 0.000 0.000 0.000 1.000)
Target Pos: 
(0.954 -0.037 0.298 0.000
 0.035 0.999 0.014 0.000
 -0.298 -0.003 0.955 0.000
 0.000 0.000 0.000 1.000)


TimeStamp: 1.2178480625152588
Pointerpos: 
(0.954 -0.037 0.298 0.000
 0.035 0.999 0.014 0.000
 -0.298 -0.003 0.955 0.000
 0.000 0.000 0.000 1.000)
Target Pos: 
(0.954 -0.037 0.298 0.000
 0.035 0.999 0.014 0.000
 -0.298 -0.003 0.955 0.000
 0.000 0.000 0.000 1.000)


TimeStamp: 1.2345399856567383
Pointerpos: 
(0.954 -0.037 0.298 0.000
 0.035 0.999 0.014 0.000
 -0.298 -0.003 0.955 0.000
 0.000 0.000 0.000 1.000)
Target Pos: 
(0.954 -0.037 0.298 0.000
 0.035 0.999 0.014 0.000
 -0.298 -0.003 0.955 0.000
 0.000 0.000 0.000 1.000)


TimeStamp: 1.2512130737304688
Pointerpos: 
(0.954 -0.037 0.298 0.000
 0.035 0.999 0.014 0.000
 -0.298 -0.003 0.955 0.000
 0.000 0.000 0.000 1.000)
Target Pos: 
(0.954 -0.037 0.298 0.000
 0.035 0.999 0.014 0.000
 -0.298 -0.003 0.955 0.000
 0.000 0.000 0.000 1.000)


TimeStamp: 1.267883062362671
Pointerpos: 
(0.954 -0.037 0.298 0.000
 0.035 0.999 0.014 0.000
 -0.298 -0.003 0.955 0.000
 0.000 0.000 0.000 1.000)
Target Pos: 
(0.954 -0.037 0.298 0.000
 0.035 0.999 0.014 0.000
 -0.298 -0.003 0.955 0.000
 0.000 0.000 0.000 1.000)


TimeStamp: 1.284595012664795
Pointerpos: 
(0.954 -0.037 0.298 0.000
 0.035 0.999 0.014 0.000
 -0.298 -0.003 0.955 0.000
 0.000 0.000 0.000 1.000)
Target Pos: 
(0.954 -0.037 0.298 0.000
 0.035 0.999 0.014 0.000
 -0.298 -0.003 0.955 0.000
 0.000 0.000 0.000 1.000)


TimeStamp: 1.3012402057647705
Pointerpos: 
(0.954 -0.037 0.298 0.000
 0.035 0.999 0.014 0.000
 -0.298 -0.003 0.955 0.000
 0.000 0.000 0.000 1.000)
Target Pos: 
(0.954 -0.037 0.298 0.000
 0.035 0.999 0.014 0.000
 -0.298 -0.003 0.955 0.000
 0.000 0.000 0.000 1.000)


TimeStamp: 1.3179211616516113
Pointerpos: 
(0.954 -0.037 0.298 0.000
 0.035 0.999 0.014 0.000
 -0.298 -0.003 0.955 0.000
 0.000 0.000 0.000 1.000)
Target Pos: 
(0.954 -0.037 0.298 0.000
 0.035 0.999 0.014 0.000
 -0.298 -0.003 0.955 0.000
 0.000 0.000 0.000 1.000)


TimeStamp: 1.3345999717712402
Pointerpos: 
(0.954 -0.037 0.298 0.000
 0.035 0.999 0.014 0.000
 -0.298 -0.003 0.955 0.000
 0.000 0.000 0.000 1.000)
Target Pos: 
(0.954 -0.037 0.298 0.000
 0.035 0.999 0.014 0.000
 -0.298 -0.003 0.955 0.000
 0.000 0.000 0.000 1.000)


TimeStamp: 1.3512790203094482
Pointerpos: 
(0.954 -0.037 0.298 0.000
 0.035 0.999 0.014 0.000
 -0.298 -0.003 0.955 0.000
 0.000 0.000 0.000 1.000)
Target Pos: 
(0.954 -0.037 0.298 0.000
 0.035 0.999 0.014 0.000
 -0.298 -0.003 0.955 0.000
 0.000 0.000 0.000 1.000)


TimeStamp: 1.368023157119751
Pointerpos: 
(0.954 -0.037 0.298 0.000
 0.035 0.999 0.014 0.000
 -0.298 -0.003 0.955 0.000
 0.000 0.000 0.000 1.000)
Target Pos: 
(0.954 -0.037 0.298 0.000
 0.035 0.999 0.014 0.000
 -0.298 -0.003 0.955 0.000
 0.000 0.000 0.000 1.000)


TimeStamp: 1.3847131729125977
Pointerpos: 
(0.954 -0.037 0.298 0.000
 0.035 0.999 0.014 0.000
 -0.298 -0.003 0.955 0.000
 0.000 0.000 0.000 1.000)
Target Pos: 
(0.954 -0.037 0.298 0.000
 0.035 0.999 0.014 0.000
 -0.298 -0.003 0.955 0.000
 0.000 0.000 0.000 1.000)


TimeStamp: 1.4013421535491943
Pointerpos: 
(0.954 -0.037 0.298 0.000
 0.035 0.999 0.014 0.000
 -0.298 -0.003 0.955 0.000
 0.000 0.000 0.000 1.000)
Target Pos: 
(0.954 -0.037 0.298 0.000
 0.035 0.999 0.014 0.000
 -0.298 -0.003 0.955 0.000
 0.000 0.000 0.000 1.000)


TimeStamp: 1.4180140495300293
Pointerpos: 
(0.954 -0.037 0.298 0.000
 0.035 0.999 0.014 0.000
 -0.298 -0.003 0.955 0.000
 0.000 0.000 0.000 1.000)
Target Pos: 
(0.954 -0.037 0.298 0.000
 0.035 0.999 0.014 0.000
 -0.298 -0.003 0.955 0.000
 0.000 0.000 0.000 1.000)


TimeStamp: 1.434697151184082
Pointerpos: 
(0.954 -0.037 0.298 0.000
 0.035 0.999 0.014 0.000
 -0.298 -0.003 0.955 0.000
 0.000 0.000 0.000 1.000)
Target Pos: 
(0.954 -0.037 0.298 0.000
 0.035 0.999 0.014 0.000
 -0.298 -0.003 0.955 0.000
 0.000 0.000 0.000 1.000)


TimeStamp: 1.4513840675354004
Pointerpos: 
(0.954 -0.037 0.298 0.000
 0.035 0.999 0.014 0.000
 -0.298 -0.003 0.955 0.000
 0.000 0.000 0.000 1.000)
Target Pos: 
(0.954 -0.037 0.298 0.000
 0.035 0.999 0.014 0.000
 -0.298 -0.003 0.955 0.000
 0.000 0.000 0.000 1.000)


TimeStamp: 1.4680500030517578
Pointerpos: 
(0.954 -0.037 0.298 0.000
 0.035 0.999 0.014 0.000
 -0.298 -0.003 0.955 0.000
 0.000 0.000 0.000 1.000)
Target Pos: 
(0.954 -0.037 0.298 0.000
 0.035 0.999 0.014 0.000
 -0.298 -0.003 0.955 0.000
 0.000 0.000 0.000 1.000)


TimeStamp: 1.4847471714019775
Pointerpos: 
(0.954 -0.037 0.298 0.000
 0.035 0.999 0.014 0.000
 -0.298 -0.003 0.955 0.000
 0.000 0.000 0.000 1.000)
Target Pos: 
(0.954 -0.037 0.298 0.000
 0.035 0.999 0.014 0.000
 -0.298 -0.003 0.955 0.000
 0.000 0.000 0.000 1.000)


TimeStamp: 1.5014071464538574
Pointerpos: 
(0.954 -0.037 0.298 0.000
 0.035 0.999 0.014 0.000
 -0.298 -0.003 0.955 0.000
 0.000 0.000 0.000 1.000)
Target Pos: 
(0.954 -0.037 0.298 0.000
 0.035 0.999 0.014 0.000
 -0.298 -0.003 0.955 0.000
 0.000 0.000 0.000 1.000)


TimeStamp: 1.5180871486663818
Pointerpos: 
(0.954 -0.037 0.298 0.000
 0.035 0.999 0.014 0.000
 -0.298 -0.003 0.955 0.000
 0.000 0.000 0.000 1.000)
Target Pos: 
(0.954 -0.037 0.298 0.000
 0.035 0.999 0.014 0.000
 -0.298 -0.003 0.955 0.000
 0.000 0.000 0.000 1.000)


TimeStamp: 1.534743070602417
Pointerpos: 
(0.954 -0.037 0.298 0.000
 0.035 0.999 0.014 0.000
 -0.298 -0.003 0.955 0.000
 0.000 0.000 0.000 1.000)
Target Pos: 
(0.954 -0.037 0.298 0.000
 0.035 0.999 0.014 0.000
 -0.298 -0.003 0.955 0.000
 0.000 0.000 0.000 1.000)


TimeStamp: 1.5514380931854248
Pointerpos: 
(0.954 -0.037 0.298 0.000
 0.035 0.999 0.014 0.000
 -0.298 -0.003 0.955 0.000
 0.000 0.000 0.000 1.000)
Target Pos: 
(0.954 -0.037 0.298 0.000
 0.035 0.999 0.014 0.000
 -0.298 -0.003 0.955 0.000
 0.000 0.000 0.000 1.000)


TimeStamp: 1.568114995956421
Pointerpos: 
(0.954 -0.037 0.298 0.000
 0.035 0.999 0.014 0.000
 -0.298 -0.003 0.955 0.000
 0.000 0.000 0.000 1.000)
Target Pos: 
(0.954 -0.037 0.298 0.000
 0.035 0.999 0.014 0.000
 -0.298 -0.003 0.955 0.000
 0.000 0.000 0.000 1.000)


TimeStamp: 1.5848031044006348
Pointerpos: 
(0.954 -0.037 0.298 0.000
 0.035 0.999 0.014 0.000
 -0.298 -0.003 0.955 0.000
 0.000 0.000 0.000 1.000)
Target Pos: 
(0.954 -0.037 0.298 0.000
 0.035 0.999 0.014 0.000
 -0.298 -0.003 0.955 0.000
 0.000 0.000 0.000 1.000)


TimeStamp: 1.6014690399169922
Pointerpos: 
(0.954 -0.037 0.298 0.000
 0.035 0.999 0.014 0.000
 -0.298 -0.003 0.955 0.000
 0.000 0.000 0.000 1.000)
Target Pos: 
(0.954 -0.037 0.298 0.000
 0.035 0.999 0.014 0.000
 -0.298 -0.003 0.955 0.000
 0.000 0.000 0.000 1.000)


TimeStamp: 1.618143081665039
Pointerpos: 
(0.954 -0.037 0.298 0.000
 0.035 0.999 0.014 0.000
 -0.298 -0.003 0.955 0.000
 0.000 0.000 0.000 1.000)
Target Pos: 
(0.954 -0.037 0.298 0.000
 0.035 0.999 0.014 0.000
 -0.298 -0.003 0.955 0.000
 0.000 0.000 0.000 1.000)


TimeStamp: 1.6348199844360352
Pointerpos: 
(0.954 -0.037 0.298 0.000
 0.035 0.999 0.014 0.000
 -0.298 -0.003 0.955 0.000
 0.000 0.000 0.000 1.000)
Target Pos: 
(0.954 -0.037 0.298 0.000
 0.035 0.999 0.014 0.000
 -0.298 -0.003 0.955 0.000
 0.000 0.000 0.000 1.000)


TimeStamp: 1.651501178741455
Pointerpos: 
(0.954 -0.037 0.298 0.000
 0.035 0.999 0.014 0.000
 -0.298 -0.003 0.955 0.000
 0.000 0.000 0.000 1.000)
Target Pos: 
(0.954 -0.037 0.298 0.000
 0.035 0.999 0.014 0.000
 -0.298 -0.003 0.955 0.000
 0.000 0.000 0.000 1.000)


TimeStamp: 1.6681761741638184
Pointerpos: 
(0.954 -0.037 0.298 0.000
 0.035 0.999 0.014 0.000
 -0.298 -0.003 0.955 0.000
 0.000 0.000 0.000 1.000)
Target Pos: 
(0.954 -0.037 0.298 0.000
 0.035 0.999 0.014 0.000
 -0.298 -0.003 0.955 0.000
 0.000 0.000 0.000 1.000)


TimeStamp: 1.6848580837249756
Pointerpos: 
(0.954 -0.037 0.298 0.000
 0.035 0.999 0.014 0.000
 -0.298 -0.003 0.955 0.000
 0.000 0.000 0.000 1.000)
Target Pos: 
(0.954 -0.037 0.298 0.000
 0.035 0.999 0.014 0.000
 -0.298 -0.003 0.955 0.000
 0.000 0.000 0.000 1.000)


TimeStamp: 1.7015249729156494
Pointerpos: 
(0.954 -0.037 0.298 0.000
 0.035 0.999 0.014 0.000
 -0.298 -0.003 0.955 0.000
 0.000 0.000 0.000 1.000)
Target Pos: 
(0.954 -0.037 0.298 0.000
 0.035 0.999 0.014 0.000
 -0.298 -0.003 0.955 0.000
 0.000 0.000 0.000 1.000)


TimeStamp: 1.7182121276855469
Pointerpos: 
(0.954 -0.037 0.298 0.000
 0.035 0.999 0.014 0.000
 -0.298 -0.003 0.955 0.000
 0.000 0.000 0.000 1.000)
Target Pos: 
(0.954 -0.037 0.298 0.000
 0.035 0.999 0.014 0.000
 -0.298 -0.003 0.955 0.000
 0.000 0.000 0.000 1.000)


TimeStamp: 1.7348721027374268
Pointerpos: 
(0.954 -0.037 0.298 0.000
 0.035 0.999 0.014 0.000
 -0.298 -0.003 0.955 0.000
 0.000 0.000 0.000 1.000)
Target Pos: 
(0.954 -0.037 0.298 0.000
 0.035 0.999 0.014 0.000
 -0.298 -0.003 0.955 0.000
 0.000 0.000 0.000 1.000)


TimeStamp: 1.7515690326690674
Pointerpos: 
(0.954 -0.037 0.298 0.000
 0.035 0.999 0.014 0.000
 -0.298 -0.003 0.955 0.000
 0.000 0.000 0.000 1.000)
Target Pos: 
(0.954 -0.037 0.298 0.000
 0.035 0.999 0.014 0.000
 -0.298 -0.003 0.955 0.000
 0.000 0.000 0.000 1.000)


TimeStamp: 1.7682311534881592
Pointerpos: 
(0.954 -0.037 0.298 0.000
 0.035 0.999 0.014 0.000
 -0.298 -0.003 0.954 0.000
 0.000 0.000 0.000 1.000)
Target Pos: 
(0.954 -0.037 0.298 0.000
 0.035 0.999 0.014 0.000
 -0.298 -0.003 0.954 0.000
 0.000 0.000 0.000 1.000)


TimeStamp: 1.784924030303955
Pointerpos: 
(0.954 -0.037 0.298 0.000
 0.035 0.999 0.014 0.000
 -0.298 -0.003 0.954 0.000
 0.000 0.000 0.000 1.000)
Target Pos: 
(0.954 -0.037 0.298 0.000
 0.035 0.999 0.014 0.000
 -0.298 -0.003 0.954 0.000
 0.000 0.000 0.000 1.000)


TimeStamp: 1.801589012145996
Pointerpos: 
(0.954 -0.037 0.298 0.000
 0.035 0.999 0.014 0.000
 -0.298 -0.003 0.954 0.000
 0.000 0.000 0.000 1.000)
Target Pos: 
(0.954 -0.037 0.298 0.000
 0.035 0.999 0.014 0.000
 -0.298 -0.003 0.954 0.000
 0.000 0.000 0.000 1.000)


TimeStamp: 1.8182740211486816
Pointerpos: 
(0.954 -0.037 0.298 0.000
 0.035 0.999 0.014 0.000
 -0.298 -0.003 0.954 0.000
 0.000 0.000 0.000 1.000)
Target Pos: 
(0.954 -0.037 0.298 0.000
 0.035 0.999 0.014 0.000
 -0.298 -0.003 0.954 0.000
 0.000 0.000 0.000 1.000)


TimeStamp: 1.8349230289459229
Pointerpos: 
(0.954 -0.037 0.298 0.000
 0.035 0.999 0.014 0.000
 -0.298 -0.003 0.954 0.000
 0.000 0.000 0.000 1.000)
Target Pos: 
(0.954 -0.037 0.298 0.000
 0.035 0.999 0.014 0.000
 -0.298 -0.003 0.954 0.000
 0.000 0.000 0.000 1.000)


TimeStamp: 1.8516011238098145
Pointerpos: 
(0.954 -0.037 0.298 0.000
 0.035 0.999 0.014 0.000
 -0.298 -0.003 0.955 0.000
 0.000 0.000 0.000 1.000)
Target Pos: 
(0.954 -0.037 0.298 0.000
 0.035 0.999 0.014 0.000
 -0.298 -0.003 0.955 0.000
 0.000 0.000 0.000 1.000)


TimeStamp: 1.8682770729064941
Pointerpos: 
(0.954 -0.037 0.298 0.000
 0.035 0.999 0.014 0.000
 -0.298 -0.003 0.955 0.000
 0.000 0.000 0.000 1.000)
Target Pos: 
(0.954 -0.037 0.298 0.000
 0.035 0.999 0.014 0.000
 -0.298 -0.003 0.955 0.000
 0.000 0.000 0.000 1.000)


TimeStamp: 1.8849852085113525
Pointerpos: 
(0.954 -0.037 0.298 0.000
 0.035 0.999 0.014 0.000
 -0.298 -0.003 0.955 0.000
 0.000 0.000 0.000 1.000)
Target Pos: 
(0.954 -0.037 0.298 0.000
 0.035 0.999 0.014 0.000
 -0.298 -0.003 0.955 0.000
 0.000 0.000 0.000 1.000)


TimeStamp: 1.9016389846801758
Pointerpos: 
(0.954 -0.037 0.298 0.000
 0.035 0.999 0.014 0.000
 -0.298 -0.003 0.955 0.000
 0.000 0.000 0.000 1.000)
Target Pos: 
(0.954 -0.037 0.298 0.000
 0.035 0.999 0.014 0.000
 -0.298 -0.003 0.955 0.000
 0.000 0.000 0.000 1.000)


TimeStamp: 1.9183120727539062
Pointerpos: 
(0.954 -0.037 0.298 0.000
 0.035 0.999 0.014 0.000
 -0.298 -0.003 0.955 0.000
 0.000 0.000 0.000 1.000)
Target Pos: 
(0.954 -0.037 0.298 0.000
 0.035 0.999 0.014 0.000
 -0.298 -0.003 0.955 0.000
 0.000 0.000 0.000 1.000)


TimeStamp: 1.9349870681762695
Pointerpos: 
(0.954 -0.037 0.298 0.000
 0.035 0.999 0.014 0.000
 -0.298 -0.003 0.955 0.000
 0.000 0.000 0.000 1.000)
Target Pos: 
(0.954 -0.037 0.298 0.000
 0.035 0.999 0.014 0.000
 -0.298 -0.003 0.955 0.000
 0.000 0.000 0.000 1.000)


TimeStamp: 1.9516630172729492
Pointerpos: 
(0.954 -0.037 0.298 0.000
 0.035 0.999 0.014 0.000
 -0.298 -0.003 0.955 0.000
 0.000 0.000 0.000 1.000)
Target Pos: 
(0.954 -0.037 0.298 0.000
 0.035 0.999 0.014 0.000
 -0.298 -0.003 0.955 0.000
 0.000 0.000 0.000 1.000)


TimeStamp: 1.9683380126953125
Pointerpos: 
(0.954 -0.037 0.298 0.000
 0.035 0.999 0.014 0.000
 -0.298 -0.003 0.955 0.000
 0.000 0.000 0.000 1.000)
Target Pos: 
(0.954 -0.037 0.298 0.000
 0.035 0.999 0.014 0.000
 -0.298 -0.003 0.955 0.000
 0.000 0.000 0.000 1.000)


TimeStamp: 1.9850339889526367
Pointerpos: 
(0.954 -0.037 0.298 0.000
 0.035 0.999 0.014 0.000
 -0.298 -0.003 0.955 0.000
 0.000 0.000 0.000 1.000)
Target Pos: 
(0.954 -0.037 0.298 0.000
 0.035 0.999 0.014 0.000
 -0.298 -0.003 0.955 0.000
 0.000 0.000 0.000 1.000)


TimeStamp: 2.001692056655884
Pointerpos: 
(0.954 -0.037 0.298 0.000
 0.035 0.999 0.014 0.000
 -0.298 -0.003 0.955 0.000
 0.000 0.000 0.000 1.000)
Target Pos: 
(0.954 -0.037 0.298 0.000
 0.035 0.999 0.014 0.000
 -0.298 -0.003 0.955 0.000
 0.000 0.000 0.000 1.000)


TimeStamp: 2.018378973007202
Pointerpos: 
(0.954 -0.037 0.298 0.000
 0.035 0.999 0.014 0.000
 -0.298 -0.003 0.955 0.000
 0.000 0.000 0.000 1.000)
Target Pos: 
(0.954 -0.037 0.298 0.000
 0.035 0.999 0.014 0.000
 -0.298 -0.003 0.955 0.000
 0.000 0.000 0.000 1.000)


TimeStamp: 2.035055160522461
Pointerpos: 
(0.954 -0.037 0.298 0.000
 0.035 0.999 0.014 0.000
 -0.298 -0.003 0.955 0.000
 0.000 0.000 0.000 1.000)
Target Pos: 
(0.954 -0.037 0.298 0.000
 0.035 0.999 0.014 0.000
 -0.298 -0.003 0.955 0.000
 0.000 0.000 0.000 1.000)


TimeStamp: 2.051729202270508
Pointerpos: 
(0.954 -0.037 0.298 0.000
 0.035 0.999 0.014 0.000
 -0.298 -0.003 0.955 0.000
 0.000 0.000 0.000 1.000)
Target Pos: 
(0.954 -0.037 0.298 0.000
 0.035 0.999 0.014 0.000
 -0.298 -0.003 0.955 0.000
 0.000 0.000 0.000 1.000)


TimeStamp: 2.0684211254119873
Pointerpos: 
(0.954 -0.037 0.298 0.000
 0.035 0.999 0.014 0.000
 -0.298 -0.003 0.955 0.000
 0.000 0.000 0.000 1.000)
Target Pos: 
(0.954 -0.037 0.298 0.000
 0.035 0.999 0.014 0.000
 -0.298 -0.003 0.955 0.000
 0.000 0.000 0.000 1.000)


TimeStamp: 2.0850751399993896
Pointerpos: 
(0.954 -0.037 0.298 0.000
 0.035 0.999 0.014 0.000
 -0.298 -0.003 0.955 0.000
 0.000 0.000 0.000 1.000)
Target Pos: 
(0.954 -0.037 0.298 0.000
 0.035 0.999 0.014 0.000
 -0.298 -0.003 0.955 0.000
 0.000 0.000 0.000 1.000)


TimeStamp: 2.1017420291900635
Pointerpos: 
(0.954 -0.037 0.298 0.000
 0.035 0.999 0.014 0.000
 -0.298 -0.003 0.955 0.000
 0.000 0.000 0.000 1.000)
Target Pos: 
(0.954 -0.037 0.298 0.000
 0.035 0.999 0.014 0.000
 -0.298 -0.003 0.955 0.000
 0.000 0.000 0.000 1.000)


TimeStamp: 2.118420124053955
Pointerpos: 
(0.954 -0.037 0.298 0.000
 0.035 0.999 0.014 0.000
 -0.298 -0.003 0.955 0.000
 0.000 0.000 0.000 1.000)
Target Pos: 
(0.954 -0.037 0.298 0.000
 0.035 0.999 0.014 0.000
 -0.298 -0.003 0.955 0.000
 0.000 0.000 0.000 1.000)


TimeStamp: 2.135111093521118
Pointerpos: 
(0.954 -0.037 0.298 0.000
 0.035 0.999 0.014 0.000
 -0.298 -0.003 0.955 0.000
 0.000 0.000 0.000 1.000)
Target Pos: 
(0.954 -0.037 0.298 0.000
 0.035 0.999 0.014 0.000
 -0.298 -0.003 0.955 0.000
 0.000 0.000 0.000 1.000)


TimeStamp: 2.1518001556396484
Pointerpos: 
(0.954 -0.037 0.298 0.000
 0.035 0.999 0.014 0.000
 -0.298 -0.003 0.955 0.000
 0.000 0.000 0.000 1.000)
Target Pos: 
(0.954 -0.037 0.298 0.000
 0.035 0.999 0.014 0.000
 -0.298 -0.003 0.955 0.000
 0.000 0.000 0.000 1.000)


TimeStamp: 2.168503999710083
Pointerpos: 
(0.954 -0.037 0.298 0.000
 0.035 0.999 0.014 0.000
 -0.298 -0.003 0.955 0.000
 0.000 0.000 0.000 1.000)
Target Pos: 
(0.954 -0.037 0.298 0.000
 0.035 0.999 0.014 0.000
 -0.298 -0.003 0.955 0.000
 0.000 0.000 0.000 1.000)


TimeStamp: 2.1851751804351807
Pointerpos: 
(0.954 -0.037 0.298 0.000
 0.035 0.999 0.014 0.000
 -0.298 -0.003 0.955 0.000
 0.000 0.000 0.000 1.000)
Target Pos: 
(0.954 -0.037 0.298 0.000
 0.035 0.999 0.014 0.000
 -0.298 -0.003 0.955 0.000
 0.000 0.000 0.000 1.000)


TimeStamp: 2.2018511295318604
Pointerpos: 
(0.954 -0.037 0.298 0.000
 0.035 0.999 0.014 0.000
 -0.298 -0.003 0.955 0.000
 0.000 0.000 0.000 1.000)
Target Pos: 
(0.954 -0.037 0.298 0.000
 0.035 0.999 0.014 0.000
 -0.298 -0.003 0.955 0.000
 0.000 0.000 0.000 1.000)


TimeStamp: 2.2185301780700684
Pointerpos: 
(0.954 -0.037 0.298 0.000
 0.035 0.999 0.014 0.000
 -0.298 -0.003 0.955 0.000
 0.000 0.000 0.000 1.000)
Target Pos: 
(0.954 -0.037 0.298 0.000
 0.035 0.999 0.014 0.000
 -0.298 -0.003 0.955 0.000
 0.000 0.000 0.000 1.000)


TimeStamp: 2.2352051734924316
Pointerpos: 
(0.954 -0.037 0.298 0.000
 0.035 0.999 0.014 0.000
 -0.298 -0.003 0.954 0.000
 0.000 0.000 0.000 1.000)
Target Pos: 
(0.954 -0.037 0.298 0.000
 0.035 0.999 0.014 0.000
 -0.298 -0.003 0.954 0.000
 0.000 0.000 0.000 1.000)


TimeStamp: 2.251880168914795
Pointerpos: 
(0.954 -0.037 0.298 0.000
 0.035 0.999 0.014 0.000
 -0.298 -0.003 0.954 0.000
 0.000 0.000 0.000 1.000)
Target Pos: 
(0.954 -0.037 0.298 0.000
 0.035 0.999 0.014 0.000
 -0.298 -0.003 0.954 0.000
 0.000 0.000 0.000 1.000)


TimeStamp: 2.2685861587524414
Pointerpos: 
(0.954 -0.037 0.298 0.000
 0.035 0.999 0.014 0.000
 -0.298 -0.003 0.954 0.000
 0.000 0.000 0.000 1.000)
Target Pos: 
(0.954 -0.037 0.298 0.000
 0.035 0.999 0.014 0.000
 -0.298 -0.003 0.954 0.000
 0.000 0.000 0.000 1.000)


TimeStamp: 2.285215139389038
Pointerpos: 
(0.954 -0.037 0.298 0.000
 0.035 0.999 0.014 0.000
 -0.298 -0.003 0.954 0.000
 0.000 0.000 0.000 1.000)
Target Pos: 
(0.954 -0.037 0.298 0.000
 0.035 0.999 0.014 0.000
 -0.298 -0.003 0.954 0.000
 0.000 0.000 0.000 1.000)


TimeStamp: 2.301889181137085
Pointerpos: 
(0.954 -0.037 0.298 0.000
 0.035 0.999 0.014 0.000
 -0.298 -0.003 0.954 0.000
 0.000 0.000 0.000 1.000)
Target Pos: 
(0.954 -0.037 0.298 0.000
 0.035 0.999 0.014 0.000
 -0.298 -0.003 0.954 0.000
 0.000 0.000 0.000 1.000)


TimeStamp: 2.3186120986938477
Pointerpos: 
(0.954 -0.037 0.298 0.000
 0.035 0.999 0.014 0.000
 -0.298 -0.003 0.954 0.000
 0.000 0.000 0.000 1.000)
Target Pos: 
(0.954 -0.037 0.298 0.000
 0.035 0.999 0.014 0.000
 -0.298 -0.003 0.954 0.000
 0.000 0.000 0.000 1.000)


TimeStamp: 2.33525013923645
Pointerpos: 
(0.954 -0.037 0.298 0.000
 0.035 0.999 0.014 0.000
 -0.298 -0.003 0.954 0.000
 0.000 0.000 0.000 1.000)
Target Pos: 
(0.954 -0.037 0.298 0.000
 0.035 0.999 0.014 0.000
 -0.298 -0.003 0.954 0.000
 0.000 0.000 0.000 1.000)


TimeStamp: 2.3519279956817627
Pointerpos: 
(0.954 -0.037 0.298 0.000
 0.035 0.999 0.014 0.000
 -0.298 -0.003 0.955 0.000
 0.000 0.000 0.000 1.000)
Target Pos: 
(0.954 -0.037 0.298 0.000
 0.035 0.999 0.014 0.000
 -0.298 -0.003 0.955 0.000
 0.000 0.000 0.000 1.000)


TimeStamp: 2.3686041831970215
Pointerpos: 
(0.954 -0.037 0.298 0.000
 0.035 0.999 0.014 0.000
 -0.298 -0.003 0.954 0.000
 0.000 0.000 0.000 1.000)
Target Pos: 
(0.954 -0.037 0.298 0.000
 0.035 0.999 0.014 0.000
 -0.298 -0.003 0.954 0.000
 0.000 0.000 0.000 1.000)


TimeStamp: 2.3852791786193848
Pointerpos: 
(0.954 -0.037 0.298 0.000
 0.035 0.999 0.014 0.000
 -0.298 -0.003 0.954 0.000
 0.000 0.000 0.000 1.000)
Target Pos: 
(0.954 -0.037 0.298 0.000
 0.035 0.999 0.014 0.000
 -0.298 -0.003 0.954 0.000
 0.000 0.000 0.000 1.000)


TimeStamp: 2.4019579887390137
Pointerpos: 
(0.954 -0.037 0.298 0.000
 0.035 0.999 0.014 0.000
 -0.298 -0.003 0.954 0.000
 0.000 0.000 0.000 1.000)
Target Pos: 
(0.954 -0.037 0.298 0.000
 0.035 0.999 0.014 0.000
 -0.298 -0.003 0.954 0.000
 0.000 0.000 0.000 1.000)


TimeStamp: 2.41864013671875
Pointerpos: 
(0.954 -0.037 0.298 0.000
 0.035 0.999 0.014 0.000
 -0.298 -0.003 0.954 0.000
 0.000 0.000 0.000 1.000)
Target Pos: 
(0.954 -0.037 0.298 0.000
 0.035 0.999 0.014 0.000
 -0.298 -0.003 0.954 0.000
 0.000 0.000 0.000 1.000)


TimeStamp: 2.435302972793579
Pointerpos: 
(0.954 -0.037 0.298 0.000
 0.035 0.999 0.014 0.000
 -0.298 -0.003 0.954 0.000
 0.000 0.000 0.000 1.000)
Target Pos: 
(0.954 -0.037 0.298 0.000
 0.035 0.999 0.014 0.000
 -0.298 -0.003 0.954 0.000
 0.000 0.000 0.000 1.000)


TimeStamp: 2.451975107192993
Pointerpos: 
(0.954 -0.037 0.298 0.000
 0.035 0.999 0.014 0.000
 -0.298 -0.003 0.954 0.000
 0.000 0.000 0.000 1.000)
Target Pos: 
(0.954 -0.037 0.298 0.000
 0.035 0.999 0.014 0.000
 -0.298 -0.003 0.954 0.000
 0.000 0.000 0.000 1.000)


TimeStamp: 2.4686532020568848
Pointerpos: 
(0.954 -0.037 0.298 0.000
 0.035 0.999 0.014 0.000
 -0.298 -0.003 0.954 0.000
 0.000 0.000 0.000 1.000)
Target Pos: 
(0.954 -0.037 0.298 0.000
 0.035 0.999 0.014 0.000
 -0.298 -0.003 0.954 0.000
 0.000 0.000 0.000 1.000)


TimeStamp: 2.4853100776672363
Pointerpos: 
(0.954 -0.037 0.298 0.000
 0.035 0.999 0.014 0.000
 -0.298 -0.003 0.954 0.000
 0.000 0.000 0.000 1.000)
Target Pos: 
(0.954 -0.037 0.298 0.000
 0.035 0.999 0.014 0.000
 -0.298 -0.003 0.954 0.000
 0.000 0.000 0.000 1.000)


TimeStamp: 2.5020251274108887
Pointerpos: 
(0.954 -0.037 0.298 0.000
 0.035 0.999 0.014 0.000
 -0.298 -0.003 0.954 0.000
 0.000 0.000 0.000 1.000)
Target Pos: 
(0.954 -0.037 0.298 0.000
 0.035 0.999 0.014 0.000
 -0.298 -0.003 0.954 0.000
 0.000 0.000 0.000 1.000)


TimeStamp: 2.5186970233917236
Pointerpos: 
(0.954 -0.037 0.298 0.000
 0.035 0.999 0.014 0.000
 -0.298 -0.003 0.954 0.000
 0.000 0.000 0.000 1.000)
Target Pos: 
(0.954 -0.037 0.298 0.000
 0.035 0.999 0.014 0.000
 -0.298 -0.003 0.954 0.000
 0.000 0.000 0.000 1.000)


TimeStamp: 2.535374164581299
Pointerpos: 
(0.954 -0.037 0.298 0.000
 0.035 0.999 0.014 0.000
 -0.298 -0.003 0.954 0.000
 0.000 0.000 0.000 1.000)
Target Pos: 
(0.954 -0.037 0.298 0.000
 0.035 0.999 0.014 0.000
 -0.298 -0.003 0.954 0.000
 0.000 0.000 0.000 1.000)


TimeStamp: 2.5520520210266113
Pointerpos: 
(0.954 -0.037 0.298 0.000
 0.035 0.999 0.014 0.000
 -0.298 -0.003 0.954 0.000
 0.000 0.000 0.000 1.000)
Target Pos: 
(0.954 -0.037 0.298 0.000
 0.035 0.999 0.014 0.000
 -0.298 -0.003 0.954 0.000
 0.000 0.000 0.000 1.000)


TimeStamp: 2.56874418258667
Pointerpos: 
(0.954 -0.037 0.298 0.000
 0.035 0.999 0.014 0.000
 -0.298 -0.003 0.954 0.000
 0.000 0.000 0.000 1.000)
Target Pos: 
(0.954 -0.037 0.298 0.000
 0.035 0.999 0.014 0.000
 -0.298 -0.003 0.954 0.000
 0.000 0.000 0.000 1.000)


TimeStamp: 2.5854411125183105
Pointerpos: 
(0.954 -0.037 0.298 0.000
 0.035 0.999 0.014 0.000
 -0.298 -0.003 0.954 0.000
 0.000 0.000 0.000 1.000)
Target Pos: 
(0.954 -0.037 0.298 0.000
 0.035 0.999 0.014 0.000
 -0.298 -0.003 0.954 0.000
 0.000 0.000 0.000 1.000)


TimeStamp: 2.602100133895874
Pointerpos: 
(0.954 -0.037 0.298 0.000
 0.035 0.999 0.014 0.000
 -0.298 -0.003 0.954 0.000
 0.000 0.000 0.000 1.000)
Target Pos: 
(0.954 -0.037 0.298 0.000
 0.035 0.999 0.014 0.000
 -0.298 -0.003 0.954 0.000
 0.000 0.000 0.000 1.000)


TimeStamp: 2.6187760829925537
Pointerpos: 
(0.954 -0.037 0.298 0.000
 0.035 0.999 0.014 0.000
 -0.298 -0.003 0.954 0.000
 0.000 0.000 0.000 1.000)
Target Pos: 
(0.954 -0.037 0.298 0.000
 0.035 0.999 0.014 0.000
 -0.298 -0.003 0.954 0.000
 0.000 0.000 0.000 1.000)


TimeStamp: 2.63543701171875
Pointerpos: 
(0.954 -0.037 0.298 0.000
 0.035 0.999 0.014 0.000
 -0.298 -0.003 0.954 0.000
 0.000 0.000 0.000 1.000)
Target Pos: 
(0.954 -0.037 0.298 0.000
 0.035 0.999 0.014 0.000
 -0.298 -0.003 0.954 0.000
 0.000 0.000 0.000 1.000)


TimeStamp: 2.6521191596984863
Pointerpos: 
(0.954 -0.037 0.298 0.000
 0.035 0.999 0.014 0.000
 -0.298 -0.003 0.954 0.000
 0.000 0.000 0.000 1.000)
Target Pos: 
(0.954 -0.037 0.298 0.000
 0.035 0.999 0.014 0.000
 -0.298 -0.003 0.954 0.000
 0.000 0.000 0.000 1.000)


TimeStamp: 2.6688029766082764
Pointerpos: 
(0.954 -0.037 0.298 0.000
 0.035 0.999 0.014 0.000
 -0.298 -0.003 0.954 0.000
 0.000 0.000 0.000 1.000)
Target Pos: 
(0.954 -0.037 0.298 0.000
 0.035 0.999 0.014 0.000
 -0.298 -0.003 0.954 0.000
 0.000 0.000 0.000 1.000)


TimeStamp: 2.685516119003296
Pointerpos: 
(0.954 -0.037 0.298 0.000
 0.035 0.999 0.014 0.000
 -0.298 -0.003 0.954 0.000
 0.000 0.000 0.000 1.000)
Target Pos: 
(0.954 -0.037 0.298 0.000
 0.035 0.999 0.014 0.000
 -0.298 -0.003 0.954 0.000
 0.000 0.000 0.000 1.000)


TimeStamp: 2.7021851539611816
Pointerpos: 
(0.954 -0.037 0.298 0.000
 0.035 0.999 0.014 0.000
 -0.298 -0.003 0.954 0.000
 0.000 0.000 0.000 1.000)
Target Pos: 
(0.954 -0.037 0.298 0.000
 0.035 0.999 0.014 0.000
 -0.298 -0.003 0.954 0.000
 0.000 0.000 0.000 1.000)


TimeStamp: 2.7188570499420166
Pointerpos: 
(0.954 -0.037 0.298 0.000
 0.035 0.999 0.014 0.000
 -0.298 -0.003 0.954 0.000
 0.000 0.000 0.000 1.000)
Target Pos: 
(0.954 -0.037 0.298 0.000
 0.035 0.999 0.014 0.000
 -0.298 -0.003 0.954 0.000
 0.000 0.000 0.000 1.000)


TimeStamp: 2.735534191131592
Pointerpos: 
(0.954 -0.037 0.298 0.000
 0.035 0.999 0.014 0.000
 -0.298 -0.003 0.954 0.000
 0.000 0.000 0.000 1.000)
Target Pos: 
(0.954 -0.037 0.298 0.000
 0.035 0.999 0.014 0.000
 -0.298 -0.003 0.954 0.000
 0.000 0.000 0.000 1.000)


TimeStamp: 2.7522101402282715
Pointerpos: 
(0.954 -0.037 0.298 0.000
 0.035 0.999 0.014 0.000
 -0.298 -0.003 0.954 0.000
