TimeStamp: 0.022220849990844727
Pointerpos: 
(0.989 -0.028 0.147 0.000
 0.027 1.000 0.008 0.000
 -0.147 -0.004 0.989 0.000
 0.000 0.000 0.000 1.000)
Target Pos: 
(0.989 -0.028 0.147 0.000
 0.027 1.000 0.008 0.000
 -0.147 -0.004 0.989 0.000
 0.000 0.000 0.000 1.000)


TimeStamp: 0.26915788650512695
Pointerpos: 
(0.989 -0.028 0.146 0.000
 0.027 1.000 0.008 0.000
 -0.147 -0.004 0.989 0.000
 0.000 0.000 0.000 1.000)
Target Pos: 
(0.989 -0.028 0.146 0.000
 0.027 1.000 0.008 0.000
 -0.147 -0.004 0.989 0.000
 0.000 0.000 0.000 1.000)


TimeStamp: 0.2850489616394043
Pointerpos: 
(0.989 -0.028 0.146 0.000
 0.027 1.000 0.008 0.000
 -0.147 -0.004 0.989 0.000
 0.000 0.000 0.000 1.000)
Target Pos: 
(0.989 -0.028 0.146 0.000
 0.027 1.000 0.008 0.000
 -0.147 -0.004 0.989 0.000
 0.000 0.000 0.000 1.000)


TimeStamp: 0.30205607414245605
Pointerpos: 
(0.989 -0.028 0.146 0.000
 0.027 1.000 0.008 0.000
 -0.147 -0.004 0.989 0.000
 0.000 0.000 0.000 1.000)
Target Pos: 
(0.989 -0.028 0.146 0.000
 0.027 1.000 0.008 0.000
 -0.147 -0.004 0.989 0.000
 0.000 0.000 0.000 1.000)


TimeStamp: 0.31862807273864746
Pointerpos: 
(0.989 -0.028 0.146 0.000
 0.027 1.000 0.008 0.000
 -0.147 -0.004 0.989 0.000
 0.000 0.000 0.000 1.000)
Target Pos: 
(0.989 -0.028 0.146 0.000
 0.027 1.000 0.008 0.000
 -0.147 -0.004 0.989 0.000
 0.000 0.000 0.000 1.000)


TimeStamp: 0.3353919982910156
Pointerpos: 
(0.989 -0.028 0.146 0.000
 0.027 1.000 0.008 0.000
 -0.147 -0.004 0.989 0.000
 0.000 0.000 0.000 1.000)
Target Pos: 
(0.989 -0.028 0.146 0.000
 0.027 1.000 0.008 0.000
 -0.147 -0.004 0.989 0.000
 0.000 0.000 0.000 1.000)


TimeStamp: 0.35203003883361816
Pointerpos: 
(0.989 -0.028 0.146 0.000
 0.027 1.000 0.008 0.000
 -0.147 -0.004 0.989 0.000
 0.000 0.000 0.000 1.000)
Target Pos: 
(0.989 -0.028 0.146 0.000
 0.027 1.000 0.008 0.000
 -0.147 -0.004 0.989 0.000
 0.000 0.000 0.000 1.000)


TimeStamp: 0.36887192726135254
Pointerpos: 
(0.989 -0.028 0.146 0.000
 0.027 1.000 0.008 0.000
 -0.147 -0.004 0.989 0.000
 0.000 0.000 0.000 1.000)
Target Pos: 
(0.989 -0.028 0.146 0.000
 0.027 1.000 0.008 0.000
 -0.147 -0.004 0.989 0.000
 0.000 0.000 0.000 1.000)


TimeStamp: 0.38550686836242676
Pointerpos: 
(0.989 -0.028 0.146 0.000
 0.027 1.000 0.008 0.000
 -0.147 -0.004 0.989 0.000
 0.000 0.000 0.000 1.000)
Target Pos: 
(0.989 -0.028 0.146 0.000
 0.027 1.000 0.008 0.000
 -0.147 -0.004 0.989 0.000
 0.000 0.000 0.000 1.000)


TimeStamp: 0.40212392807006836
Pointerpos: 
(0.989 -0.028 0.147 0.000
 0.027 1.000 0.008 0.000
 -0.147 -0.004 0.989 0.000
 0.000 0.000 0.000 1.000)
Target Pos: 
(0.989 -0.028 0.147 0.000
 0.027 1.000 0.008 0.000
 -0.147 -0.004 0.989 0.000
 0.000 0.000 0.000 1.000)


TimeStamp: 0.41883397102355957
Pointerpos: 
(0.989 -0.028 0.146 0.000
 0.027 1.000 0.008 0.000
 -0.147 -0.004 0.989 0.000
 0.000 0.000 0.000 1.000)
Target Pos: 
(0.989 -0.028 0.146 0.000
 0.027 1.000 0.008 0.000
 -0.147 -0.004 0.989 0.000
 0.000 0.000 0.000 1.000)


TimeStamp: 0.43552398681640625
Pointerpos: 
(0.989 -0.028 0.146 0.000
 0.027 1.000 0.008 0.000
 -0.147 -0.004 0.989 0.000
 0.000 0.000 0.000 1.000)
Target Pos: 
(0.989 -0.028 0.146 0.000
 0.027 1.000 0.008 0.000
 -0.147 -0.004 0.989 0.000
 0.000 0.000 0.000 1.000)


TimeStamp: 0.4535679817199707
Pointerpos: 
(0.989 -0.028 0.146 0.000
 0.027 1.000 0.008 0.000
 -0.147 -0.004 0.989 0.000
 0.000 0.000 0.000 1.000)
Target Pos: 
(0.989 -0.028 0.146 0.000
 0.027 1.000 0.008 0.000
 -0.147 -0.004 0.989 0.000
 0.000 0.000 0.000 1.000)


TimeStamp: 0.46941089630126953
Pointerpos: 
(0.989 -0.028 0.147 0.000
 0.027 1.000 0.008 0.000
 -0.147 -0.004 0.989 0.000
 0.000 0.000 0.000 1.000)
Target Pos: 
(0.989 -0.028 0.147 0.000
 0.027 1.000 0.008 0.000
 -0.147 -0.004 0.989 0.000
 0.000 0.000 0.000 1.000)


TimeStamp: 0.4861140251159668
Pointerpos: 
(0.989 -0.028 0.146 0.000
 0.027 1.000 0.008 0.000
 -0.147 -0.004 0.989 0.000
 0.000 0.000 0.000 1.000)
Target Pos: 
(0.989 -0.028 0.146 0.000
 0.027 1.000 0.008 0.000
 -0.147 -0.004 0.989 0.000
 0.000 0.000 0.000 1.000)


TimeStamp: 0.502784013748169
Pointerpos: 
(0.989 -0.028 0.146 0.000
 0.027 1.000 0.008 0.000
 -0.147 -0.004 0.989 0.000
 0.000 0.000 0.000 1.000)
Target Pos: 
(0.989 -0.028 0.146 0.000
 0.027 1.000 0.008 0.000
 -0.147 -0.004 0.989 0.000
 0.000 0.000 0.000 1.000)


TimeStamp: 0.5194559097290039
Pointerpos: 
(0.989 -0.028 0.146 0.000
 0.027 1.000 0.008 0.000
 -0.147 -0.004 0.989 0.000
 0.000 0.000 0.000 1.000)
Target Pos: 
(0.989 -0.028 0.146 0.000
 0.027 1.000 0.008 0.000
 -0.147 -0.004 0.989 0.000
 0.000 0.000 0.000 1.000)


TimeStamp: 0.5361628532409668
Pointerpos: 
(0.989 -0.028 0.146 0.000
 0.027 1.000 0.008 0.000
 -0.147 -0.004 0.989 0.000
 0.000 0.000 0.000 1.000)
Target Pos: 
(0.989 -0.028 0.146 0.000
 0.027 1.000 0.008 0.000
 -0.147 -0.004 0.989 0.000
 0.000 0.000 0.000 1.000)


TimeStamp: 0.5528738498687744
Pointerpos: 
(0.989 -0.028 0.146 0.000
 0.027 1.000 0.008 0.000
 -0.147 -0.004 0.989 0.000
 0.000 0.000 0.000 1.000)
Target Pos: 
(0.989 -0.028 0.146 0.000
 0.027 1.000 0.008 0.000
 -0.147 -0.004 0.989 0.000
 0.000 0.000 0.000 1.000)


TimeStamp: 0.5695219039916992
Pointerpos: 
(0.989 -0.028 0.146 0.000
 0.027 1.000 0.008 0.000
 -0.147 -0.004 0.989 0.000
 0.000 0.000 0.000 1.000)
Target Pos: 
(0.989 -0.028 0.146 0.000
 0.027 1.000 0.008 0.000
 -0.147 -0.004 0.989 0.000
 0.000 0.000 0.000 1.000)


TimeStamp: 0.5862178802490234
Pointerpos: 
(0.989 -0.028 0.146 0.000
 0.027 1.000 0.008 0.000
 -0.147 -0.004 0.989 0.000
 0.000 0.000 0.000 1.000)
Target Pos: 
(0.989 -0.028 0.146 0.000
 0.027 1.000 0.008 0.000
 -0.147 -0.004 0.989 0.000
 0.000 0.000 0.000 1.000)


TimeStamp: 0.6029419898986816
Pointerpos: 
(0.989 -0.028 0.146 0.000
 0.027 1.000 0.008 0.000
 -0.147 -0.004 0.989 0.000
 0.000 0.000 0.000 1.000)
Target Pos: 
(0.989 -0.028 0.146 0.000
 0.027 1.000 0.008 0.000
 -0.147 -0.004 0.989 0.000
 0.000 0.000 0.000 1.000)


TimeStamp: 0.6197249889373779
Pointerpos: 
(0.989 -0.028 0.146 0.000
 0.027 1.000 0.008 0.000
 -0.147 -0.004 0.989 0.000
 0.000 0.000 0.000 1.000)
Target Pos: 
(0.989 -0.028 0.146 0.000
 0.027 1.000 0.008 0.000
 -0.147 -0.004 0.989 0.000
 0.000 0.000 0.000 1.000)


TimeStamp: 0.6362850666046143
Pointerpos: 
(0.989 -0.028 0.146 0.000
 0.027 1.000 0.008 0.000
 -0.147 -0.004 0.989 0.000
 0.000 0.000 0.000 1.000)
Target Pos: 
(0.989 -0.028 0.146 0.000
 0.027 1.000 0.008 0.000
 -0.147 -0.004 0.989 0.000
 0.000 0.000 0.000 1.000)


TimeStamp: 0.6529829502105713
Pointerpos: 
(0.989 -0.028 0.147 0.000
 0.027 1.000 0.008 0.000
 -0.147 -0.004 0.989 0.000
 0.000 0.000 0.000 1.000)
Target Pos: 
(0.989 -0.028 0.147 0.000
 0.027 1.000 0.008 0.000
 -0.147 -0.004 0.989 0.000
 0.000 0.000 0.000 1.000)


TimeStamp: 0.6696710586547852
Pointerpos: 
(0.989 -0.028 0.146 0.000
 0.027 1.000 0.008 0.000
 -0.147 -0.004 0.989 0.000
 0.000 0.000 0.000 1.000)
Target Pos: 
(0.989 -0.028 0.146 0.000
 0.027 1.000 0.008 0.000
 -0.147 -0.004 0.989 0.000
 0.000 0.000 0.000 1.000)


TimeStamp: 0.6861999034881592
Pointerpos: 
(0.989 -0.028 0.146 0.000
 0.027 1.000 0.008 0.000
 -0.147 -0.004 0.989 0.000
 0.000 0.000 0.000 1.000)
Target Pos: 
(0.989 -0.028 0.146 0.000
 0.027 1.000 0.008 0.000
 -0.147 -0.004 0.989 0.000
 0.000 0.000 0.000 1.000)


TimeStamp: 0.7036440372467041
Pointerpos: 
(0.989 -0.028 0.147 0.000
 0.027 1.000 0.008 0.000
 -0.147 -0.004 0.989 0.000
 0.000 0.000 0.000 1.000)
Target Pos: 
(0.989 -0.028 0.147 0.000
 0.027 1.000 0.008 0.000
 -0.147 -0.004 0.989 0.000
 0.000 0.000 0.000 1.000)


TimeStamp: 0.7200920581817627
Pointerpos: 
(0.989 -0.028 0.147 0.000
 0.027 1.000 0.008 0.000
 -0.147 -0.004 0.989 0.000
 0.000 0.000 0.000 1.000)
Target Pos: 
(0.989 -0.028 0.147 0.000
 0.027 1.000 0.008 0.000
 -0.147 -0.004 0.989 0.000
 0.000 0.000 0.000 1.000)


TimeStamp: 0.7367889881134033
Pointerpos: 
(0.989 -0.028 0.147 0.000
 0.027 1.000 0.008 0.000
 -0.147 -0.004 0.989 0.000
 0.000 0.000 0.000 1.000)
Target Pos: 
(0.989 -0.028 0.147 0.000
 0.027 1.000 0.008 0.000
 -0.147 -0.004 0.989 0.000
 0.000 0.000 0.000 1.000)


TimeStamp: 0.7533829212188721
Pointerpos: 
(0.989 -0.028 0.147 0.000
 0.027 1.000 0.008 0.000
 -0.147 -0.004 0.989 0.000
 0.000 0.000 0.000 1.000)
Target Pos: 
(0.989 -0.028 0.147 0.000
 0.027 1.000 0.008 0.000
 -0.147 -0.004 0.989 0.000
 0.000 0.000 0.000 1.000)


TimeStamp: 0.7697780132293701
Pointerpos: 
(0.989 -0.028 0.147 0.000
 0.027 1.000 0.008 0.000
 -0.147 -0.004 0.989 0.000
 0.000 0.000 0.000 1.000)
Target Pos: 
(0.989 -0.028 0.147 0.000
 0.027 1.000 0.008 0.000
 -0.147 -0.004 0.989 0.000
 0.000 0.000 0.000 1.000)


TimeStamp: 0.786491870880127
Pointerpos: 
(0.989 -0.028 0.147 0.000
 0.027 1.000 0.008 0.000
 -0.147 -0.004 0.989 0.000
 0.000 0.000 0.000 1.000)
Target Pos: 
(0.989 -0.028 0.147 0.000
 0.027 1.000 0.008 0.000
 -0.147 -0.004 0.989 0.000
 0.000 0.000 0.000 1.000)


TimeStamp: 0.8031949996948242
Pointerpos: 
(0.989 -0.028 0.147 0.000
 0.027 1.000 0.008 0.000
 -0.147 -0.004 0.989 0.000
 0.000 0.000 0.000 1.000)
Target Pos: 
(0.989 -0.028 0.147 0.000
 0.027 1.000 0.008 0.000
 -0.147 -0.004 0.989 0.000
 0.000 0.000 0.000 1.000)


TimeStamp: 0.8198988437652588
Pointerpos: 
(0.989 -0.028 0.147 0.000
 0.027 1.000 0.008 0.000
 -0.147 -0.004 0.989 0.000
 0.000 0.000 0.000 1.000)
Target Pos: 
(0.989 -0.028 0.147 0.000
 0.027 1.000 0.008 0.000
 -0.147 -0.004 0.989 0.000
 0.000 0.000 0.000 1.000)


TimeStamp: 0.8365318775177002
Pointerpos: 
(0.989 -0.028 0.147 0.000
 0.027 1.000 0.008 0.000
 -0.147 -0.004 0.989 0.000
 0.000 0.000 0.000 1.000)
Target Pos: 
(0.989 -0.028 0.147 0.000
 0.027 1.000 0.008 0.000
 -0.147 -0.004 0.989 0.000
 0.000 0.000 0.000 1.000)


TimeStamp: 0.8532109260559082
Pointerpos: 
(0.989 -0.028 0.147 0.000
 0.027 1.000 0.008 0.000
 -0.147 -0.004 0.989 0.000
 0.000 0.000 0.000 1.000)
Target Pos: 
(0.989 -0.028 0.147 0.000
 0.027 1.000 0.008 0.000
 -0.147 -0.004 0.989 0.000
 0.000 0.000 0.000 1.000)


TimeStamp: 0.8698990345001221
Pointerpos: 
(0.989 -0.028 0.147 0.000
 0.027 1.000 0.008 0.000
 -0.147 -0.004 0.989 0.000
 0.000 0.000 0.000 1.000)
Target Pos: 
(0.989 -0.028 0.147 0.000
 0.027 1.000 0.008 0.000
 -0.147 -0.004 0.989 0.000
 0.000 0.000 0.000 1.000)


TimeStamp: 0.8869359493255615
Pointerpos: 
(0.989 -0.028 0.147 0.000
 0.027 1.000 0.008 0.000
 -0.147 -0.004 0.989 0.000
 0.000 0.000 0.000 1.000)
Target Pos: 
(0.989 -0.028 0.147 0.000
 0.027 1.000 0.008 0.000
 -0.147 -0.004 0.989 0.000
 0.000 0.000 0.000 1.000)


TimeStamp: 0.903404951095581
Pointerpos: 
(0.989 -0.028 0.147 0.000
 0.027 1.000 0.008 0.000
 -0.147 -0.004 0.989 0.000
 0.000 0.000 0.000 1.000)
Target Pos: 
(0.989 -0.028 0.147 0.000
 0.027 1.000 0.008 0.000
 -0.147 -0.004 0.989 0.000
 0.000 0.000 0.000 1.000)


TimeStamp: 0.9199559688568115
Pointerpos: 
(0.989 -0.028 0.147 0.000
 0.027 1.000 0.008 0.000
 -0.147 -0.004 0.989 0.000
 0.000 0.000 0.000 1.000)
Target Pos: 
(0.989 -0.028 0.147 0.000
 0.027 1.000 0.008 0.000
 -0.147 -0.004 0.989 0.000
 0.000 0.000 0.000 1.000)


TimeStamp: 0.9366250038146973
Pointerpos: 
(0.989 -0.028 0.147 0.000
 0.027 1.000 0.008 0.000
 -0.147 -0.004 0.989 0.000
 0.000 0.000 0.000 1.000)
Target Pos: 
(0.989 -0.028 0.147 0.000
 0.027 1.000 0.008 0.000
 -0.147 -0.004 0.989 0.000
 0.000 0.000 0.000 1.000)


TimeStamp: 0.9531669616699219
Pointerpos: 
(0.989 -0.028 0.147 0.000
 0.027 1.000 0.008 0.000
 -0.147 -0.004 0.989 0.000
 0.000 0.000 0.000 1.000)
Target Pos: 
(0.989 -0.028 0.147 0.000
 0.027 1.000 0.008 0.000
 -0.147 -0.004 0.989 0.000
 0.000 0.000 0.000 1.000)


TimeStamp: 0.969822883605957
Pointerpos: 
(0.989 -0.028 0.147 0.000
 0.027 1.000 0.008 0.000
 -0.147 -0.004 0.989 0.000
 0.000 0.000 0.000 1.000)
Target Pos: 
(0.989 -0.028 0.147 0.000
 0.027 1.000 0.008 0.000
 -0.147 -0.004 0.989 0.000
 0.000 0.000 0.000 1.000)


TimeStamp: 0.9868738651275635
Pointerpos: 
(0.989 -0.028 0.147 0.000
 0.027 1.000 0.008 0.000
 -0.147 -0.004 0.989 0.000
 0.000 0.000 0.000 1.000)
Target Pos: 
(0.989 -0.028 0.147 0.000
 0.027 1.000 0.008 0.000
 -0.147 -0.004 0.989 0.000
 0.000 0.000 0.000 1.000)


TimeStamp: 1.0035510063171387
Pointerpos: 
(0.989 -0.028 0.147 0.000
 0.027 1.000 0.008 0.000
 -0.147 -0.004 0.989 0.000
 0.000 0.000 0.000 1.000)
Target Pos: 
(0.989 -0.028 0.147 0.000
 0.027 1.000 0.008 0.000
 -0.147 -0.004 0.989 0.000
 0.000 0.000 0.000 1.000)


TimeStamp: 1.020232915878296
Pointerpos: 
(0.989 -0.028 0.147 0.000
 0.027 1.000 0.008 0.000
 -0.147 -0.004 0.989 0.000
 0.000 0.000 0.000 1.000)
Target Pos: 
(0.989 -0.028 0.147 0.000
 0.027 1.000 0.008 0.000
 -0.147 -0.004 0.989 0.000
 0.000 0.000 0.000 1.000)


TimeStamp: 1.0371019840240479
Pointerpos: 
(0.989 -0.028 0.147 0.000
 0.027 1.000 0.008 0.000
 -0.147 -0.004 0.989 0.000
 0.000 0.000 0.000 1.000)
Target Pos: 
(0.989 -0.028 0.147 0.000
 0.027 1.000 0.008 0.000
 -0.147 -0.004 0.989 0.000
 0.000 0.000 0.000 1.000)


TimeStamp: 1.053623914718628
Pointerpos: 
(0.989 -0.028 0.147 0.000
 0.027 1.000 0.008 0.000
 -0.147 -0.004 0.989 0.000
 0.000 0.000 0.000 1.000)
Target Pos: 
(0.989 -0.028 0.147 0.000
 0.027 1.000 0.008 0.000
 -0.147 -0.004 0.989 0.000
 0.000 0.000 0.000 1.000)


TimeStamp: 1.0702669620513916
Pointerpos: 
(0.989 -0.028 0.147 0.000
 0.027 1.000 0.008 0.000
 -0.147 -0.004 0.989 0.000
 0.000 0.000 0.000 1.000)
Target Pos: 
(0.989 -0.028 0.147 0.000
 0.027 1.000 0.008 0.000
 -0.147 -0.004 0.989 0.000
 0.000 0.000 0.000 1.000)


TimeStamp: 1.086958885192871
Pointerpos: 
(0.989 -0.028 0.147 0.000
 0.027 1.000 0.008 0.000
 -0.147 -0.004 0.989 0.000
 0.000 0.000 0.000 1.000)
Target Pos: 
(0.989 -0.028 0.147 0.000
 0.027 1.000 0.008 0.000
 -0.147 -0.004 0.989 0.000
 0.000 0.000 0.000 1.000)


TimeStamp: 1.1036360263824463
Pointerpos: 
(0.989 -0.028 0.147 0.000
 0.027 1.000 0.008 0.000
 -0.147 -0.004 0.989 0.000
 0.000 0.000 0.000 1.000)
Target Pos: 
(0.989 -0.028 0.147 0.000
 0.027 1.000 0.008 0.000
 -0.147 -0.004 0.989 0.000
 0.000 0.000 0.000 1.000)


TimeStamp: 1.1203160285949707
Pointerpos: 
(0.989 -0.028 0.147 0.000
 0.027 1.000 0.008 0.000
 -0.147 -0.004 0.989 0.000
 0.000 0.000 0.000 1.000)
Target Pos: 
(0.989 -0.028 0.147 0.000
 0.027 1.000 0.008 0.000
 -0.147 -0.004 0.989 0.000
 0.000 0.000 0.000 1.000)


TimeStamp: 1.1370069980621338
Pointerpos: 
(0.989 -0.028 0.147 0.000
 0.027 1.000 0.008 0.000
 -0.147 -0.004 0.989 0.000
 0.000 0.000 0.000 1.000)
Target Pos: 
(0.989 -0.028 0.147 0.000
 0.027 1.000 0.008 0.000
 -0.147 -0.004 0.989 0.000
 0.000 0.000 0.000 1.000)


TimeStamp: 1.1536738872528076
Pointerpos: 
(0.989 -0.028 0.147 0.000
 0.027 1.000 0.008 0.000
 -0.147 -0.004 0.989 0.000
 0.000 0.000 0.000 1.000)
Target Pos: 
(0.989 -0.028 0.147 0.000
 0.027 1.000 0.008 0.000
 -0.147 -0.004 0.989 0.000
 0.000 0.000 0.000 1.000)


TimeStamp: 1.169990062713623
Pointerpos: 
(0.989 -0.028 0.147 0.000
 0.027 1.000 0.008 0.000
 -0.147 -0.004 0.989 0.000
 0.000 0.000 0.000 1.000)
Target Pos: 
(0.989 -0.028 0.147 0.000
 0.027 1.000 0.008 0.000
 -0.147 -0.004 0.989 0.000
 0.000 0.000 0.000 1.000)


TimeStamp: 1.1866638660430908
Pointerpos: 
(0.989 -0.028 0.147 0.000
 0.027 1.000 0.008 0.000
 -0.147 -0.004 0.989 0.000
 0.000 0.000 0.000 1.000)
Target Pos: 
(0.989 -0.028 0.147 0.000
 0.027 1.000 0.008 0.000
 -0.147 -0.004 0.989 0.000
 0.000 0.000 0.000 1.000)


TimeStamp: 1.2033360004425049
Pointerpos: 
(0.989 -0.028 0.147 0.000
 0.027 1.000 0.008 0.000
 -0.147 -0.004 0.989 0.000
 0.000 0.000 0.000 1.000)
Target Pos: 
(0.989 -0.028 0.147 0.000
 0.027 1.000 0.008 0.000
 -0.147 -0.004 0.989 0.000
 0.000 0.000 0.000 1.000)


TimeStamp: 1.2200119495391846
Pointerpos: 
(0.989 -0.028 0.147 0.000
 0.027 1.000 0.008 0.000
 -0.147 -0.004 0.989 0.000
 0.000 0.000 0.000 1.000)
Target Pos: 
(0.989 -0.028 0.147 0.000
 0.027 1.000 0.008 0.000
 -0.147 -0.004 0.989 0.000
 0.000 0.000 0.000 1.000)


TimeStamp: 1.2366938591003418
Pointerpos: 
(0.989 -0.028 0.147 0.000
 0.027 1.000 0.008 0.000
 -0.147 -0.004 0.989 0.000
 0.000 0.000 0.000 1.000)
Target Pos: 
(0.989 -0.028 0.147 0.000
 0.027 1.000 0.008 0.000
 -0.147 -0.004 0.989 0.000
 0.000 0.000 0.000 1.000)


TimeStamp: 1.2533650398254395
Pointerpos: 
(0.989 -0.028 0.147 0.000
 0.027 1.000 0.008 0.000
 -0.147 -0.004 0.989 0.000
 0.000 0.000 0.000 1.000)
Target Pos: 
(0.989 -0.028 0.147 0.000
 0.027 1.000 0.008 0.000
 -0.147 -0.004 0.989 0.000
 0.000 0.000 0.000 1.000)


TimeStamp: 1.2725188732147217
Pointerpos: 
(0.989 -0.028 0.147 0.000
 0.027 1.000 0.008 0.000
 -0.147 -0.004 0.989 0.000
 0.000 0.000 0.000 1.000)
Target Pos: 
(0.989 -0.028 0.147 0.000
 0.027 1.000 0.008 0.000
 -0.147 -0.004 0.989 0.000
 0.000 0.000 0.000 1.000)


TimeStamp: 1.2892098426818848
Pointerpos: 
(0.989 -0.028 0.147 0.000
 0.027 1.000 0.008 0.000
 -0.147 -0.004 0.989 0.000
 0.000 0.000 0.000 1.000)
Target Pos: 
(0.989 -0.028 0.147 0.000
 0.027 1.000 0.008 0.000
 -0.147 -0.004 0.989 0.000
 0.000 0.000 0.000 1.000)


TimeStamp: 1.3058719635009766
Pointerpos: 
(0.989 -0.028 0.147 0.000
 0.027 1.000 0.008 0.000
 -0.147 -0.004 0.989 0.000
 0.000 0.000 0.000 1.000)
Target Pos: 
(0.989 -0.028 0.147 0.000
 0.027 1.000 0.008 0.000
 -0.147 -0.004 0.989 0.000
 0.000 0.000 0.000 1.000)


TimeStamp: 1.3225500583648682
Pointerpos: 
(0.989 -0.028 0.147 0.000
 0.027 1.000 0.008 0.000
 -0.147 -0.004 0.989 0.000
 0.000 0.000 0.000 1.000)
Target Pos: 
(0.989 -0.028 0.147 0.000
 0.027 1.000 0.008 0.000
 -0.147 -0.004 0.989 0.000
 0.000 0.000 0.000 1.000)


TimeStamp: 1.3392188549041748
Pointerpos: 
(0.989 -0.028 0.147 0.000
 0.027 1.000 0.008 0.000
 -0.147 -0.004 0.989 0.000
 0.000 0.000 0.000 1.000)
Target Pos: 
(0.989 -0.028 0.147 0.000
 0.027 1.000 0.008 0.000
 -0.147 -0.004 0.989 0.000
 0.000 0.000 0.000 1.000)


TimeStamp: 1.3558690547943115
Pointerpos: 
(0.989 -0.028 0.147 0.000
 0.027 1.000 0.008 0.000
 -0.147 -0.004 0.989 0.000
 0.000 0.000 0.000 1.000)
Target Pos: 
(0.989 -0.028 0.147 0.000
 0.027 1.000 0.008 0.000
 -0.147 -0.004 0.989 0.000
 0.000 0.000 0.000 1.000)


TimeStamp: 1.372546911239624
Pointerpos: 
(0.989 -0.028 0.147 0.000
 0.027 1.000 0.008 0.000
 -0.147 -0.004 0.989 0.000
 0.000 0.000 0.000 1.000)
Target Pos: 
(0.989 -0.028 0.147 0.000
 0.027 1.000 0.008 0.000
 -0.147 -0.004 0.989 0.000
 0.000 0.000 0.000 1.000)


TimeStamp: 1.3892579078674316
Pointerpos: 
(0.989 -0.028 0.147 0.000
 0.027 1.000 0.008 0.000
 -0.147 -0.004 0.989 0.000
 0.000 0.000 0.000 1.000)
Target Pos: 
(0.989 -0.028 0.147 0.000
 0.027 1.000 0.008 0.000
 -0.147 -0.004 0.989 0.000
 0.000 0.000 0.000 1.000)


TimeStamp: 1.4059388637542725
Pointerpos: 
(0.989 -0.028 0.147 0.000
 0.027 1.000 0.008 0.000
 -0.147 -0.004 0.989 0.000
 0.000 0.000 0.000 1.000)
Target Pos: 
(0.989 -0.028 0.147 0.000
 0.027 1.000 0.008 0.000
 -0.147 -0.004 0.989 0.000
 0.000 0.000 0.000 1.000)


TimeStamp: 1.4226179122924805
Pointerpos: 
(0.989 -0.028 0.147 0.000
 0.027 1.000 0.008 0.000
 -0.147 -0.004 0.989 0.000
 0.000 0.000 0.000 1.000)
Target Pos: 
(0.989 -0.028 0.147 0.000
 0.027 1.000 0.008 0.000
 -0.147 -0.004 0.989 0.000
 0.000 0.000 0.000 1.000)


TimeStamp: 1.4392969608306885
Pointerpos: 
(0.989 -0.028 0.147 0.000
 0.027 1.000 0.008 0.000
 -0.147 -0.004 0.989 0.000
 0.000 0.000 0.000 1.000)
Target Pos: 
(0.989 -0.028 0.147 0.000
 0.027 1.000 0.008 0.000
 -0.147 -0.004 0.989 0.000
 0.000 0.000 0.000 1.000)


TimeStamp: 1.4559688568115234
Pointerpos: 
(0.989 -0.028 0.147 0.000
 0.027 1.000 0.008 0.000
 -0.147 -0.004 0.989 0.000
 0.000 0.000 0.000 1.000)
Target Pos: 
(0.989 -0.028 0.147 0.000
 0.027 1.000 0.008 0.000
 -0.147 -0.004 0.989 0.000
 0.000 0.000 0.000 1.000)


TimeStamp: 1.4726450443267822
Pointerpos: 
(0.989 -0.028 0.147 0.000
 0.027 1.000 0.008 0.000
 -0.147 -0.004 0.989 0.000
 0.000 0.000 0.000 1.000)
Target Pos: 
(0.989 -0.028 0.147 0.000
 0.027 1.000 0.008 0.000
 -0.147 -0.004 0.989 0.000
 0.000 0.000 0.000 1.000)


TimeStamp: 1.489320993423462
Pointerpos: 
(0.989 -0.028 0.147 0.000
 0.027 1.000 0.008 0.000
 -0.147 -0.004 0.989 0.000
 0.000 0.000 0.000 1.000)
Target Pos: 
(0.989 -0.028 0.147 0.000
 0.027 1.000 0.008 0.000
 -0.147 -0.004 0.989 0.000
 0.000 0.000 0.000 1.000)


TimeStamp: 1.5059938430786133
Pointerpos: 
(0.989 -0.028 0.147 0.000
 0.027 1.000 0.008 0.000
 -0.147 -0.004 0.989 0.000
 0.000 0.000 0.000 1.000)
Target Pos: 
(0.989 -0.028 0.147 0.000
 0.027 1.000 0.008 0.000
 -0.147 -0.004 0.989 0.000
 0.000 0.000 0.000 1.000)


TimeStamp: 1.5226809978485107
Pointerpos: 
(0.989 -0.028 0.147 0.000
 0.027 1.000 0.008 0.000
 -0.147 -0.004 0.989 0.000
 0.000 0.000 0.000 1.000)
Target Pos: 
(0.989 -0.028 0.147 0.000
 0.027 1.000 0.008 0.000
 -0.147 -0.004 0.989 0.000
 0.000 0.000 0.000 1.000)


TimeStamp: 1.5393600463867188
Pointerpos: 
(0.989 -0.028 0.147 0.000
 0.027 1.000 0.008 0.000
 -0.147 -0.004 0.989 0.000
 0.000 0.000 0.000 1.000)
Target Pos: 
(0.989 -0.028 0.147 0.000
 0.027 1.000 0.008 0.000
 -0.147 -0.004 0.989 0.000
 0.000 0.000 0.000 1.000)


TimeStamp: 1.5560288429260254
Pointerpos: 
(0.989 -0.028 0.147 0.000
 0.027 1.000 0.008 0.000
 -0.147 -0.004 0.989 0.000
 0.000 0.000 0.000 1.000)
Target Pos: 
(0.989 -0.028 0.147 0.000
 0.027 1.000 0.008 0.000
 -0.147 -0.004 0.989 0.000
 0.000 0.000 0.000 1.000)


TimeStamp: 1.572713851928711
Pointerpos: 
(0.989 -0.028 0.147 0.000
 0.027 1.000 0.008 0.000
 -0.147 -0.004 0.989 0.000
 0.000 0.000 0.000 1.000)
Target Pos: 
(0.989 -0.028 0.147 0.000
 0.027 1.000 0.008 0.000
 -0.147 -0.004 0.989 0.000
 0.000 0.000 0.000 1.000)


TimeStamp: 1.5893900394439697
Pointerpos: 
(0.989 -0.028 0.147 0.000
 0.027 1.000 0.008 0.000
 -0.147 -0.004 0.989 0.000
 0.000 0.000 0.000 1.000)
Target Pos: 
(0.989 -0.028 0.147 0.000
 0.027 1.000 0.008 0.000
 -0.147 -0.004 0.989 0.000
 0.000 0.000 0.000 1.000)


TimeStamp: 1.6060540676116943
Pointerpos: 
(0.989 -0.028 0.147 0.000
 0.027 1.000 0.008 0.000
 -0.147 -0.004 0.989 0.000
 0.000 0.000 0.000 1.000)
Target Pos: 
(0.989 -0.028 0.147 0.000
 0.027 1.000 0.008 0.000
 -0.147 -0.004 0.989 0.000
 0.000 0.000 0.000 1.000)


TimeStamp: 1.6227078437805176
Pointerpos: 
(0.989 -0.028 0.147 0.000
 0.027 1.000 0.008 0.000
 -0.147 -0.004 0.989 0.000
 0.000 0.000 0.000 1.000)
Target Pos: 
(0.989 -0.028 0.147 0.000
 0.027 1.000 0.008 0.000
 -0.147 -0.004 0.989 0.000
 0.000 0.000 0.000 1.000)


TimeStamp: 1.6393978595733643
Pointerpos: 
(0.989 -0.028 0.147 0.000
 0.027 1.000 0.008 0.000
 -0.147 -0.004 0.989 0.000
 0.000 0.000 0.000 1.000)
Target Pos: 
(0.989 -0.028 0.147 0.000
 0.027 1.000 0.008 0.000
 -0.147 -0.004 0.989 0.000
 0.000 0.000 0.000 1.000)


TimeStamp: 1.6560890674591064
Pointerpos: 
(0.989 -0.028 0.147 0.000
 0.027 1.000 0.008 0.000
 -0.147 -0.004 0.989 0.000
 0.000 0.000 0.000 1.000)
Target Pos: 
(0.989 -0.028 0.147 0.000
 0.027 1.000 0.008 0.000
 -0.147 -0.004 0.989 0.000
 0.000 0.000 0.000 1.000)


TimeStamp: 1.6727659702301025
Pointerpos: 
(0.989 -0.028 0.147 0.000
 0.027 1.000 0.008 0.000
 -0.147 -0.004 0.989 0.000
 0.000 0.000 0.000 1.000)
Target Pos: 
(0.989 -0.028 0.147 0.000
 0.027 1.000 0.008 0.000
 -0.147 -0.004 0.989 0.000
 0.000 0.000 0.000 1.000)


TimeStamp: 1.690026044845581
Pointerpos: 
(0.989 -0.028 0.146 0.000
 0.027 1.000 0.008 0.000
 -0.147 -0.004 0.989 0.000
 0.000 0.000 0.000 1.000)
Target Pos: 
(0.989 -0.028 0.146 0.000
 0.027 1.000 0.008 0.000
 -0.147 -0.004 0.989 0.000
 0.000 0.000 0.000 1.000)


TimeStamp: 1.706636905670166
Pointerpos: 
(0.989 -0.028 0.146 0.000
 0.027 1.000 0.008 0.000
 -0.147 -0.004 0.989 0.000
 0.000 0.000 0.000 1.000)
Target Pos: 
(0.989 -0.028 0.146 0.000
 0.027 1.000 0.008 0.000
 -0.147 -0.004 0.989 0.000
 0.000 0.000 0.000 1.000)


TimeStamp: 1.7231760025024414
Pointerpos: 
(0.989 -0.028 0.146 0.000
 0.027 1.000 0.008 0.000
 -0.147 -0.004 0.989 0.000
 0.000 0.000 0.000 1.000)
Target Pos: 
(0.989 -0.028 0.146 0.000
 0.027 1.000 0.008 0.000
 -0.147 -0.004 0.989 0.000
 0.000 0.000 0.000 1.000)


TimeStamp: 1.7398560047149658
Pointerpos: 
(0.989 -0.028 0.146 0.000
 0.027 1.000 0.008 0.000
 -0.147 -0.004 0.989 0.000
 0.000 0.000 0.000 1.000)
Target Pos: 
(0.989 -0.028 0.146 0.000
 0.027 1.000 0.008 0.000
 -0.147 -0.004 0.989 0.000
 0.000 0.000 0.000 1.000)


TimeStamp: 1.7565319538116455
Pointerpos: 
(0.989 -0.028 0.146 0.000
 0.027 1.000 0.008 0.000
 -0.147 -0.004 0.989 0.000
 0.000 0.000 0.000 1.000)
Target Pos: 
(0.989 -0.028 0.146 0.000
 0.027 1.000 0.008 0.000
 -0.147 -0.004 0.989 0.000
 0.000 0.000 0.000 1.000)


TimeStamp: 1.773226022720337
Pointerpos: 
(0.989 -0.028 0.146 0.000
 0.027 1.000 0.008 0.000
 -0.147 -0.004 0.989 0.000
 0.000 0.000 0.000 1.000)
Target Pos: 
(0.989 -0.028 0.146 0.000
 0.027 1.000 0.008 0.000
 -0.147 -0.004 0.989 0.000
 0.000 0.000 0.000 1.000)


TimeStamp: 1.7898800373077393
Pointerpos: 
(0.989 -0.028 0.146 0.000
 0.027 1.000 0.008 0.000
 -0.147 -0.004 0.989 0.000
 0.000 0.000 0.000 1.000)
Target Pos: 
(0.989 -0.028 0.146 0.000
 0.027 1.000 0.008 0.000
 -0.147 -0.004 0.989 0.000
 0.000 0.000 0.000 1.000)


TimeStamp: 1.8065540790557861
Pointerpos: 
(0.989 -0.028 0.147 0.000
 0.027 1.000 0.008 0.000
 -0.147 -0.004 0.989 0.000
 0.000 0.000 0.000 1.000)
Target Pos: 
(0.989 -0.028 0.147 0.000
 0.027 1.000 0.008 0.000
 -0.147 -0.004 0.989 0.000
 0.000 0.000 0.000 1.000)


TimeStamp: 1.8233909606933594
Pointerpos: 
(0.989 -0.028 0.147 0.000
 0.027 1.000 0.008 0.000
 -0.147 -0.004 0.989 0.000
 0.000 0.000 0.000 1.000)
Target Pos: 
(0.989 -0.028 0.147 0.000
 0.027 1.000 0.008 0.000
 -0.147 -0.004 0.989 0.000
 0.000 0.000 0.000 1.000)


TimeStamp: 1.8399169445037842
Pointerpos: 
(0.989 -0.028 0.146 0.000
 0.027 1.000 0.008 0.000
 -0.147 -0.004 0.989 0.000
 0.000 0.000 0.000 1.000)
Target Pos: 
(0.989 -0.028 0.146 0.000
 0.027 1.000 0.008 0.000
 -0.147 -0.004 0.989 0.000
 0.000 0.000 0.000 1.000)


TimeStamp: 1.8565919399261475
Pointerpos: 
(0.989 -0.028 0.146 0.000
 0.027 1.000 0.008 0.000
 -0.147 -0.004 0.989 0.000
 0.000 0.000 0.000 1.000)
Target Pos: 
(0.989 -0.028 0.146 0.000
 0.027 1.000 0.008 0.000
 -0.147 -0.004 0.989 0.000
 0.000 0.000 0.000 1.000)


TimeStamp: 1.873283863067627
Pointerpos: 
(0.989 -0.028 0.146 0.000
 0.027 1.000 0.008 0.000
 -0.147 -0.004 0.989 0.000
 0.000 0.000 0.000 1.000)
Target Pos: 
(0.989 -0.028 0.146 0.000
 0.027 1.000 0.008 0.000
 -0.147 -0.004 0.989 0.000
 0.000 0.000 0.000 1.000)


TimeStamp: 1.8899409770965576
Pointerpos: 
(0.989 -0.028 0.146 0.000
 0.027 1.000 0.008 0.000
 -0.147 -0.004 0.989 0.000
 0.000 0.000 0.000 1.000)
Target Pos: 
(0.989 -0.028 0.146 0.000
 0.027 1.000 0.008 0.000
 -0.147 -0.004 0.989 0.000
 0.000 0.000 0.000 1.000)


TimeStamp: 1.9066309928894043
Pointerpos: 
(0.989 -0.028 0.147 0.000
 0.027 1.000 0.008 0.000
 -0.147 -0.004 0.989 0.000
 0.000 0.000 0.000 1.000)
Target Pos: 
(0.989 -0.028 0.147 0.000
 0.027 1.000 0.008 0.000
 -0.147 -0.004 0.989 0.000
 0.000 0.000 0.000 1.000)


TimeStamp: 1.9232978820800781
Pointerpos: 
(0.989 -0.028 0.147 0.000
 0.027 1.000 0.008 0.000
 -0.147 -0.004 0.989 0.000
 0.000 0.000 0.000 1.000)
Target Pos: 
(0.989 -0.028 0.147 0.000
 0.027 1.000 0.008 0.000
 -0.147 -0.004 0.989 0.000
 0.000 0.000 0.000 1.000)


TimeStamp: 1.9399759769439697
Pointerpos: 
(0.989 -0.028 0.147 0.000
 0.027 1.000 0.008 0.000
 -0.147 -0.004 0.989 0.000
 0.000 0.000 0.000 1.000)
Target Pos: 
(0.989 -0.028 0.147 0.000
 0.027 1.000 0.008 0.000
 -0.147 -0.004 0.989 0.000
 0.000 0.000 0.000 1.000)


TimeStamp: 1.9566559791564941
Pointerpos: 
(0.989 -0.028 0.147 0.000
 0.027 1.000 0.008 0.000
 -0.147 -0.004 0.989 0.000
 0.000 0.000 0.000 1.000)
Target Pos: 
(0.989 -0.028 0.147 0.000
 0.027 1.000 0.008 0.000
 -0.147 -0.004 0.989 0.000
 0.000 0.000 0.000 1.000)


TimeStamp: 1.973024845123291
Pointerpos: 
(0.989 -0.028 0.147 0.000
 0.027 1.000 0.008 0.000
 -0.147 -0.004 0.989 0.000
 0.000 0.000 0.000 1.000)
Target Pos: 
(0.989 -0.028 0.147 0.000
 0.027 1.000 0.008 0.000
 -0.147 -0.004 0.989 0.000
 0.000 0.000 0.000 1.000)


TimeStamp: 1.989677906036377
Pointerpos: 
(0.989 -0.028 0.147 0.000
 0.027 1.000 0.008 0.000
 -0.147 -0.004 0.989 0.000
 0.000 0.000 0.000 1.000)
Target Pos: 
(0.989 -0.028 0.147 0.000
 0.027 1.000 0.008 0.000
 -0.147 -0.004 0.989 0.000
 0.000 0.000 0.000 1.000)


TimeStamp: 2.006356954574585
Pointerpos: 
(0.989 -0.028 0.147 0.000
 0.027 1.000 0.008 0.000
 -0.147 -0.004 0.989 0.000
 0.000 0.000 0.000 1.000)
Target Pos: 
(0.989 -0.028 0.147 0.000
 0.027 1.000 0.008 0.000
 -0.147 -0.004 0.989 0.000
 0.000 0.000 0.000 1.000)


TimeStamp: 2.0230329036712646
Pointerpos: 
(0.989 -0.028 0.147 0.000
 0.027 1.000 0.008 0.000
 -0.147 -0.004 0.989 0.000
 0.000 0.000 0.000 1.000)
Target Pos: 
(0.989 -0.028 0.147 0.000
 0.027 1.000 0.008 0.000
 -0.147 -0.004 0.989 0.000
 0.000 0.000 0.000 1.000)


TimeStamp: 2.039707899093628
Pointerpos: 
(0.989 -0.028 0.147 0.000
 0.027 1.000 0.008 0.000
 -0.147 -0.004 0.989 0.000
 0.000 0.000 0.000 1.000)
Target Pos: 
(0.989 -0.028 0.147 0.000
 0.027 1.000 0.008 0.000
 -0.147 -0.004 0.989 0.000
 0.000 0.000 0.000 1.000)


TimeStamp: 2.0563809871673584
Pointerpos: 
(0.989 -0.028 0.147 0.000
 0.027 1.000 0.008 0.000
 -0.147 -0.004 0.989 0.000
 0.000 0.000 0.000 1.000)
Target Pos: 
(0.989 -0.028 0.147 0.000
 0.027 1.000 0.008 0.000
 -0.147 -0.004 0.989 0.000
 0.000 0.000 0.000 1.000)


TimeStamp: 2.0730738639831543
Pointerpos: 
(0.989 -0.028 0.147 0.000
 0.027 1.000 0.008 0.000
 -0.147 -0.004 0.989 0.000
 0.000 0.000 0.000 1.000)
Target Pos: 
(0.989 -0.028 0.147 0.000
 0.027 1.000 0.008 0.000
 -0.147 -0.004 0.989 0.000
 0.000 0.000 0.000 1.000)


TimeStamp: 2.0897369384765625
Pointerpos: 
(0.989 -0.028 0.147 0.000
 0.027 1.000 0.008 0.000
 -0.147 -0.004 0.989 0.000
 0.000 0.000 0.000 1.000)
Target Pos: 
(0.989 -0.028 0.147 0.000
 0.027 1.000 0.008 0.000
 -0.147 -0.004 0.989 0.000
 0.000 0.000 0.000 1.000)


TimeStamp: 2.1065900325775146
Pointerpos: 
(0.989 -0.028 0.147 0.000
 0.027 1.000 0.008 0.000
 -0.147 -0.004 0.989 0.000
 0.000 0.000 0.000 1.000)
Target Pos: 
(0.989 -0.028 0.147 0.000
 0.027 1.000 0.008 0.000
 -0.147 -0.004 0.989 0.000
 0.000 0.000 0.000 1.000)


TimeStamp: 2.123241901397705
Pointerpos: 
(0.989 -0.028 0.147 0.000
 0.027 1.000 0.008 0.000
 -0.147 -0.004 0.989 0.000
 0.000 0.000 0.000 1.000)
Target Pos: 
(0.989 -0.028 0.147 0.000
 0.027 1.000 0.008 0.000
 -0.147 -0.004 0.989 0.000
 0.000 0.000 0.000 1.000)


TimeStamp: 2.139785051345825
Pointerpos: 
(0.989 -0.028 0.147 0.000
 0.027 1.000 0.008 0.000
 -0.147 -0.004 0.989 0.000
 0.000 0.000 0.000 1.000)
Target Pos: 
(0.989 -0.028 0.147 0.000
 0.027 1.000 0.008 0.000
 -0.147 -0.004 0.989 0.000
 0.000 0.000 0.000 1.000)


TimeStamp: 2.156627893447876
Pointerpos: 
(0.989 -0.028 0.147 0.000
 0.027 1.000 0.008 0.000
 -0.147 -0.004 0.989 0.000
 0.000 0.000 0.000 1.000)
Target Pos: 
(0.989 -0.028 0.147 0.000
 0.027 1.000 0.008 0.000
 -0.147 -0.004 0.989 0.000
 0.000 0.000 0.000 1.000)


TimeStamp: 2.1733238697052
Pointerpos: 
(0.989 -0.028 0.147 0.000
 0.027 1.000 0.008 0.000
 -0.147 -0.004 0.989 0.000
 0.000 0.000 0.000 1.000)
Target Pos: 
(0.989 -0.028 0.147 0.000
 0.027 1.000 0.008 0.000
 -0.147 -0.004 0.989 0.000
 0.000 0.000 0.000 1.000)


TimeStamp: 2.189851999282837
Pointerpos: 
(0.989 -0.028 0.147 0.000
 0.027 1.000 0.008 0.000
 -0.147 -0.004 0.989 0.000
 0.000 0.000 0.000 1.000)
Target Pos: 
(0.989 -0.028 0.147 0.000
 0.027 1.000 0.008 0.000
 -0.147 -0.004 0.989 0.000
 0.000 0.000 0.000 1.000)


TimeStamp: 2.206523895263672
Pointerpos: 
(0.989 -0.028 0.147 0.000
 0.027 1.000 0.008 0.000
 -0.147 -0.004 0.989 0.000
 0.000 0.000 0.000 1.000)
Target Pos: 
(0.989 -0.028 0.147 0.000
 0.027 1.000 0.008 0.000
 -0.147 -0.004 0.989 0.000
 0.000 0.000 0.000 1.000)


TimeStamp: 2.2231760025024414
Pointerpos: 
(0.989 -0.028 0.147 0.000
 0.027 1.000 0.008 0.000
 -0.147 -0.004 0.989 0.000
 0.000 0.000 0.000 1.000)
Target Pos: 
(0.989 -0.028 0.147 0.000
 0.027 1.000 0.008 0.000
 -0.147 -0.004 0.989 0.000
 0.000 0.000 0.000 1.000)


TimeStamp: 2.2398369312286377
Pointerpos: 
(0.989 -0.028 0.147 0.000
 0.027 1.000 0.008 0.000
 -0.147 -0.004 0.989 0.000
 0.000 0.000 0.000 1.000)
Target Pos: 
(0.989 -0.028 0.147 0.000
 0.027 1.000 0.008 0.000
 -0.147 -0.004 0.989 0.000
 0.000 0.000 0.000 1.000)


TimeStamp: 2.2565338611602783
Pointerpos: 
(0.989 -0.028 0.147 0.000
 0.027 1.000 0.008 0.000
 -0.147 -0.004 0.989 0.000
 0.000 0.000 0.000 1.000)
Target Pos: 
(0.989 -0.028 0.147 0.000
 0.027 1.000 0.008 0.000
 -0.147 -0.004 0.989 0.000
 0.000 0.000 0.000 1.000)


TimeStamp: 2.27327299118042
Pointerpos: 
(0.989 -0.028 0.147 0.000
 0.027 1.000 0.008 0.000
 -0.147 -0.004 0.989 0.000
 0.000 0.000 0.000 1.000)
Target Pos: 
(0.989 -0.028 0.147 0.000
 0.027 1.000 0.008 0.000
 -0.147 -0.004 0.989 0.000
 0.000 0.000 0.000 1.000)


TimeStamp: 2.2900328636169434
Pointerpos: 
(0.989 -0.028 0.147 0.000
 0.027 1.000 0.008 0.000
 -0.147 -0.004 0.989 0.000
 0.000 0.000 0.000 1.000)
Target Pos: 
(0.989 -0.028 0.147 0.000
 0.027 1.000 0.008 0.000
 -0.147 -0.004 0.989 0.000
 0.000 0.000 0.000 1.000)


TimeStamp: 2.30657696723938
Pointerpos: 
(0.989 -0.028 0.147 0.000
 0.027 1.000 0.008 0.000
 -0.147 -0.004 0.989 0.000
 0.000 0.000 0.000 1.000)
Target Pos: 
(0.989 -0.028 0.147 0.000
 0.027 1.000 0.008 0.000
 -0.147 -0.004 0.989 0.000
 0.000 0.000 0.000 1.000)


TimeStamp: 2.3232550621032715
Pointerpos: 
(0.989 -0.028 0.147 0.000
 0.027 1.000 0.008 0.000
 -0.147 -0.004 0.989 0.000
 0.000 0.000 0.000 1.000)
Target Pos: 
(0.989 -0.028 0.147 0.000
 0.027 1.000 0.008 0.000
 -0.147 -0.004 0.989 0.000
 0.000 0.000 0.000 1.000)


TimeStamp: 2.3398959636688232
Pointerpos: 
(0.989 -0.028 0.147 0.000
 0.027 1.000 0.008 0.000
 -0.147 -0.004 0.989 0.000
 0.000 0.000 0.000 1.000)
Target Pos: 
(0.989 -0.028 0.147 0.000
 0.027 1.000 0.008 0.000
 -0.147 -0.004 0.989 0.000
 0.000 0.000 0.000 1.000)


TimeStamp: 2.3565590381622314
Pointerpos: 
(0.989 -0.028 0.147 0.000
 0.027 1.000 0.008 0.000
 -0.147 -0.004 0.989 0.000
 0.000 0.000 0.000 1.000)
Target Pos: 
(0.989 -0.028 0.147 0.000
 0.027 1.000 0.008 0.000
 -0.147 -0.004 0.989 0.000
 0.000 0.000 0.000 1.000)


TimeStamp: 2.373297929763794
Pointerpos: 
(0.989 -0.028 0.147 0.000
 0.027 1.000 0.008 0.000
 -0.147 -0.004 0.989 0.000
 0.000 0.000 0.000 1.000)
Target Pos: 
(0.989 -0.028 0.147 0.000
 0.027 1.000 0.008 0.000
 -0.147 -0.004 0.989 0.000
 0.000 0.000 0.000 1.000)


TimeStamp: 2.389922857284546
Pointerpos: 
(0.989 -0.028 0.147 0.000
 0.027 1.000 0.008 0.000
 -0.147 -0.004 0.989 0.000
 0.000 0.000 0.000 1.000)
Target Pos: 
(0.989 -0.028 0.147 0.000
 0.027 1.000 0.008 0.000
 -0.147 -0.004 0.989 0.000
 0.000 0.000 0.000 1.000)


TimeStamp: 2.4065940380096436
Pointerpos: 
(0.989 -0.028 0.147 0.000
 0.027 1.000 0.008 0.000
 -0.147 -0.004 0.989 0.000
 0.000 0.000 0.000 1.000)
Target Pos: 
(0.989 -0.028 0.147 0.000
 0.027 1.000 0.008 0.000
 -0.147 -0.004 0.989 0.000
 0.000 0.000 0.000 1.000)


TimeStamp: 2.4232659339904785
Pointerpos: 
(0.989 -0.028 0.147 0.000
 0.027 1.000 0.008 0.000
 -0.147 -0.004 0.989 0.000
 0.000 0.000 0.000 1.000)
Target Pos: 
(0.989 -0.028 0.147 0.000
 0.027 1.000 0.008 0.000
 -0.147 -0.004 0.989 0.000
 0.000 0.000 0.000 1.000)


TimeStamp: 2.439940929412842
Pointerpos: 
(0.989 -0.028 0.147 0.000
 0.027 1.000 0.008 0.000
 -0.147 -0.004 0.989 0.000
 0.000 0.000 0.000 1.000)
Target Pos: 
(0.989 -0.028 0.147 0.000
 0.027 1.000 0.008 0.000
 -0.147 -0.004 0.989 0.000
 0.000 0.000 0.000 1.000)


TimeStamp: 2.4566428661346436
Pointerpos: 
(0.989 -0.028 0.147 0.000
 0.027 1.000 0.008 0.000
 -0.147 -0.004 0.989 0.000
 0.000 0.000 0.000 1.000)
Target Pos: 
(0.989 -0.028 0.147 0.000
 0.027 1.000 0.008 0.000
 -0.147 -0.004 0.989 0.000
 0.000 0.000 0.000 1.000)


TimeStamp: 2.4733128547668457
Pointerpos: 
(0.989 -0.028 0.147 0.000
 0.027 1.000 0.008 0.000
 -0.147 -0.004 0.989 0.000
 0.000 0.000 0.000 1.000)
Target Pos: 
(0.989 -0.028 0.147 0.000
 0.027 1.000 0.008 0.000
 -0.147 -0.004 0.989 0.000
 0.000 0.000 0.000 1.000)


TimeStamp: 2.4899890422821045
Pointerpos: 
(0.989 -0.028 0.147 0.000
 0.027 1.000 0.008 0.000
 -0.147 -0.004 0.989 0.000
 0.000 0.000 0.000 1.000)
Target Pos: 
(0.989 -0.028 0.147 0.000
 0.027 1.000 0.008 0.000
 -0.147 -0.004 0.989 0.000
 0.000 0.000 0.000 1.000)


TimeStamp: 2.506661891937256
Pointerpos: 
(0.989 -0.028 0.147 0.000
 0.027 1.000 0.008 0.000
 -0.147 -0.004 0.989 0.000
 0.000 0.000 0.000 1.000)
Target Pos: 
(0.989 -0.028 0.147 0.000
 0.027 1.000 0.008 0.000
 -0.147 -0.004 0.989 0.000
 0.000 0.000 0.000 1.000)


TimeStamp: 2.523340940475464
Pointerpos: 
(0.989 -0.028 0.147 0.000
 0.027 1.000 0.008 0.000
 -0.147 -0.004 0.989 0.000
 0.000 0.000 0.000 1.000)
Target Pos: 
(0.989 -0.028 0.147 0.000
 0.027 1.000 0.008 0.000
 -0.147 -0.004 0.989 0.000
 0.000 0.000 0.000 1.000)


TimeStamp: 2.540031909942627
Pointerpos: 
(0.989 -0.028 0.147 0.000
 0.027 1.000 0.008 0.000
 -0.147 -0.004 0.989 0.000
 0.000 0.000 0.000 1.000)
Target Pos: 
(0.989 -0.028 0.147 0.000
 0.027 1.000 0.008 0.000
 -0.147 -0.004 0.989 0.000
 0.000 0.000 0.000 1.000)


TimeStamp: 2.5566840171813965
Pointerpos: 
(0.989 -0.028 0.147 0.000
 0.027 1.000 0.008 0.000
 -0.147 -0.004 0.989 0.000
 0.000 0.000 0.000 1.000)
Target Pos: 
(0.989 -0.028 0.147 0.000
 0.027 1.000 0.008 0.000
 -0.147 -0.004 0.989 0.000
 0.000 0.000 0.000 1.000)


TimeStamp: 2.5733609199523926
Pointerpos: 
(0.989 -0.028 0.147 0.000
 0.027 1.000 0.008 0.000
 -0.147 -0.004 0.989 0.000
 0.000 0.000 0.000 1.000)
Target Pos: 
(0.989 -0.028 0.147 0.000
 0.027 1.000 0.008 0.000
 -0.147 -0.004 0.989 0.000
 0.000 0.000 0.000 1.000)


TimeStamp: 2.5900020599365234
Pointerpos: 
(0.989 -0.028 0.147 0.000
 0.027 1.000 0.008 0.000
 -0.147 -0.004 0.989 0.000
 0.000 0.000 0.000 1.000)
Target Pos: 
(0.989 -0.028 0.147 0.000
 0.027 1.000 0.008 0.000
 -0.147 -0.004 0.989 0.000
 0.000 0.000 0.000 1.000)


TimeStamp: 2.6066930294036865
Pointerpos: 
(0.989 -0.028 0.147 0.000
 0.027 1.000 0.008 0.000
 -0.147 -0.004 0.989 0.000
 0.000 0.000 0.000 1.000)
Target Pos: 
(0.989 -0.028 0.147 0.000
 0.027 1.000 0.008 0.000
 -0.147 -0.004 0.989 0.000
 0.000 0.000 0.000 1.000)


TimeStamp: 2.62339186668396
Pointerpos: 
(0.989 -0.028 0.147 0.000
 0.027 1.000 0.008 0.000
 -0.147 -0.004 0.989 0.000
 0.000 0.000 0.000 1.000)
Target Pos: 
(0.989 -0.028 0.147 0.000
 0.027 1.000 0.008 0.000
 -0.147 -0.004 0.989 0.000
 0.000 0.000 0.000 1.000)


TimeStamp: 2.640038013458252
Pointerpos: 
(0.989 -0.028 0.147 0.000
 0.027 1.000 0.008 0.000
 -0.147 -0.004 0.989 0.000
 0.000 0.000 0.000 1.000)
Target Pos: 
(0.989 -0.028 0.147 0.000
 0.027 1.000 0.008 0.000
 -0.147 -0.004 0.989 0.000
 0.000 0.000 0.000 1.000)


TimeStamp: 2.656728982925415
Pointerpos: 
(0.989 -0.028 0.147 0.000
 0.027 1.000 0.008 0.000
 -0.147 -0.004 0.989 0.000
 0.000 0.000 0.000 1.000)
Target Pos: 
(0.989 -0.028 0.147 0.000
 0.027 1.000 0.008 0.000
 -0.147 -0.004 0.989 0.000
 0.000 0.000 0.000 1.000)


TimeStamp: 2.6734070777893066
Pointerpos: 
(0.989 -0.028 0.147 0.000
 0.027 1.000 0.008 0.000
 -0.147 -0.004 0.989 0.000
 0.000 0.000 0.000 1.000)
Target Pos: 
(0.989 -0.028 0.147 0.000
 0.027 1.000 0.008 0.000
 -0.147 -0.004 0.989 0.000
 0.000 0.000 0.000 1.000)


TimeStamp: 2.6900858879089355
Pointerpos: 
(0.989 -0.028 0.147 0.000
 0.027 1.000 0.008 0.000
 -0.147 -0.004 0.989 0.000
 0.000 0.000 0.000 1.000)
Target Pos: 
(0.989 -0.028 0.147 0.000
 0.027 1.000 0.008 0.000
 -0.147 -0.004 0.989 0.000
 0.000 0.000 0.000 1.000)


TimeStamp: 2.7067339420318604
Pointerpos: 
(0.989 -0.028 0.147 0.000
 0.027 1.000 0.008 0.000
 -0.147 -0.004 0.989 0.000
 0.000 0.000 0.000 1.000)
Target Pos: 
(0.989 -0.028 0.147 0.000
 0.027 1.000 0.008 0.000
 -0.147 -0.004 0.989 0.000
 0.000 0.000 0.000 1.000)


TimeStamp: 2.7234089374542236
Pointerpos: 
(0.989 -0.028 0.147 0.000
 0.027 1.000 0.008 0.000
 -0.147 -0.004 0.989 0.000
 0.000 0.000 0.000 1.000)
Target Pos: 
(0.989 -0.028 0.147 0.000
 0.027 1.000 0.008 0.000
 -0.147 -0.004 0.989 0.000
 0.000 0.000 0.000 1.000)


TimeStamp: 2.740100860595703
Pointerpos: 
(0.989 -0.028 0.147 0.000
 0.027 1.000 0.008 0.000
 -0.147 -0.004 0.989 0.000
 0.000 0.000 0.000 1.000)
Target Pos: 
(0.989 -0.028 0.147 0.000
 0.027 1.000 0.008 0.000
 -0.147 -0.004 0.989 0.000
 0.000 0.000 0.000 1.000)


TimeStamp: 2.756830930709839
Pointerpos: 
(0.989 -0.028 0.147 0.000
 0.027 1.000 0.008 0.000
 -0.147 -0.004 0.989 0.000
