TimeStamp: 0.03900408744812012
Pointerpos: 
(0.924 0.344 -0.164 0.000
 -0.359 0.931 -0.069 0.000
 0.129 0.123 0.984 0.000
 0.000 0.000 0.000 1.000)
Target Pos: 
(0.924 0.344 -0.164 0.000
 -0.359 0.931 -0.069 0.000
 0.129 0.123 0.984 0.000
 0.000 0.000 0.000 1.000)


TimeStamp: 0.2468881607055664
Pointerpos: 
(0.932 0.330 -0.151 0.000
 -0.339 0.940 -0.036 0.000
 0.130 0.084 0.988 0.000
 0.000 0.000 0.000 1.000)
Target Pos: 
(0.932 0.330 -0.151 0.000
 -0.339 0.940 -0.036 0.000
 0.130 0.084 0.988 0.000
 0.000 0.000 0.000 1.000)


TimeStamp: 0.26333022117614746
Pointerpos: 
(0.934 0.325 -0.150 0.000
 -0.334 0.942 -0.036 0.000
 0.130 0.084 0.988 0.000
 0.000 0.000 0.000 1.000)
Target Pos: 
(0.934 0.325 -0.150 0.000
 -0.334 0.942 -0.036 0.000
 0.130 0.084 0.988 0.000
 0.000 0.000 0.000 1.000)


TimeStamp: 0.28010106086730957
Pointerpos: 
(0.935 0.322 -0.151 0.000
 -0.330 0.943 -0.036 0.000
 0.131 0.083 0.988 0.000
 0.000 0.000 0.000 1.000)
Target Pos: 
(0.935 0.322 -0.151 0.000
 -0.330 0.943 -0.036 0.000
 0.131 0.083 0.988 0.000
 0.000 0.000 0.000 1.000)


TimeStamp: 0.2964591979980469
Pointerpos: 
(0.935 0.319 -0.152 0.000
 -0.328 0.944 -0.037 0.000
 0.132 0.085 0.988 0.000
 0.000 0.000 0.000 1.000)
Target Pos: 
(0.935 0.319 -0.152 0.000
 -0.328 0.944 -0.037 0.000
 0.132 0.085 0.988 0.000
 0.000 0.000 0.000 1.000)


TimeStamp: 0.3134760856628418
Pointerpos: 
(0.935 0.318 -0.155 0.000
 -0.327 0.944 -0.037 0.000
 0.135 0.085 0.987 0.000
 0.000 0.000 0.000 1.000)
Target Pos: 
(0.935 0.318 -0.155 0.000
 -0.327 0.944 -0.037 0.000
 0.135 0.085 0.987 0.000
 0.000 0.000 0.000 1.000)


TimeStamp: 0.32978105545043945
Pointerpos: 
(0.936 0.316 -0.157 0.000
 -0.325 0.945 -0.038 0.000
 0.136 0.086 0.987 0.000
 0.000 0.000 0.000 1.000)
Target Pos: 
(0.936 0.316 -0.157 0.000
 -0.325 0.945 -0.038 0.000
 0.136 0.086 0.987 0.000
 0.000 0.000 0.000 1.000)


TimeStamp: 0.3464992046356201
Pointerpos: 
(0.936 0.315 -0.159 0.000
 -0.324 0.945 -0.036 0.000
 0.139 0.086 0.987 0.000
 0.000 0.000 0.000 1.000)
Target Pos: 
(0.936 0.315 -0.159 0.000
 -0.324 0.945 -0.036 0.000
 0.139 0.086 0.987 0.000
 0.000 0.000 0.000 1.000)


TimeStamp: 0.3631601333618164
Pointerpos: 
(0.936 0.313 -0.162 0.000
 -0.322 0.946 -0.034 0.000
 0.143 0.084 0.986 0.000
 0.000 0.000 0.000 1.000)
Target Pos: 
(0.936 0.313 -0.162 0.000
 -0.322 0.946 -0.034 0.000
 0.143 0.084 0.986 0.000
 0.000 0.000 0.000 1.000)


TimeStamp: 0.37983202934265137
Pointerpos: 
(0.936 0.310 -0.164 0.000
 -0.319 0.947 -0.033 0.000
 0.145 0.083 0.986 0.000
 0.000 0.000 0.000 1.000)
Target Pos: 
(0.936 0.310 -0.164 0.000
 -0.319 0.947 -0.033 0.000
 0.145 0.083 0.986 0.000
 0.000 0.000 0.000 1.000)


TimeStamp: 0.3963441848754883
Pointerpos: 
(0.937 0.308 -0.165 0.000
 -0.317 0.948 -0.034 0.000
 0.146 0.084 0.986 0.000
 0.000 0.000 0.000 1.000)
Target Pos: 
(0.937 0.308 -0.165 0.000
 -0.317 0.948 -0.034 0.000
 0.146 0.084 0.986 0.000
 0.000 0.000 0.000 1.000)


TimeStamp: 0.4131040573120117
Pointerpos: 
(0.938 0.304 -0.166 0.000
 -0.313 0.949 -0.035 0.000
 0.147 0.085 0.986 0.000
 0.000 0.000 0.000 1.000)
Target Pos: 
(0.938 0.304 -0.166 0.000
 -0.313 0.949 -0.035 0.000
 0.147 0.085 0.986 0.000
 0.000 0.000 0.000 1.000)


TimeStamp: 0.4298691749572754
Pointerpos: 
(0.939 0.300 -0.166 0.000
 -0.310 0.950 -0.036 0.000
 0.147 0.086 0.985 0.000
 0.000 0.000 0.000 1.000)
Target Pos: 
(0.939 0.300 -0.166 0.000
 -0.310 0.950 -0.036 0.000
 0.147 0.086 0.985 0.000
 0.000 0.000 0.000 1.000)


TimeStamp: 0.44655513763427734
Pointerpos: 
(0.940 0.297 -0.167 0.000
 -0.307 0.951 -0.039 0.000
 0.147 0.088 0.985 0.000
 0.000 0.000 0.000 1.000)
Target Pos: 
(0.940 0.297 -0.167 0.000
 -0.307 0.951 -0.039 0.000
 0.147 0.088 0.985 0.000
 0.000 0.000 0.000 1.000)


TimeStamp: 0.4635801315307617
Pointerpos: 
(0.942 0.289 -0.168 0.000
 -0.300 0.953 -0.043 0.000
 0.148 0.090 0.985 0.000
 0.000 0.000 0.000 1.000)
Target Pos: 
(0.942 0.289 -0.168 0.000
 -0.300 0.953 -0.043 0.000
 0.148 0.090 0.985 0.000
 0.000 0.000 0.000 1.000)


TimeStamp: 0.4801959991455078
Pointerpos: 
(0.943 0.287 -0.168 0.000
 -0.298 0.954 -0.043 0.000
 0.148 0.090 0.985 0.000
 0.000 0.000 0.000 1.000)
Target Pos: 
(0.943 0.287 -0.168 0.000
 -0.298 0.954 -0.043 0.000
 0.148 0.090 0.985 0.000
 0.000 0.000 0.000 1.000)


TimeStamp: 0.4968891143798828
Pointerpos: 
(0.944 0.285 -0.166 0.000
 -0.296 0.954 -0.044 0.000
 0.146 0.091 0.985 0.000
 0.000 0.000 0.000 1.000)
Target Pos: 
(0.944 0.285 -0.166 0.000
 -0.296 0.954 -0.044 0.000
 0.146 0.091 0.985 0.000
 0.000 0.000 0.000 1.000)


TimeStamp: 0.5135800838470459
Pointerpos: 
(0.945 0.284 -0.163 0.000
 -0.295 0.954 -0.046 0.000
 0.143 0.091 0.985 0.000
 0.000 0.000 0.000 1.000)
Target Pos: 
(0.945 0.284 -0.163 0.000
 -0.295 0.954 -0.046 0.000
 0.143 0.091 0.985 0.000
 0.000 0.000 0.000 1.000)


TimeStamp: 0.5302572250366211
Pointerpos: 
(0.947 0.281 -0.154 0.000
 -0.292 0.955 -0.052 0.000
 0.133 0.095 0.987 0.000
 0.000 0.000 0.000 1.000)
Target Pos: 
(0.947 0.281 -0.154 0.000
 -0.292 0.955 -0.052 0.000
 0.133 0.095 0.987 0.000
 0.000 0.000 0.000 1.000)


TimeStamp: 0.5469460487365723
Pointerpos: 
(0.949 0.279 -0.145 0.000
 -0.290 0.956 -0.056 0.000
 0.123 0.095 0.988 0.000
 0.000 0.000 0.000 1.000)
Target Pos: 
(0.949 0.279 -0.145 0.000
 -0.290 0.956 -0.056 0.000
 0.123 0.095 0.988 0.000
 0.000 0.000 0.000 1.000)


TimeStamp: 0.5636370182037354
Pointerpos: 
(0.951 0.276 -0.139 0.000
 -0.286 0.956 -0.060 0.000
 0.116 0.097 0.988 0.000
 0.000 0.000 0.000 1.000)
Target Pos: 
(0.951 0.276 -0.139 0.000
 -0.286 0.956 -0.060 0.000
 0.116 0.097 0.988 0.000
 0.000 0.000 0.000 1.000)


TimeStamp: 0.580329179763794
Pointerpos: 
(0.953 0.273 -0.133 0.000
 -0.284 0.957 -0.066 0.000
 0.109 0.101 0.989 0.000
 0.000 0.000 0.000 1.000)
Target Pos: 
(0.953 0.273 -0.133 0.000
 -0.284 0.957 -0.066 0.000
 0.109 0.101 0.989 0.000
 0.000 0.000 0.000 1.000)


TimeStamp: 0.597102165222168
Pointerpos: 
(0.954 0.273 -0.127 0.000
 -0.284 0.956 -0.073 0.000
 0.101 0.105 0.989 0.000
 0.000 0.000 0.000 1.000)
Target Pos: 
(0.954 0.273 -0.127 0.000
 -0.284 0.956 -0.073 0.000
 0.101 0.105 0.989 0.000
 0.000 0.000 0.000 1.000)


TimeStamp: 0.6136860847473145
Pointerpos: 
(0.954 0.274 -0.123 0.000
 -0.284 0.956 -0.076 0.000
 0.097 0.107 0.989 0.000
 0.000 0.000 0.000 1.000)
Target Pos: 
(0.954 0.274 -0.123 0.000
 -0.284 0.956 -0.076 0.000
 0.097 0.107 0.989 0.000
 0.000 0.000 0.000 1.000)


TimeStamp: 0.6303830146789551
Pointerpos: 
(0.953 0.277 -0.120 0.000
 -0.287 0.955 -0.077 0.000
 0.093 0.107 0.990 0.000
 0.000 0.000 0.000 1.000)
Target Pos: 
(0.953 0.277 -0.120 0.000
 -0.287 0.955 -0.077 0.000
 0.093 0.107 0.990 0.000
 0.000 0.000 0.000 1.000)


TimeStamp: 0.6470761299133301
Pointerpos: 
(0.954 0.276 -0.115 0.000
 -0.285 0.955 -0.081 0.000
 0.087 0.110 0.990 0.000
 0.000 0.000 0.000 1.000)
Target Pos: 
(0.954 0.276 -0.115 0.000
 -0.285 0.955 -0.081 0.000
 0.087 0.110 0.990 0.000
 0.000 0.000 0.000 1.000)


TimeStamp: 0.6637980937957764
Pointerpos: 
(0.955 0.276 -0.110 0.000
 -0.285 0.955 -0.081 0.000
 0.083 0.109 0.991 0.000
 0.000 0.000 0.000 1.000)
Target Pos: 
(0.955 0.276 -0.110 0.000
 -0.285 0.955 -0.081 0.000
 0.083 0.109 0.991 0.000
 0.000 0.000 0.000 1.000)


TimeStamp: 0.6804180145263672
Pointerpos: 
(0.956 0.275 -0.103 0.000
 -0.284 0.955 -0.084 0.000
 0.075 0.110 0.991 0.000
 0.000 0.000 0.000 1.000)
Target Pos: 
(0.956 0.275 -0.103 0.000
 -0.284 0.955 -0.084 0.000
 0.075 0.110 0.991 0.000
 0.000 0.000 0.000 1.000)


TimeStamp: 0.6994709968566895
Pointerpos: 
(0.958 0.272 -0.092 0.000
 -0.280 0.956 -0.085 0.000
 0.065 0.108 0.992 0.000
 0.000 0.000 0.000 1.000)
Target Pos: 
(0.958 0.272 -0.092 0.000
 -0.280 0.956 -0.085 0.000
 0.065 0.108 0.992 0.000
 0.000 0.000 0.000 1.000)


TimeStamp: 0.7163150310516357
Pointerpos: 
(0.960 0.269 -0.085 0.000
 -0.276 0.957 -0.090 0.000
 0.057 0.109 0.992 0.000
 0.000 0.000 0.000 1.000)
Target Pos: 
(0.960 0.269 -0.085 0.000
 -0.276 0.957 -0.090 0.000
 0.057 0.109 0.992 0.000
 0.000 0.000 0.000 1.000)


TimeStamp: 0.7329990863800049
Pointerpos: 
(0.961 0.265 -0.080 0.000
 -0.272 0.958 -0.092 0.000
 0.052 0.110 0.993 0.000
 0.000 0.000 0.000 1.000)
Target Pos: 
(0.961 0.265 -0.080 0.000
 -0.272 0.958 -0.092 0.000
 0.052 0.110 0.993 0.000
 0.000 0.000 0.000 1.000)


TimeStamp: 0.7496640682220459
Pointerpos: 
(0.962 0.261 -0.073 0.000
 -0.267 0.959 -0.095 0.000
 0.045 0.111 0.993 0.000
 0.000 0.000 0.000 1.000)
Target Pos: 
(0.962 0.261 -0.073 0.000
 -0.267 0.959 -0.095 0.000
 0.045 0.111 0.993 0.000
 0.000 0.000 0.000 1.000)


TimeStamp: 0.7673590183258057
Pointerpos: 
(0.964 0.259 -0.066 0.000
 -0.264 0.960 -0.095 0.000
 0.039 0.109 0.993 0.000
 0.000 0.000 0.000 1.000)
Target Pos: 
(0.964 0.259 -0.066 0.000
 -0.264 0.960 -0.095 0.000
 0.039 0.109 0.993 0.000
 0.000 0.000 0.000 1.000)


TimeStamp: 0.7833092212677002
Pointerpos: 
(0.964 0.260 -0.062 0.000
 -0.264 0.960 -0.092 0.000
 0.036 0.105 0.994 0.000
 0.000 0.000 0.000 1.000)
Target Pos: 
(0.964 0.260 -0.062 0.000
 -0.264 0.960 -0.092 0.000
 0.036 0.105 0.994 0.000
 0.000 0.000 0.000 1.000)


TimeStamp: 0.8000152111053467
Pointerpos: 
(0.964 0.260 -0.057 0.000
 -0.264 0.960 -0.090 0.000
 0.031 0.102 0.994 0.000
 0.000 0.000 0.000 1.000)
Target Pos: 
(0.964 0.260 -0.057 0.000
 -0.264 0.960 -0.090 0.000
 0.031 0.102 0.994 0.000
 0.000 0.000 0.000 1.000)


TimeStamp: 0.8166730403900146
Pointerpos: 
(0.965 0.259 -0.046 0.000
 -0.262 0.961 -0.088 0.000
 0.021 0.097 0.995 0.000
 0.000 0.000 0.000 1.000)
Target Pos: 
(0.965 0.259 -0.046 0.000
 -0.262 0.961 -0.088 0.000
 0.021 0.097 0.995 0.000
 0.000 0.000 0.000 1.000)


TimeStamp: 0.8332700729370117
Pointerpos: 
(0.965 0.259 -0.039 0.000
 -0.262 0.961 -0.087 0.000
 0.015 0.094 0.995 0.000
 0.000 0.000 0.000 1.000)
Target Pos: 
(0.965 0.259 -0.039 0.000
 -0.262 0.961 -0.087 0.000
 0.015 0.094 0.995 0.000
 0.000 0.000 0.000 1.000)


TimeStamp: 0.850121021270752
Pointerpos: 
(0.965 0.259 -0.031 0.000
 -0.260 0.962 -0.086 0.000
 0.007 0.091 0.996 0.000
 0.000 0.000 0.000 1.000)
Target Pos: 
(0.965 0.259 -0.031 0.000
 -0.260 0.962 -0.086 0.000
 0.007 0.091 0.996 0.000
 0.000 0.000 0.000 1.000)


TimeStamp: 0.8667891025543213
Pointerpos: 
(0.966 0.256 -0.020 0.000
 -0.257 0.962 -0.090 0.000
 -0.004 0.092 0.996 0.000
 0.000 0.000 0.000 1.000)
Target Pos: 
(0.966 0.256 -0.020 0.000
 -0.257 0.962 -0.090 0.000
 -0.004 0.092 0.996 0.000
 0.000 0.000 0.000 1.000)


TimeStamp: 0.8835041522979736
Pointerpos: 
(0.967 0.255 -0.012 0.000
 -0.255 0.962 -0.094 0.000
 -0.012 0.094 0.995 0.000
 0.000 0.000 0.000 1.000)
Target Pos: 
(0.967 0.255 -0.012 0.000
 -0.255 0.962 -0.094 0.000
 -0.012 0.094 0.995 0.000
 0.000 0.000 0.000 1.000)


TimeStamp: 0.9001100063323975
Pointerpos: 
(0.967 0.254 0.002 0.000
 -0.253 0.962 -0.101 0.000
 -0.027 0.097 0.995 0.000
 0.000 0.000 0.000 1.000)
Target Pos: 
(0.967 0.254 0.002 0.000
 -0.253 0.962 -0.101 0.000
 -0.027 0.097 0.995 0.000
 0.000 0.000 0.000 1.000)


TimeStamp: 0.9167740345001221
Pointerpos: 
(0.967 0.255 0.007 0.000
 -0.253 0.962 -0.103 0.000
 -0.033 0.098 0.995 0.000
 0.000 0.000 0.000 1.000)
Target Pos: 
(0.967 0.255 0.007 0.000
 -0.253 0.962 -0.103 0.000
 -0.033 0.098 0.995 0.000
 0.000 0.000 0.000 1.000)


TimeStamp: 0.9334390163421631
Pointerpos: 
(0.967 0.256 0.013 0.000
 -0.253 0.962 -0.105 0.000
 -0.040 0.098 0.994 0.000
 0.000 0.000 0.000 1.000)
Target Pos: 
(0.967 0.256 0.013 0.000
 -0.253 0.962 -0.105 0.000
 -0.040 0.098 0.994 0.000
 0.000 0.000 0.000 1.000)


TimeStamp: 0.9501240253448486
Pointerpos: 
(0.966 0.256 0.026 0.000
 -0.251 0.962 -0.109 0.000
 -0.053 0.099 0.994 0.000
 0.000 0.000 0.000 1.000)
Target Pos: 
(0.966 0.256 0.026 0.000
 -0.251 0.962 -0.109 0.000
 -0.053 0.099 0.994 0.000
 0.000 0.000 0.000 1.000)


TimeStamp: 0.9668281078338623
Pointerpos: 
(0.967 0.253 0.036 0.000
 -0.248 0.963 -0.109 0.000
 -0.062 0.097 0.993 0.000
 0.000 0.000 0.000 1.000)
Target Pos: 
(0.967 0.253 0.036 0.000
 -0.248 0.963 -0.109 0.000
 -0.062 0.097 0.993 0.000
 0.000 0.000 0.000 1.000)


TimeStamp: 0.9833941459655762
Pointerpos: 
(0.967 0.249 0.047 0.000
 -0.243 0.964 -0.111 0.000
 -0.073 0.096 0.993 0.000
 0.000 0.000 0.000 1.000)
Target Pos: 
(0.967 0.249 0.047 0.000
 -0.243 0.964 -0.111 0.000
 -0.073 0.096 0.993 0.000
 0.000 0.000 0.000 1.000)


TimeStamp: 1.000068187713623
Pointerpos: 
(0.967 0.247 0.060 0.000
 -0.239 0.964 -0.115 0.000
 -0.086 0.097 0.992 0.000
 0.000 0.000 0.000 1.000)
Target Pos: 
(0.967 0.247 0.060 0.000
 -0.239 0.964 -0.115 0.000
 -0.086 0.097 0.992 0.000
 0.000 0.000 0.000 1.000)


TimeStamp: 1.016752004623413
Pointerpos: 
(0.967 0.245 0.070 0.000
 -0.236 0.965 -0.117 0.000
 -0.096 0.096 0.991 0.000
 0.000 0.000 0.000 1.000)
Target Pos: 
(0.967 0.245 0.070 0.000
 -0.236 0.965 -0.117 0.000
 -0.096 0.096 0.991 0.000
 0.000 0.000 0.000 1.000)


TimeStamp: 1.033478021621704
Pointerpos: 
(0.967 0.242 0.079 0.000
 -0.232 0.965 -0.121 0.000
 -0.106 0.098 0.990 0.000
 0.000 0.000 0.000 1.000)
Target Pos: 
(0.967 0.242 0.079 0.000
 -0.232 0.965 -0.121 0.000
 -0.106 0.098 0.990 0.000
 0.000 0.000 0.000 1.000)


TimeStamp: 1.0502431392669678
Pointerpos: 
(0.967 0.238 0.092 0.000
 -0.225 0.966 -0.127 0.000
 -0.119 0.102 0.988 0.000
 0.000 0.000 0.000 1.000)
Target Pos: 
(0.967 0.238 0.092 0.000
 -0.225 0.966 -0.127 0.000
 -0.119 0.102 0.988 0.000
 0.000 0.000 0.000 1.000)


TimeStamp: 1.0668070316314697
Pointerpos: 
(0.967 0.235 0.099 0.000
 -0.222 0.966 -0.131 0.000
 -0.126 0.105 0.986 0.000
 0.000 0.000 0.000 1.000)
Target Pos: 
(0.967 0.235 0.099 0.000
 -0.222 0.966 -0.131 0.000
 -0.126 0.105 0.986 0.000
 0.000 0.000 0.000 1.000)


TimeStamp: 1.0835142135620117
Pointerpos: 
(0.966 0.234 0.106 0.000
 -0.220 0.966 -0.133 0.000
 -0.133 0.105 0.986 0.000
 0.000 0.000 0.000 1.000)
Target Pos: 
(0.966 0.234 0.106 0.000
 -0.220 0.966 -0.133 0.000
 -0.133 0.105 0.986 0.000
 0.000 0.000 0.000 1.000)


TimeStamp: 1.1001741886138916
Pointerpos: 
(0.965 0.237 0.115 0.000
 -0.221 0.966 -0.136 0.000
 -0.143 0.106 0.984 0.000
 0.000 0.000 0.000 1.000)
Target Pos: 
(0.965 0.237 0.115 0.000
 -0.221 0.966 -0.136 0.000
 -0.143 0.106 0.984 0.000
 0.000 0.000 0.000 1.000)


TimeStamp: 1.1168482303619385
Pointerpos: 
(0.963 0.238 0.122 0.000
 -0.221 0.966 -0.137 0.000
 -0.151 0.105 0.983 0.000
 0.000 0.000 0.000 1.000)
Target Pos: 
(0.963 0.238 0.122 0.000
 -0.221 0.966 -0.137 0.000
 -0.151 0.105 0.983 0.000
 0.000 0.000 0.000 1.000)


TimeStamp: 1.1335320472717285
Pointerpos: 
(0.960 0.239 0.143 0.000
 -0.219 0.965 -0.141 0.000
 -0.172 0.104 0.980 0.000
 0.000 0.000 0.000 1.000)
Target Pos: 
(0.960 0.239 0.143 0.000
 -0.219 0.965 -0.141 0.000
 -0.172 0.104 0.980 0.000
 0.000 0.000 0.000 1.000)


TimeStamp: 1.1501741409301758
Pointerpos: 
(0.959 0.238 0.152 0.000
 -0.217 0.966 -0.143 0.000
 -0.181 0.104 0.978 0.000
 0.000 0.000 0.000 1.000)
Target Pos: 
(0.959 0.238 0.152 0.000
 -0.217 0.966 -0.143 0.000
 -0.181 0.104 0.978 0.000
 0.000 0.000 0.000 1.000)


TimeStamp: 1.1668541431427002
Pointerpos: 
(0.958 0.237 0.162 0.000
 -0.215 0.966 -0.144 0.000
 -0.190 0.103 0.976 0.000
 0.000 0.000 0.000 1.000)
Target Pos: 
(0.958 0.237 0.162 0.000
 -0.215 0.966 -0.144 0.000
 -0.190 0.103 0.976 0.000
 0.000 0.000 0.000 1.000)


TimeStamp: 1.1835300922393799
Pointerpos: 
(0.956 0.236 0.175 0.000
 -0.211 0.966 -0.147 0.000
 -0.204 0.103 0.974 0.000
 0.000 0.000 0.000 1.000)
Target Pos: 
(0.956 0.236 0.175 0.000
 -0.211 0.966 -0.147 0.000
 -0.204 0.103 0.974 0.000
 0.000 0.000 0.000 1.000)


TimeStamp: 1.200206995010376
Pointerpos: 
(0.955 0.234 0.184 0.000
 -0.209 0.967 -0.148 0.000
 -0.212 0.103 0.972 0.000
 0.000 0.000 0.000 1.000)
Target Pos: 
(0.955 0.234 0.184 0.000
 -0.209 0.967 -0.148 0.000
 -0.212 0.103 0.972 0.000
 0.000 0.000 0.000 1.000)


TimeStamp: 1.216886043548584
Pointerpos: 
(0.954 0.231 0.192 0.000
 -0.205 0.968 -0.149 0.000
 -0.220 0.103 0.970 0.000
 0.000 0.000 0.000 1.000)
Target Pos: 
(0.954 0.231 0.192 0.000
 -0.205 0.968 -0.149 0.000
 -0.220 0.103 0.970 0.000
 0.000 0.000 0.000 1.000)


TimeStamp: 1.2335631847381592
Pointerpos: 
(0.953 0.226 0.203 0.000
 -0.198 0.969 -0.150 0.000
 -0.231 0.102 0.968 0.000
 0.000 0.000 0.000 1.000)
Target Pos: 
(0.953 0.226 0.203 0.000
 -0.198 0.969 -0.150 0.000
 -0.231 0.102 0.968 0.000
 0.000 0.000 0.000 1.000)


TimeStamp: 1.2502810955047607
Pointerpos: 
(0.952 0.223 0.210 0.000
 -0.194 0.969 -0.151 0.000
 -0.237 0.103 0.966 0.000
 0.000 0.000 0.000 1.000)
Target Pos: 
(0.952 0.223 0.210 0.000
 -0.194 0.969 -0.151 0.000
 -0.237 0.103 0.966 0.000
 0.000 0.000 0.000 1.000)


TimeStamp: 1.2669520378112793
Pointerpos: 
(0.951 0.223 0.216 0.000
 -0.192 0.969 -0.153 0.000
 -0.243 0.104 0.964 0.000
 0.000 0.000 0.000 1.000)
Target Pos: 
(0.951 0.223 0.216 0.000
 -0.192 0.969 -0.153 0.000
 -0.243 0.104 0.964 0.000
 0.000 0.000 0.000 1.000)


TimeStamp: 1.2836291790008545
Pointerpos: 
(0.948 0.228 0.222 0.000
 -0.196 0.968 -0.156 0.000
 -0.251 0.104 0.962 0.000
 0.000 0.000 0.000 1.000)
Target Pos: 
(0.948 0.228 0.222 0.000
 -0.196 0.968 -0.156 0.000
 -0.251 0.104 0.962 0.000
 0.000 0.000 0.000 1.000)


TimeStamp: 1.3003051280975342
Pointerpos: 
(0.946 0.230 0.227 0.000
 -0.198 0.968 -0.157 0.000
 -0.255 0.104 0.961 0.000
 0.000 0.000 0.000 1.000)
Target Pos: 
(0.946 0.230 0.227 0.000
 -0.198 0.968 -0.157 0.000
 -0.255 0.104 0.961 0.000
 0.000 0.000 0.000 1.000)


TimeStamp: 1.3169851303100586
Pointerpos: 
(0.945 0.233 0.231 0.000
 -0.200 0.967 -0.158 0.000
 -0.260 0.103 0.960 0.000
 0.000 0.000 0.000 1.000)
Target Pos: 
(0.945 0.233 0.231 0.000
 -0.200 0.967 -0.158 0.000
 -0.260 0.103 0.960 0.000
 0.000 0.000 0.000 1.000)


TimeStamp: 1.3336641788482666
Pointerpos: 
(0.944 0.232 0.236 0.000
 -0.199 0.968 -0.157 0.000
 -0.265 0.101 0.959 0.000
 0.000 0.000 0.000 1.000)
Target Pos: 
(0.944 0.232 0.236 0.000
 -0.199 0.968 -0.157 0.000
 -0.265 0.101 0.959 0.000
 0.000 0.000 0.000 1.000)


TimeStamp: 1.3503351211547852
Pointerpos: 
(0.944 0.229 0.239 0.000
 -0.196 0.968 -0.157 0.000
 -0.267 0.101 0.958 0.000
 0.000 0.000 0.000 1.000)
Target Pos: 
(0.944 0.229 0.239 0.000
 -0.196 0.968 -0.157 0.000
 -0.267 0.101 0.958 0.000
 0.000 0.000 0.000 1.000)


TimeStamp: 1.3670110702514648
Pointerpos: 
(0.944 0.225 0.242 0.000
 -0.191 0.969 -0.156 0.000
 -0.269 0.101 0.958 0.000
 0.000 0.000 0.000 1.000)
Target Pos: 
(0.944 0.225 0.242 0.000
 -0.191 0.969 -0.156 0.000
 -0.269 0.101 0.958 0.000
 0.000 0.000 0.000 1.000)


TimeStamp: 1.3836920261383057
Pointerpos: 
(0.943 0.218 0.250 0.000
 -0.183 0.971 -0.157 0.000
 -0.277 0.102 0.955 0.000
 0.000 0.000 0.000 1.000)
Target Pos: 
(0.943 0.218 0.250 0.000
 -0.183 0.971 -0.157 0.000
 -0.277 0.102 0.955 0.000
 0.000 0.000 0.000 1.000)


TimeStamp: 1.4003691673278809
Pointerpos: 
(0.943 0.215 0.256 0.000
 -0.179 0.971 -0.157 0.000
 -0.282 0.103 0.954 0.000
 0.000 0.000 0.000 1.000)
Target Pos: 
(0.943 0.215 0.256 0.000
 -0.179 0.971 -0.157 0.000
 -0.282 0.103 0.954 0.000
 0.000 0.000 0.000 1.000)


TimeStamp: 1.417046070098877
Pointerpos: 
(0.942 0.214 0.259 0.000
 -0.176 0.971 -0.160 0.000
 -0.286 0.105 0.952 0.000
 0.000 0.000 0.000 1.000)
Target Pos: 
(0.942 0.214 0.259 0.000
 -0.176 0.971 -0.160 0.000
 -0.286 0.105 0.952 0.000
 0.000 0.000 0.000 1.000)


TimeStamp: 1.4337220191955566
Pointerpos: 
(0.941 0.214 0.261 0.000
 -0.176 0.971 -0.161 0.000
 -0.287 0.105 0.952 0.000
 0.000 0.000 0.000 1.000)
Target Pos: 
(0.941 0.214 0.261 0.000
 -0.176 0.971 -0.161 0.000
 -0.287 0.105 0.952 0.000
 0.000 0.000 0.000 1.000)


TimeStamp: 1.4503891468048096
Pointerpos: 
(0.941 0.214 0.263 0.000
 -0.177 0.971 -0.159 0.000
 -0.289 0.103 0.952 0.000
 0.000 0.000 0.000 1.000)
Target Pos: 
(0.941 0.214 0.263 0.000
 -0.177 0.971 -0.159 0.000
 -0.289 0.103 0.952 0.000
 0.000 0.000 0.000 1.000)


TimeStamp: 1.4670650959014893
Pointerpos: 
(0.941 0.214 0.263 0.000
 -0.177 0.972 -0.157 0.000
 -0.289 0.101 0.952 0.000
 0.000 0.000 0.000 1.000)
Target Pos: 
(0.941 0.214 0.263 0.000
 -0.177 0.972 -0.157 0.000
 -0.289 0.101 0.952 0.000
 0.000 0.000 0.000 1.000)


TimeStamp: 1.4837610721588135
Pointerpos: 
(0.941 0.214 0.262 0.000
 -0.178 0.972 -0.154 0.000
 -0.288 0.098 0.953 0.000
 0.000 0.000 0.000 1.000)
Target Pos: 
(0.941 0.214 0.262 0.000
 -0.178 0.972 -0.154 0.000
 -0.288 0.098 0.953 0.000
 0.000 0.000 0.000 1.000)


TimeStamp: 1.5003972053527832
Pointerpos: 
(0.942 0.214 0.260 0.000
 -0.180 0.972 -0.149 0.000
 -0.285 0.093 0.954 0.000
 0.000 0.000 0.000 1.000)
Target Pos: 
(0.942 0.214 0.260 0.000
 -0.180 0.972 -0.149 0.000
 -0.285 0.093 0.954 0.000
 0.000 0.000 0.000 1.000)


TimeStamp: 1.5170891284942627
Pointerpos: 
(0.943 0.210 0.257 0.000
 -0.178 0.974 -0.143 0.000
 -0.281 0.089 0.956 0.000
 0.000 0.000 0.000 1.000)
Target Pos: 
(0.943 0.210 0.257 0.000
 -0.178 0.974 -0.143 0.000
 -0.281 0.089 0.956 0.000
 0.000 0.000 0.000 1.000)


TimeStamp: 1.53377103805542
Pointerpos: 
(0.945 0.206 0.253 0.000
 -0.176 0.975 -0.136 0.000
 -0.275 0.085 0.958 0.000
 0.000 0.000 0.000 1.000)
Target Pos: 
(0.945 0.206 0.253 0.000
 -0.176 0.975 -0.136 0.000
 -0.275 0.085 0.958 0.000
 0.000 0.000 0.000 1.000)


TimeStamp: 1.5504460334777832
Pointerpos: 
(0.949 0.198 0.246 0.000
 -0.171 0.977 -0.125 0.000
 -0.266 0.077 0.961 0.000
 0.000 0.000 0.000 1.000)
Target Pos: 
(0.949 0.198 0.246 0.000
 -0.171 0.977 -0.125 0.000
 -0.266 0.077 0.961 0.000
 0.000 0.000 0.000 1.000)


TimeStamp: 1.5671381950378418
Pointerpos: 
(0.951 0.191 0.242 0.000
 -0.166 0.979 -0.119 0.000
 -0.259 0.073 0.963 0.000
 0.000 0.000 0.000 1.000)
Target Pos: 
(0.951 0.191 0.242 0.000
 -0.166 0.979 -0.119 0.000
 -0.259 0.073 0.963 0.000
 0.000 0.000 0.000 1.000)


TimeStamp: 1.5838210582733154
Pointerpos: 
(0.955 0.183 0.236 0.000
 -0.160 0.981 -0.113 0.000
 -0.252 0.070 0.965 0.000
 0.000 0.000 0.000 1.000)
Target Pos: 
(0.955 0.183 0.236 0.000
 -0.160 0.981 -0.113 0.000
 -0.252 0.070 0.965 0.000
 0.000 0.000 0.000 1.000)


TimeStamp: 1.60048508644104
Pointerpos: 
(0.960 0.171 0.222 0.000
 -0.151 0.983 -0.104 0.000
 -0.236 0.066 0.969 0.000
 0.000 0.000 0.000 1.000)
Target Pos: 
(0.960 0.171 0.222 0.000
 -0.151 0.983 -0.104 0.000
 -0.236 0.066 0.969 0.000
 0.000 0.000 0.000 1.000)


TimeStamp: 1.6171600818634033
Pointerpos: 
(0.969 0.157 0.192 0.000
 -0.143 0.986 -0.083 0.000
 -0.202 0.053 0.978 0.000
 0.000 0.000 0.000 1.000)
Target Pos: 
(0.969 0.157 0.192 0.000
 -0.143 0.986 -0.083 0.000
 -0.202 0.053 0.978 0.000
 0.000 0.000 0.000 1.000)


TimeStamp: 1.633838176727295
Pointerpos: 
(0.974 0.151 0.167 0.000
 -0.144 0.988 -0.058 0.000
 -0.174 0.032 0.984 0.000
 0.000 0.000 0.000 1.000)
Target Pos: 
(0.974 0.151 0.167 0.000
 -0.144 0.988 -0.058 0.000
 -0.174 0.032 0.984 0.000
 0.000 0.000 0.000 1.000)


TimeStamp: 1.6505200862884521
Pointerpos: 
(0.978 0.145 0.152 0.000
 -0.140 0.989 -0.041 0.000
 -0.157 0.018 0.987 0.000
 0.000 0.000 0.000 1.000)
Target Pos: 
(0.978 0.145 0.152 0.000
 -0.140 0.989 -0.041 0.000
 -0.157 0.018 0.987 0.000
 0.000 0.000 0.000 1.000)


TimeStamp: 1.6671922206878662
Pointerpos: 
(0.981 0.137 0.140 0.000
 -0.135 0.991 -0.025 0.000
 -0.142 0.006 0.990 0.000
 0.000 0.000 0.000 1.000)
Target Pos: 
(0.981 0.137 0.140 0.000
 -0.135 0.991 -0.025 0.000
 -0.142 0.006 0.990 0.000
 0.000 0.000 0.000 1.000)


TimeStamp: 1.683887004852295
Pointerpos: 
(0.985 0.128 0.120 0.000
 -0.128 0.992 -0.007 0.000
 -0.120 -0.009 0.993 0.000
 0.000 0.000 0.000 1.000)
Target Pos: 
(0.985 0.128 0.120 0.000
 -0.128 0.992 -0.007 0.000
 -0.120 -0.009 0.993 0.000
 0.000 0.000 0.000 1.000)


TimeStamp: 1.7005491256713867
Pointerpos: 
(0.986 0.126 0.107 0.000
 -0.127 0.992 0.002 0.000
 -0.106 -0.015 0.994 0.000
 0.000 0.000 0.000 1.000)
Target Pos: 
(0.986 0.126 0.107 0.000
 -0.127 0.992 0.002 0.000
 -0.106 -0.015 0.994 0.000
 0.000 0.000 0.000 1.000)


TimeStamp: 1.7172281742095947
Pointerpos: 
(0.988 0.127 0.091 0.000
 -0.128 0.992 0.010 0.000
 -0.089 -0.022 0.996 0.000
 0.000 0.000 0.000 1.000)
Target Pos: 
(0.988 0.127 0.091 0.000
 -0.128 0.992 0.010 0.000
 -0.089 -0.022 0.996 0.000
 0.000 0.000 0.000 1.000)


TimeStamp: 1.733931064605713
Pointerpos: 
(0.989 0.134 0.063 0.000
 -0.136 0.991 0.021 0.000
 -0.059 -0.029 0.998 0.000
 0.000 0.000 0.000 1.000)
Target Pos: 
(0.989 0.134 0.063 0.000
 -0.136 0.991 0.021 0.000
 -0.059 -0.029 0.998 0.000
 0.000 0.000 0.000 1.000)


TimeStamp: 1.7505922317504883
Pointerpos: 
(0.989 0.138 0.042 0.000
 -0.140 0.990 0.026 0.000
 -0.038 -0.032 0.999 0.000
 0.000 0.000 0.000 1.000)
Target Pos: 
(0.989 0.138 0.042 0.000
 -0.140 0.990 0.026 0.000
 -0.038 -0.032 0.999 0.000
 0.000 0.000 0.000 1.000)


TimeStamp: 1.767266035079956
Pointerpos: 
(0.989 0.145 0.017 0.000
 -0.145 0.989 0.027 0.000
 -0.013 -0.030 0.999 0.000
 0.000 0.000 0.000 1.000)
Target Pos: 
(0.989 0.145 0.017 0.000
 -0.145 0.989 0.027 0.000
 -0.013 -0.030 0.999 0.000
 0.000 0.000 0.000 1.000)


TimeStamp: 1.7839570045471191
Pointerpos: 
(0.987 0.158 -0.021 0.000
 -0.158 0.987 0.022 0.000
 0.024 -0.018 1.000 0.000
 0.000 0.000 0.000 1.000)
Target Pos: 
(0.987 0.158 -0.021 0.000
 -0.158 0.987 0.022 0.000
 0.024 -0.018 1.000 0.000
 0.000 0.000 0.000 1.000)


TimeStamp: 1.800619125366211
Pointerpos: 
(0.984 0.176 -0.042 0.000
 -0.175 0.984 0.023 0.000
 0.046 -0.015 0.999 0.000
 0.000 0.000 0.000 1.000)
Target Pos: 
(0.984 0.176 -0.042 0.000
 -0.175 0.984 0.023 0.000
 0.046 -0.015 0.999 0.000
 0.000 0.000 0.000 1.000)


TimeStamp: 1.817310094833374
Pointerpos: 
(0.977 0.208 -0.055 0.000
 -0.206 0.978 0.046 0.000
 0.063 -0.033 0.997 0.000
 0.000 0.000 0.000 1.000)
Target Pos: 
(0.977 0.208 -0.055 0.000
 -0.206 0.978 0.046 0.000
 0.063 -0.033 0.997 0.000
 0.000 0.000 0.000 1.000)


TimeStamp: 1.833954095840454
Pointerpos: 
(0.970 0.233 -0.066 0.000
 -0.229 0.971 0.067 0.000
 0.080 -0.050 0.996 0.000
 0.000 0.000 0.000 1.000)
Target Pos: 
(0.970 0.233 -0.066 0.000
 -0.229 0.971 0.067 0.000
 0.080 -0.050 0.996 0.000
 0.000 0.000 0.000 1.000)


TimeStamp: 1.850621223449707
Pointerpos: 
(0.967 0.243 -0.075 0.000
 -0.237 0.969 0.074 0.000
 0.091 -0.054 0.994 0.000
 0.000 0.000 0.000 1.000)
Target Pos: 
(0.967 0.243 -0.075 0.000
 -0.237 0.969 0.074 0.000
 0.091 -0.054 0.994 0.000
 0.000 0.000 0.000 1.000)


TimeStamp: 1.8673160076141357
Pointerpos: 
(0.963 0.253 -0.097 0.000
 -0.247 0.966 0.075 0.000
 0.112 -0.048 0.993 0.000
 0.000 0.000 0.000 1.000)
Target Pos: 
(0.963 0.253 -0.097 0.000
 -0.247 0.966 0.075 0.000
 0.112 -0.048 0.993 0.000
 0.000 0.000 0.000 1.000)


TimeStamp: 1.883985996246338
Pointerpos: 
(0.962 0.255 -0.102 0.000
 -0.249 0.966 0.074 0.000
 0.117 -0.046 0.992 0.000
 0.000 0.000 0.000 1.000)
Target Pos: 
(0.962 0.255 -0.102 0.000
 -0.249 0.966 0.074 0.000
 0.117 -0.046 0.992 0.000
 0.000 0.000 0.000 1.000)


TimeStamp: 1.9006431102752686
Pointerpos: 
(0.962 0.250 -0.107 0.000
 -0.243 0.967 0.074 0.000
 0.121 -0.045 0.992 0.000
 0.000 0.000 0.000 1.000)
Target Pos: 
(0.962 0.250 -0.107 0.000
 -0.243 0.967 0.074 0.000
 0.121 -0.045 0.992 0.000
 0.000 0.000 0.000 1.000)


TimeStamp: 1.9173672199249268
Pointerpos: 
(0.967 0.229 -0.114 0.000
 -0.222 0.973 0.070 0.000
 0.127 -0.042 0.991 0.000
 0.000 0.000 0.000 1.000)
Target Pos: 
(0.967 0.229 -0.114 0.000
 -0.222 0.973 0.070 0.000
 0.127 -0.042 0.991 0.000
 0.000 0.000 0.000 1.000)


TimeStamp: 1.9340391159057617
Pointerpos: 
(0.972 0.201 -0.122 0.000
 -0.195 0.979 0.058 0.000
 0.131 -0.033 0.991 0.000
 0.000 0.000 0.000 1.000)
Target Pos: 
(0.972 0.201 -0.122 0.000
 -0.195 0.979 0.058 0.000
 0.131 -0.033 0.991 0.000
 0.000 0.000 0.000 1.000)


TimeStamp: 1.9507172107696533
Pointerpos: 
(0.977 0.173 -0.126 0.000
 -0.168 0.984 0.053 0.000
 0.133 -0.030 0.991 0.000
 0.000 0.000 0.000 1.000)
Target Pos: 
(0.977 0.173 -0.126 0.000
 -0.168 0.984 0.053 0.000
 0.133 -0.030 0.991 0.000
 0.000 0.000 0.000 1.000)


TimeStamp: 1.9673960208892822
Pointerpos: 
(0.981 0.143 -0.134 0.000
 -0.137 0.989 0.053 0.000
 0.140 -0.033 0.990 0.000
 0.000 0.000 0.000 1.000)
Target Pos: 
(0.981 0.143 -0.134 0.000
 -0.137 0.989 0.053 0.000
 0.140 -0.033 0.990 0.000
 0.000 0.000 0.000 1.000)


TimeStamp: 1.9840822219848633
Pointerpos: 
(0.982 0.124 -0.142 0.000
 -0.117 0.991 0.057 0.000
 0.148 -0.039 0.988 0.000
 0.000 0.000 0.000 1.000)
Target Pos: 
(0.982 0.124 -0.142 0.000
 -0.117 0.991 0.057 0.000
 0.148 -0.039 0.988 0.000
 0.000 0.000 0.000 1.000)


TimeStamp: 2.0007450580596924
Pointerpos: 
(0.983 0.106 -0.150 0.000
 -0.098 0.993 0.062 0.000
 0.156 -0.046 0.987 0.000
 0.000 0.000 0.000 1.000)
Target Pos: 
(0.983 0.106 -0.150 0.000
 -0.098 0.993 0.062 0.000
 0.156 -0.046 0.987 0.000
 0.000 0.000 0.000 1.000)


TimeStamp: 2.017421007156372
Pointerpos: 
(0.983 0.084 -0.164 0.000
 -0.071 0.994 0.082 0.000
 0.170 -0.069 0.983 0.000
 0.000 0.000 0.000 1.000)
Target Pos: 
(0.983 0.084 -0.164 0.000
 -0.071 0.994 0.082 0.000
 0.170 -0.069 0.983 0.000
 0.000 0.000 0.000 1.000)


TimeStamp: 2.0340960025787354
Pointerpos: 
(0.983 0.073 -0.169 0.000
 -0.058 0.994 0.096 0.000
 0.175 -0.085 0.981 0.000
 0.000 0.000 0.000 1.000)
Target Pos: 
(0.983 0.073 -0.169 0.000
 -0.058 0.994 0.096 0.000
 0.175 -0.085 0.981 0.000
 0.000 0.000 0.000 1.000)


TimeStamp: 2.050751209259033
Pointerpos: 
(0.983 0.063 -0.170 0.000
 -0.046 0.994 0.103 0.000
 0.175 -0.094 0.980 0.000
 0.000 0.000 0.000 1.000)
Target Pos: 
(0.983 0.063 -0.170 0.000
 -0.046 0.994 0.103 0.000
 0.175 -0.094 0.980 0.000
 0.000 0.000 0.000 1.000)


TimeStamp: 2.0674211978912354
Pointerpos: 
(0.985 0.051 -0.166 0.000
 -0.033 0.994 0.107 0.000
 0.170 -0.100 0.980 0.000
 0.000 0.000 0.000 1.000)
Target Pos: 
(0.985 0.051 -0.166 0.000
 -0.033 0.994 0.107 0.000
 0.170 -0.100 0.980 0.000
 0.000 0.000 0.000 1.000)


TimeStamp: 2.0841450691223145
Pointerpos: 
(0.986 0.047 -0.162 0.000
 -0.029 0.993 0.111 0.000
 0.166 -0.105 0.981 0.000
 0.000 0.000 0.000 1.000)
Target Pos: 
(0.986 0.047 -0.162 0.000
 -0.029 0.993 0.111 0.000
 0.166 -0.105 0.981 0.000
 0.000 0.000 0.000 1.000)


TimeStamp: 2.100811004638672
Pointerpos: 
(0.987 0.052 -0.153 0.000
 -0.035 0.993 0.113 0.000
 0.158 -0.106 0.982 0.000
 0.000 0.000 0.000 1.000)
Target Pos: 
(0.987 0.052 -0.153 0.000
 -0.035 0.993 0.113 0.000
 0.158 -0.106 0.982 0.000
 0.000 0.000 0.000 1.000)


TimeStamp: 2.1174840927124023
Pointerpos: 
(0.987 0.056 -0.153 0.000
 -0.039 0.993 0.111 0.000
 0.158 -0.103 0.982 0.000
 0.000 0.000 0.000 1.000)
Target Pos: 
(0.987 0.056 -0.153 0.000
 -0.039 0.993 0.111 0.000
 0.158 -0.103 0.982 0.000
 0.000 0.000 0.000 1.000)


TimeStamp: 2.134193181991577
Pointerpos: 
(0.986 0.057 -0.155 0.000
 -0.041 0.994 0.104 0.000
 0.159 -0.096 0.982 0.000
 0.000 0.000 0.000 1.000)
Target Pos: 
(0.986 0.057 -0.155 0.000
 -0.041 0.994 0.104 0.000
 0.159 -0.096 0.982 0.000
 0.000 0.000 0.000 1.000)


TimeStamp: 2.150836229324341
Pointerpos: 
(0.986 0.055 -0.158 0.000
 -0.040 0.995 0.096 0.000
 0.163 -0.088 0.983 0.000
 0.000 0.000 0.000 1.000)
Target Pos: 
(0.986 0.055 -0.158 0.000
 -0.040 0.995 0.096 0.000
 0.163 -0.088 0.983 0.000
 0.000 0.000 0.000 1.000)


TimeStamp: 2.1675209999084473
Pointerpos: 
(0.985 0.052 -0.163 0.000
 -0.039 0.996 0.084 0.000
 0.167 -0.077 0.983 0.000
 0.000 0.000 0.000 1.000)
Target Pos: 
(0.985 0.052 -0.163 0.000
 -0.039 0.996 0.084 0.000
 0.167 -0.077 0.983 0.000
 0.000 0.000 0.000 1.000)


TimeStamp: 2.1841912269592285
Pointerpos: 
(0.984 0.041 -0.172 0.000
 -0.032 0.998 0.054 0.000
 0.174 -0.048 0.984 0.000
 0.000 0.000 0.000 1.000)
Target Pos: 
(0.984 0.041 -0.172 0.000
 -0.032 0.998 0.054 0.000
 0.174 -0.048 0.984 0.000
 0.000 0.000 0.000 1.000)


TimeStamp: 2.2008960247039795
Pointerpos: 
(0.984 0.027 -0.175 0.000
 -0.023 0.999 0.026 0.000
 0.176 -0.022 0.984 0.000
 0.000 0.000 0.000 1.000)
Target Pos: 
(0.984 0.027 -0.175 0.000
 -0.023 0.999 0.026 0.000
 0.176 -0.022 0.984 0.000
 0.000 0.000 0.000 1.000)


TimeStamp: 2.217567205429077
Pointerpos: 
(0.985 0.012 -0.173 0.000
 -0.013 1.000 -0.007 0.000
 0.173 0.009 0.985 0.000
 0.000 0.000 0.000 1.000)
Target Pos: 
(0.985 0.012 -0.173 0.000
 -0.013 1.000 -0.007 0.000
 0.173 0.009 0.985 0.000
 0.000 0.000 0.000 1.000)


TimeStamp: 2.234239101409912
Pointerpos: 
(0.986 0.000 -0.166 0.000
 -0.006 0.999 -0.032 0.000
 0.165 0.033 0.986 0.000
 0.000 0.000 0.000 1.000)
Target Pos: 
(0.986 0.000 -0.166 0.000
 -0.006 0.999 -0.032 0.000
 0.165 0.033 0.986 0.000
 0.000 0.000 0.000 1.000)


TimeStamp: 2.2509171962738037
Pointerpos: 
(0.987 -0.005 -0.159 0.000
 -0.002 0.999 -0.039 0.000
 0.159 0.039 0.986 0.000
 0.000 0.000 0.000 1.000)
Target Pos: 
(0.987 -0.005 -0.159 0.000
 -0.002 0.999 -0.039 0.000
 0.159 0.039 0.986 0.000
 0.000 0.000 0.000 1.000)


TimeStamp: 2.2675931453704834
Pointerpos: 
(0.988 -0.010 -0.154 0.000
 0.004 0.999 -0.040 0.000
 0.154 0.039 0.987 0.000
 0.000 0.000 0.000 1.000)
Target Pos: 
(0.988 -0.010 -0.154 0.000
 0.004 0.999 -0.040 0.000
 0.154 0.039 0.987 0.000
 0.000 0.000 0.000 1.000)


TimeStamp: 2.2842671871185303
Pointerpos: 
(0.989 -0.017 -0.147 0.000
 0.013 0.999 -0.033 0.000
 0.148 0.031 0.989 0.000
 0.000 0.000 0.000 1.000)
Target Pos: 
(0.989 -0.017 -0.147 0.000
 0.013 0.999 -0.033 0.000
 0.148 0.031 0.989 0.000
 0.000 0.000 0.000 1.000)


TimeStamp: 2.3009212017059326
Pointerpos: 
(0.989 -0.022 -0.145 0.000
 0.018 0.999 -0.027 0.000
 0.145 0.024 0.989 0.000
 0.000 0.000 0.000 1.000)
Target Pos: 
(0.989 -0.022 -0.145 0.000
 0.018 0.999 -0.027 0.000
 0.145 0.024 0.989 0.000
 0.000 0.000 0.000 1.000)


TimeStamp: 2.317592144012451
Pointerpos: 
(0.989 -0.027 -0.142 0.000
 0.024 0.999 -0.023 0.000
 0.143 0.019 0.990 0.000
 0.000 0.000 0.000 1.000)
Target Pos: 
(0.989 -0.027 -0.142 0.000
 0.024 0.999 -0.023 0.000
 0.143 0.019 0.990 0.000
 0.000 0.000 0.000 1.000)


TimeStamp: 2.3342881202697754
Pointerpos: 
(0.990 -0.031 -0.137 0.000
 0.029 0.999 -0.016 0.000
 0.138 0.012 0.990 0.000
 0.000 0.000 0.000 1.000)
Target Pos: 
(0.990 -0.031 -0.137 0.000
 0.029 0.999 -0.016 0.000
 0.138 0.012 0.990 0.000
 0.000 0.000 0.000 1.000)


TimeStamp: 2.350961208343506
Pointerpos: 
(0.991 -0.039 -0.124 0.000
 0.038 0.999 -0.015 0.000
 0.125 0.011 0.992 0.000
 0.000 0.000 0.000 1.000)
Target Pos: 
(0.991 -0.039 -0.124 0.000
 0.038 0.999 -0.015 0.000
 0.125 0.011 0.992 0.000
 0.000 0.000 0.000 1.000)


TimeStamp: 2.3676180839538574
Pointerpos: 
(0.993 -0.049 -0.108 0.000
 0.048 0.999 -0.014 0.000
 0.109 0.009 0.994 0.000
 0.000 0.000 0.000 1.000)
Target Pos: 
(0.993 -0.049 -0.108 0.000
 0.048 0.999 -0.014 0.000
 0.109 0.009 0.994 0.000
 0.000 0.000 0.000 1.000)


TimeStamp: 2.3843891620635986
Pointerpos: 
(0.994 -0.057 -0.095 0.000
 0.056 0.998 -0.010 0.000
 0.095 0.005 0.995 0.000
 0.000 0.000 0.000 1.000)
Target Pos: 
(0.994 -0.057 -0.095 0.000
 0.056 0.998 -0.010 0.000
 0.095 0.005 0.995 0.000
 0.000 0.000 0.000 1.000)


TimeStamp: 2.401057004928589
Pointerpos: 
(0.995 -0.066 -0.081 0.000
 0.066 0.998 -0.006 0.000
 0.081 0.001 0.997 0.000
 0.000 0.000 0.000 1.000)
Target Pos: 
(0.995 -0.066 -0.081 0.000
 0.066 0.998 -0.006 0.000
 0.081 0.001 0.997 0.000
 0.000 0.000 0.000 1.000)


TimeStamp: 2.417732000350952
Pointerpos: 
(0.995 -0.080 -0.059 0.000
 0.080 0.997 0.006 0.000
 0.059 -0.010 0.998 0.000
 0.000 0.000 0.000 1.000)
Target Pos: 
(0.995 -0.080 -0.059 0.000
 0.080 0.997 0.006 0.000
 0.059 -0.010 0.998 0.000
 0.000 0.000 0.000 1.000)


TimeStamp: 2.4344069957733154
Pointerpos: 
(0.995 -0.088 -0.046 0.000
 0.089 0.996 0.016 0.000
 0.044 -0.020 0.999 0.000
 0.000 0.000 0.000 1.000)
Target Pos: 
(0.995 -0.088 -0.046 0.000
 0.089 0.996 0.016 0.000
 0.044 -0.020 0.999 0.000
 0.000 0.000 0.000 1.000)


TimeStamp: 2.4510631561279297
Pointerpos: 
(0.995 -0.095 -0.034 0.000
 0.096 0.995 0.025 0.000
 0.031 -0.028 0.999 0.000
 0.000 0.000 0.000 1.000)
Target Pos: 
(0.995 -0.095 -0.034 0.000
 0.096 0.995 0.025 0.000
 0.031 -0.028 0.999 0.000
 0.000 0.000 0.000 1.000)


TimeStamp: 2.467755079269409
Pointerpos: 
(0.995 -0.101 -0.020 0.000
 0.101 0.994 0.039 0.000
 0.016 -0.041 0.999 0.000
 0.000 0.000 0.000 1.000)
Target Pos: 
(0.995 -0.101 -0.020 0.000
 0.101 0.994 0.039 0.000
 0.016 -0.041 0.999 0.000
 0.000 0.000 0.000 1.000)


TimeStamp: 2.484405040740967
Pointerpos: 
(0.995 -0.096 -0.015 0.000
 0.096 0.994 0.044 0.000
 0.011 -0.045 0.999 0.000
 0.000 0.000 0.000 1.000)
Target Pos: 
(0.995 -0.096 -0.015 0.000
 0.096 0.994 0.044 0.000
 0.011 -0.045 0.999 0.000
 0.000 0.000 0.000 1.000)


TimeStamp: 2.501077175140381
Pointerpos: 
(0.996 -0.084 -0.012 0.000
 0.084 0.995 0.046 0.000
 0.008 -0.046 0.999 0.000
 0.000 0.000 0.000 1.000)
Target Pos: 
(0.996 -0.084 -0.012 0.000
 0.084 0.995 0.046 0.000
 0.008 -0.046 0.999 0.000
 0.000 0.000 0.000 1.000)


TimeStamp: 2.5177950859069824
Pointerpos: 
(0.997 -0.074 -0.003 0.000
 0.074 0.996 0.043 0.000
 0.000 -0.043 0.999 0.000
 0.000 0.000 0.000 1.000)
Target Pos: 
(0.997 -0.074 -0.003 0.000
 0.074 0.996 0.043 0.000
 0.000 -0.043 0.999 0.000
 0.000 0.000 0.000 1.000)


TimeStamp: 2.534466028213501
Pointerpos: 
(0.998 -0.069 0.003 0.000
 0.069 0.997 0.041 0.000
 -0.006 -0.041 0.999 0.000
 0.000 0.000 0.000 1.000)
Target Pos: 
(0.998 -0.069 0.003 0.000
 0.069 0.997 0.041 0.000
 -0.006 -0.041 0.999 0.000
 0.000 0.000 0.000 1.000)


TimeStamp: 2.5511422157287598
Pointerpos: 
(0.998 -0.067 0.009 0.000
 0.066 0.997 0.038 0.000
 -0.012 -0.037 0.999 0.000
 0.000 0.000 0.000 1.000)
Target Pos: 
(0.998 -0.067 0.009 0.000
 0.066 0.997 0.038 0.000
 -0.012 -0.037 0.999 0.000
 0.000 0.000 0.000 1.000)


TimeStamp: 2.567833185195923
Pointerpos: 
(0.998 -0.067 0.016 0.000
 0.066 0.997 0.037 0.000
 -0.019 -0.036 0.999 0.000
 0.000 0.000 0.000 1.000)
Target Pos: 
(0.998 -0.067 0.016 0.000
 0.066 0.997 0.037 0.000
 -0.019 -0.036 0.999 0.000
 0.000 0.000 0.000 1.000)


TimeStamp: 2.5844950675964355
Pointerpos: 
(0.997 -0.067 0.024 0.000
 0.066 0.997 0.036 0.000
 -0.026 -0.034 0.999 0.000
 0.000 0.000 0.000 1.000)
Target Pos: 
(0.997 -0.067 0.024 0.000
 0.066 0.997 0.036 0.000
 -0.026 -0.034 0.999 0.000
 0.000 0.000 0.000 1.000)


TimeStamp: 2.601168155670166
Pointerpos: 
(0.998 -0.064 0.030 0.000
 0.063 0.997 0.036 0.000
 -0.032 -0.034 0.999 0.000
 0.000 0.000 0.000 1.000)
Target Pos: 
(0.998 -0.064 0.030 0.000
 0.063 0.997 0.036 0.000
 -0.032 -0.034 0.999 0.000
 0.000 0.000 0.000 1.000)


TimeStamp: 2.617842197418213
Pointerpos: 
(0.998 -0.062 0.033 0.000
 0.060 0.998 0.034 0.000
 -0.035 -0.032 0.999 0.000
 0.000 0.000 0.000 1.000)
Target Pos: 
(0.998 -0.062 0.033 0.000
 0.060 0.998 0.034 0.000
 -0.035 -0.032 0.999 0.000
 0.000 0.000 0.000 1.000)


TimeStamp: 2.634517192840576
Pointerpos: 
(0.998 -0.060 0.036 0.000
 0.058 0.998 0.033 0.000
 -0.038 -0.031 0.999 0.000
 0.000 0.000 0.000 1.000)
Target Pos: 
(0.998 -0.060 0.036 0.000
 0.058 0.998 0.033 0.000
 -0.038 -0.031 0.999 0.000
 0.000 0.000 0.000 1.000)


TimeStamp: 2.6511731147766113
Pointerpos: 
(0.998 -0.057 0.039 0.000
 0.055 0.998 0.033 0.000
 -0.041 -0.031 0.999 0.000
 0.000 0.000 0.000 1.000)
Target Pos: 
(0.998 -0.057 0.039 0.000
 0.055 0.998 0.033 0.000
 -0.041 -0.031 0.999 0.000
 0.000 0.000 0.000 1.000)


TimeStamp: 2.6678600311279297
Pointerpos: 
(0.998 -0.055 0.040 0.000
 0.054 0.998 0.033 0.000
 -0.042 -0.031 0.999 0.000
 0.000 0.000 0.000 1.000)
Target Pos: 
(0.998 -0.055 0.040 0.000
 0.054 0.998 0.033 0.000
 -0.042 -0.031 0.999 0.000
 0.000 0.000 0.000 1.000)


TimeStamp: 2.6845180988311768
Pointerpos: 
(0.998 -0.054 0.042 0.000
 0.053 0.998 0.033 0.000
 -0.043 -0.030 0.999 0.000
 0.000 0.000 0.000 1.000)
Target Pos: 
(0.998 -0.054 0.042 0.000
 0.053 0.998 0.033 0.000
 -0.043 -0.030 0.999 0.000
 0.000 0.000 0.000 1.000)


TimeStamp: 2.7012410163879395
Pointerpos: 
(0.998 -0.054 0.043 0.000
 0.052 0.998 0.031 0.000
 -0.044 -0.029 0.999 0.000
 0.000 0.000 0.000 1.000)
Target Pos: 
(0.998 -0.054 0.043 0.000
 0.052 0.998 0.031 0.000
 -0.044 -0.029 0.999 0.000
 0.000 0.000 0.000 1.000)


TimeStamp: 2.717907190322876
Pointerpos: 
(0.998 -0.053 0.042 0.000
 0.052 0.998 0.031 0.000
 -0.044 -0.028 0.999 0.000
 0.000 0.000 0.000 1.000)
Target Pos: 
(0.998 -0.053 0.042 0.000
 0.052 0.998 0.031 0.000
 -0.044 -0.028 0.999 0.000
 0.000 0.000 0.000 1.000)


TimeStamp: 2.7345850467681885
Pointerpos: 
(0.998 -0.053 0.042 0.000
 0.052 0.998 0.030 0.000
 -0.043 -0.027 0.999 0.000
