TimeStamp: 0.03950905799865723
Pointerpos: 
(0.279 -0.014 -0.960 0.000
 0.040 0.999 -0.002 0.000
 0.960 -0.038 0.279 0.000
 0.000 0.000 0.000 1.000)
Target Pos: 
(0.279 -0.014 -0.960 0.000
 0.040 0.999 -0.002 0.000
 0.960 -0.038 0.279 0.000
 0.000 0.000 0.000 1.000)


TimeStamp: 0.23282408714294434
Pointerpos: 
(0.279 -0.014 -0.960 0.000
 0.040 0.999 -0.002 0.000
 0.960 -0.038 0.279 0.000
 0.000 0.000 0.000 1.000)
Target Pos: 
(0.279 -0.014 -0.960 0.000
 0.040 0.999 -0.002 0.000
 0.960 -0.038 0.279 0.000
 0.000 0.000 0.000 1.000)


TimeStamp: 0.24896502494812012
Pointerpos: 
(0.279 -0.014 -0.960 0.000
 0.040 0.999 -0.002 0.000
 0.960 -0.038 0.279 0.000
 0.000 0.000 0.000 1.000)
Target Pos: 
(0.279 -0.014 -0.960 0.000
 0.040 0.999 -0.002 0.000
 0.960 -0.038 0.279 0.000
 0.000 0.000 0.000 1.000)


TimeStamp: 0.26541614532470703
Pointerpos: 
(0.279 -0.014 -0.960 0.000
 0.040 0.999 -0.002 0.000
 0.960 -0.038 0.279 0.000
 0.000 0.000 0.000 1.000)
Target Pos: 
(0.279 -0.014 -0.960 0.000
 0.040 0.999 -0.002 0.000
 0.960 -0.038 0.279 0.000
 0.000 0.000 0.000 1.000)


TimeStamp: 0.2830190658569336
Pointerpos: 
(0.279 -0.014 -0.960 0.000
 0.040 0.999 -0.002 0.000
 0.960 -0.038 0.279 0.000
 0.000 0.000 0.000 1.000)
Target Pos: 
(0.279 -0.014 -0.960 0.000
 0.040 0.999 -0.002 0.000
 0.960 -0.038 0.279 0.000
 0.000 0.000 0.000 1.000)


TimeStamp: 0.2990241050720215
Pointerpos: 
(0.279 -0.014 -0.960 0.000
 0.040 0.999 -0.002 0.000
 0.960 -0.038 0.279 0.000
 0.000 0.000 0.000 1.000)
Target Pos: 
(0.279 -0.014 -0.960 0.000
 0.040 0.999 -0.002 0.000
 0.960 -0.038 0.279 0.000
 0.000 0.000 0.000 1.000)


TimeStamp: 0.31522202491760254
Pointerpos: 
(0.279 -0.014 -0.960 0.000
 0.040 0.999 -0.002 0.000
 0.960 -0.038 0.279 0.000
 0.000 0.000 0.000 1.000)
Target Pos: 
(0.279 -0.014 -0.960 0.000
 0.040 0.999 -0.002 0.000
 0.960 -0.038 0.279 0.000
 0.000 0.000 0.000 1.000)


TimeStamp: 0.3319699764251709
Pointerpos: 
(0.279 -0.014 -0.960 0.000
 0.040 0.999 -0.002 0.000
 0.960 -0.038 0.279 0.000
 0.000 0.000 0.000 1.000)
Target Pos: 
(0.279 -0.014 -0.960 0.000
 0.040 0.999 -0.002 0.000
 0.960 -0.038 0.279 0.000
 0.000 0.000 0.000 1.000)


TimeStamp: 0.34861302375793457
Pointerpos: 
(0.279 -0.014 -0.960 0.000
 0.040 0.999 -0.002 0.000
 0.960 -0.038 0.279 0.000
 0.000 0.000 0.000 1.000)
Target Pos: 
(0.279 -0.014 -0.960 0.000
 0.040 0.999 -0.002 0.000
 0.960 -0.038 0.279 0.000
 0.000 0.000 0.000 1.000)


TimeStamp: 0.36533403396606445
Pointerpos: 
(0.279 -0.014 -0.960 0.000
 0.040 0.999 -0.002 0.000
 0.960 -0.038 0.279 0.000
 0.000 0.000 0.000 1.000)
Target Pos: 
(0.279 -0.014 -0.960 0.000
 0.040 0.999 -0.002 0.000
 0.960 -0.038 0.279 0.000
 0.000 0.000 0.000 1.000)


TimeStamp: 0.38184595108032227
Pointerpos: 
(0.279 -0.014 -0.960 0.000
 0.040 0.999 -0.002 0.000
 0.960 -0.038 0.279 0.000
 0.000 0.000 0.000 1.000)
Target Pos: 
(0.279 -0.014 -0.960 0.000
 0.040 0.999 -0.002 0.000
 0.960 -0.038 0.279 0.000
 0.000 0.000 0.000 1.000)


TimeStamp: 0.398514986038208
Pointerpos: 
(0.279 -0.014 -0.960 0.000
 0.040 0.999 -0.002 0.000
 0.960 -0.038 0.279 0.000
 0.000 0.000 0.000 1.000)
Target Pos: 
(0.279 -0.014 -0.960 0.000
 0.040 0.999 -0.002 0.000
 0.960 -0.038 0.279 0.000
 0.000 0.000 0.000 1.000)


TimeStamp: 0.4153401851654053
Pointerpos: 
(0.279 -0.014 -0.960 0.000
 0.040 0.999 -0.002 0.000
 0.960 -0.038 0.279 0.000
 0.000 0.000 0.000 1.000)
Target Pos: 
(0.279 -0.014 -0.960 0.000
 0.040 0.999 -0.002 0.000
 0.960 -0.038 0.279 0.000
 0.000 0.000 0.000 1.000)


TimeStamp: 0.4320240020751953
Pointerpos: 
(0.279 -0.014 -0.960 0.000
 0.040 0.999 -0.002 0.000
 0.960 -0.038 0.279 0.000
 0.000 0.000 0.000 1.000)
Target Pos: 
(0.279 -0.014 -0.960 0.000
 0.040 0.999 -0.002 0.000
 0.960 -0.038 0.279 0.000
 0.000 0.000 0.000 1.000)


TimeStamp: 0.448742151260376
Pointerpos: 
(0.279 -0.014 -0.960 0.000
 0.040 0.999 -0.002 0.000
 0.960 -0.038 0.279 0.000
 0.000 0.000 0.000 1.000)
Target Pos: 
(0.279 -0.014 -0.960 0.000
 0.040 0.999 -0.002 0.000
 0.960 -0.038 0.279 0.000
 0.000 0.000 0.000 1.000)


TimeStamp: 0.4654350280761719
Pointerpos: 
(0.279 -0.014 -0.960 0.000
 0.040 0.999 -0.002 0.000
 0.960 -0.038 0.279 0.000
 0.000 0.000 0.000 1.000)
Target Pos: 
(0.279 -0.014 -0.960 0.000
 0.040 0.999 -0.002 0.000
 0.960 -0.038 0.279 0.000
 0.000 0.000 0.000 1.000)


TimeStamp: 0.4820830821990967
Pointerpos: 
(0.279 -0.014 -0.960 0.000
 0.040 0.999 -0.002 0.000
 0.960 -0.038 0.279 0.000
 0.000 0.000 0.000 1.000)
Target Pos: 
(0.279 -0.014 -0.960 0.000
 0.040 0.999 -0.002 0.000
 0.960 -0.038 0.279 0.000
 0.000 0.000 0.000 1.000)


TimeStamp: 0.4987971782684326
Pointerpos: 
(0.279 -0.014 -0.960 0.000
 0.040 0.999 -0.002 0.000
 0.960 -0.038 0.279 0.000
 0.000 0.000 0.000 1.000)
Target Pos: 
(0.279 -0.014 -0.960 0.000
 0.040 0.999 -0.002 0.000
 0.960 -0.038 0.279 0.000
 0.000 0.000 0.000 1.000)


TimeStamp: 0.5154831409454346
Pointerpos: 
(0.279 -0.014 -0.960 0.000
 0.040 0.999 -0.002 0.000
 0.960 -0.038 0.279 0.000
 0.000 0.000 0.000 1.000)
Target Pos: 
(0.279 -0.014 -0.960 0.000
 0.040 0.999 -0.002 0.000
 0.960 -0.038 0.279 0.000
 0.000 0.000 0.000 1.000)


TimeStamp: 0.5321681499481201
Pointerpos: 
(0.279 -0.014 -0.960 0.000
 0.040 0.999 -0.002 0.000
 0.960 -0.038 0.279 0.000
 0.000 0.000 0.000 1.000)
Target Pos: 
(0.279 -0.014 -0.960 0.000
 0.040 0.999 -0.002 0.000
 0.960 -0.038 0.279 0.000
 0.000 0.000 0.000 1.000)


TimeStamp: 0.5489161014556885
Pointerpos: 
(0.279 -0.014 -0.960 0.000
 0.040 0.999 -0.002 0.000
 0.960 -0.038 0.279 0.000
 0.000 0.000 0.000 1.000)
Target Pos: 
(0.279 -0.014 -0.960 0.000
 0.040 0.999 -0.002 0.000
 0.960 -0.038 0.279 0.000
 0.000 0.000 0.000 1.000)


TimeStamp: 0.5655741691589355
Pointerpos: 
(0.279 -0.014 -0.960 0.000
 0.040 0.999 -0.002 0.000
 0.960 -0.038 0.279 0.000
 0.000 0.000 0.000 1.000)
Target Pos: 
(0.279 -0.014 -0.960 0.000
 0.040 0.999 -0.002 0.000
 0.960 -0.038 0.279 0.000
 0.000 0.000 0.000 1.000)


TimeStamp: 0.5822350978851318
Pointerpos: 
(0.279 -0.014 -0.960 0.000
 0.040 0.999 -0.002 0.000
 0.960 -0.038 0.279 0.000
 0.000 0.000 0.000 1.000)
Target Pos: 
(0.279 -0.014 -0.960 0.000
 0.040 0.999 -0.002 0.000
 0.960 -0.038 0.279 0.000
 0.000 0.000 0.000 1.000)


TimeStamp: 0.5989229679107666
Pointerpos: 
(0.279 -0.014 -0.960 0.000
 0.040 0.999 -0.002 0.000
 0.960 -0.038 0.279 0.000
 0.000 0.000 0.000 1.000)
Target Pos: 
(0.279 -0.014 -0.960 0.000
 0.040 0.999 -0.002 0.000
 0.960 -0.038 0.279 0.000
 0.000 0.000 0.000 1.000)


TimeStamp: 0.6156070232391357
Pointerpos: 
(0.279 -0.014 -0.960 0.000
 0.040 0.999 -0.002 0.000
 0.960 -0.038 0.279 0.000
 0.000 0.000 0.000 1.000)
Target Pos: 
(0.279 -0.014 -0.960 0.000
 0.040 0.999 -0.002 0.000
 0.960 -0.038 0.279 0.000
 0.000 0.000 0.000 1.000)


TimeStamp: 0.6323020458221436
Pointerpos: 
(0.279 -0.014 -0.960 0.000
 0.040 0.999 -0.002 0.000
 0.960 -0.038 0.279 0.000
 0.000 0.000 0.000 1.000)
Target Pos: 
(0.279 -0.014 -0.960 0.000
 0.040 0.999 -0.002 0.000
 0.960 -0.038 0.279 0.000
 0.000 0.000 0.000 1.000)


TimeStamp: 0.6489670276641846
Pointerpos: 
(0.279 -0.014 -0.960 0.000
 0.040 0.999 -0.002 0.000
 0.960 -0.038 0.279 0.000
 0.000 0.000 0.000 1.000)
Target Pos: 
(0.279 -0.014 -0.960 0.000
 0.040 0.999 -0.002 0.000
 0.960 -0.038 0.279 0.000
 0.000 0.000 0.000 1.000)


TimeStamp: 0.665722131729126
Pointerpos: 
(0.279 -0.014 -0.960 0.000
 0.040 0.999 -0.002 0.000
 0.960 -0.038 0.279 0.000
 0.000 0.000 0.000 1.000)
Target Pos: 
(0.279 -0.014 -0.960 0.000
 0.040 0.999 -0.002 0.000
 0.960 -0.038 0.279 0.000
 0.000 0.000 0.000 1.000)


TimeStamp: 0.682204008102417
Pointerpos: 
(0.279 -0.014 -0.960 0.000
 0.040 0.999 -0.002 0.000
 0.960 -0.038 0.279 0.000
 0.000 0.000 0.000 1.000)
Target Pos: 
(0.279 -0.014 -0.960 0.000
 0.040 0.999 -0.002 0.000
 0.960 -0.038 0.279 0.000
 0.000 0.000 0.000 1.000)


TimeStamp: 0.6991071701049805
Pointerpos: 
(0.279 -0.014 -0.960 0.000
 0.040 0.999 -0.002 0.000
 0.960 -0.038 0.279 0.000
 0.000 0.000 0.000 1.000)
Target Pos: 
(0.279 -0.014 -0.960 0.000
 0.040 0.999 -0.002 0.000
 0.960 -0.038 0.279 0.000
 0.000 0.000 0.000 1.000)


TimeStamp: 0.7157950401306152
Pointerpos: 
(0.279 -0.014 -0.960 0.000
 0.040 0.999 -0.002 0.000
 0.960 -0.038 0.279 0.000
 0.000 0.000 0.000 1.000)
Target Pos: 
(0.279 -0.014 -0.960 0.000
 0.040 0.999 -0.002 0.000
 0.960 -0.038 0.279 0.000
 0.000 0.000 0.000 1.000)


TimeStamp: 0.7324199676513672
Pointerpos: 
(0.279 -0.014 -0.960 0.000
 0.040 0.999 -0.002 0.000
 0.960 -0.038 0.279 0.000
 0.000 0.000 0.000 1.000)
Target Pos: 
(0.279 -0.014 -0.960 0.000
 0.040 0.999 -0.002 0.000
 0.960 -0.038 0.279 0.000
 0.000 0.000 0.000 1.000)


TimeStamp: 0.7491209506988525
Pointerpos: 
(0.279 -0.014 -0.960 0.000
 0.040 0.999 -0.002 0.000
 0.960 -0.038 0.279 0.000
 0.000 0.000 0.000 1.000)
Target Pos: 
(0.279 -0.014 -0.960 0.000
 0.040 0.999 -0.002 0.000
 0.960 -0.038 0.279 0.000
 0.000 0.000 0.000 1.000)


TimeStamp: 0.7656440734863281
Pointerpos: 
(0.279 -0.014 -0.960 0.000
 0.040 0.999 -0.002 0.000
 0.960 -0.038 0.279 0.000
 0.000 0.000 0.000 1.000)
Target Pos: 
(0.279 -0.014 -0.960 0.000
 0.040 0.999 -0.002 0.000
 0.960 -0.038 0.279 0.000
 0.000 0.000 0.000 1.000)


TimeStamp: 0.7824630737304688
Pointerpos: 
(0.279 -0.014 -0.960 0.000
 0.040 0.999 -0.002 0.000
 0.960 -0.038 0.279 0.000
 0.000 0.000 0.000 1.000)
Target Pos: 
(0.279 -0.014 -0.960 0.000
 0.040 0.999 -0.002 0.000
 0.960 -0.038 0.279 0.000
 0.000 0.000 0.000 1.000)


TimeStamp: 0.799213171005249
Pointerpos: 
(0.279 -0.014 -0.960 0.000
 0.040 0.999 -0.002 0.000
 0.960 -0.038 0.279 0.000
 0.000 0.000 0.000 1.000)
Target Pos: 
(0.279 -0.014 -0.960 0.000
 0.040 0.999 -0.002 0.000
 0.960 -0.038 0.279 0.000
 0.000 0.000 0.000 1.000)


TimeStamp: 0.8158111572265625
Pointerpos: 
(0.279 -0.014 -0.960 0.000
 0.040 0.999 -0.002 0.000
 0.960 -0.038 0.279 0.000
 0.000 0.000 0.000 1.000)
Target Pos: 
(0.279 -0.014 -0.960 0.000
 0.040 0.999 -0.002 0.000
 0.960 -0.038 0.279 0.000
 0.000 0.000 0.000 1.000)


TimeStamp: 0.8325290679931641
Pointerpos: 
(0.279 -0.014 -0.960 0.000
 0.040 0.999 -0.002 0.000
 0.960 -0.038 0.279 0.000
 0.000 0.000 0.000 1.000)
Target Pos: 
(0.279 -0.014 -0.960 0.000
 0.040 0.999 -0.002 0.000
 0.960 -0.038 0.279 0.000
 0.000 0.000 0.000 1.000)


TimeStamp: 0.8494219779968262
Pointerpos: 
(0.279 -0.014 -0.960 0.000
 0.040 0.999 -0.002 0.000
 0.960 -0.038 0.279 0.000
 0.000 0.000 0.000 1.000)
Target Pos: 
(0.279 -0.014 -0.960 0.000
 0.040 0.999 -0.002 0.000
 0.960 -0.038 0.279 0.000
 0.000 0.000 0.000 1.000)


TimeStamp: 0.8657419681549072
Pointerpos: 
(0.279 -0.014 -0.960 0.000
 0.040 0.999 -0.002 0.000
 0.960 -0.038 0.279 0.000
 0.000 0.000 0.000 1.000)
Target Pos: 
(0.279 -0.014 -0.960 0.000
 0.040 0.999 -0.002 0.000
 0.960 -0.038 0.279 0.000
 0.000 0.000 0.000 1.000)


TimeStamp: 0.8834459781646729
Pointerpos: 
(0.279 -0.014 -0.960 0.000
 0.040 0.999 -0.002 0.000
 0.960 -0.038 0.279 0.000
 0.000 0.000 0.000 1.000)
Target Pos: 
(0.279 -0.014 -0.960 0.000
 0.040 0.999 -0.002 0.000
 0.960 -0.038 0.279 0.000
 0.000 0.000 0.000 1.000)


TimeStamp: 0.8999431133270264
Pointerpos: 
(0.279 -0.014 -0.960 0.000
 0.040 0.999 -0.002 0.000
 0.960 -0.038 0.279 0.000
 0.000 0.000 0.000 1.000)
Target Pos: 
(0.279 -0.014 -0.960 0.000
 0.040 0.999 -0.002 0.000
 0.960 -0.038 0.279 0.000
 0.000 0.000 0.000 1.000)


TimeStamp: 0.9165821075439453
Pointerpos: 
(0.279 -0.014 -0.960 0.000
 0.040 0.999 -0.002 0.000
 0.960 -0.038 0.279 0.000
 0.000 0.000 0.000 1.000)
Target Pos: 
(0.279 -0.014 -0.960 0.000
 0.040 0.999 -0.002 0.000
 0.960 -0.038 0.279 0.000
 0.000 0.000 0.000 1.000)


TimeStamp: 0.9332761764526367
Pointerpos: 
(0.279 -0.014 -0.960 0.000
 0.040 0.999 -0.002 0.000
 0.960 -0.038 0.279 0.000
 0.000 0.000 0.000 1.000)
Target Pos: 
(0.279 -0.014 -0.960 0.000
 0.040 0.999 -0.002 0.000
 0.960 -0.038 0.279 0.000
 0.000 0.000 0.000 1.000)


TimeStamp: 0.9499390125274658
Pointerpos: 
(0.279 -0.014 -0.960 0.000
 0.040 0.999 -0.002 0.000
 0.960 -0.038 0.279 0.000
 0.000 0.000 0.000 1.000)
Target Pos: 
(0.279 -0.014 -0.960 0.000
 0.040 0.999 -0.002 0.000
 0.960 -0.038 0.279 0.000
 0.000 0.000 0.000 1.000)


TimeStamp: 0.966623067855835
Pointerpos: 
(0.279 -0.014 -0.960 0.000
 0.040 0.999 -0.002 0.000
 0.960 -0.038 0.279 0.000
 0.000 0.000 0.000 1.000)
Target Pos: 
(0.279 -0.014 -0.960 0.000
 0.040 0.999 -0.002 0.000
 0.960 -0.038 0.279 0.000
 0.000 0.000 0.000 1.000)


TimeStamp: 0.9831781387329102
Pointerpos: 
(0.279 -0.014 -0.960 0.000
 0.040 0.999 -0.002 0.000
 0.960 -0.038 0.279 0.000
 0.000 0.000 0.000 1.000)
Target Pos: 
(0.279 -0.014 -0.960 0.000
 0.040 0.999 -0.002 0.000
 0.960 -0.038 0.279 0.000
 0.000 0.000 0.000 1.000)


TimeStamp: 0.99996018409729
Pointerpos: 
(0.279 -0.014 -0.960 0.000
 0.040 0.999 -0.002 0.000
 0.960 -0.038 0.279 0.000
 0.000 0.000 0.000 1.000)
Target Pos: 
(0.279 -0.014 -0.960 0.000
 0.040 0.999 -0.002 0.000
 0.960 -0.038 0.279 0.000
 0.000 0.000 0.000 1.000)


TimeStamp: 1.0165159702301025
Pointerpos: 
(0.279 -0.014 -0.960 0.000
 0.040 0.999 -0.002 0.000
 0.960 -0.038 0.279 0.000
 0.000 0.000 0.000 1.000)
Target Pos: 
(0.279 -0.014 -0.960 0.000
 0.040 0.999 -0.002 0.000
 0.960 -0.038 0.279 0.000
 0.000 0.000 0.000 1.000)


TimeStamp: 1.0331940650939941
Pointerpos: 
(0.279 -0.014 -0.960 0.000
 0.040 0.999 -0.002 0.000
 0.960 -0.038 0.279 0.000
 0.000 0.000 0.000 1.000)
Target Pos: 
(0.279 -0.014 -0.960 0.000
 0.040 0.999 -0.002 0.000
 0.960 -0.038 0.279 0.000
 0.000 0.000 0.000 1.000)


TimeStamp: 1.049833059310913
Pointerpos: 
(0.279 -0.014 -0.960 0.000
 0.040 0.999 -0.002 0.000
 0.960 -0.038 0.279 0.000
 0.000 0.000 0.000 1.000)
Target Pos: 
(0.279 -0.014 -0.960 0.000
 0.040 0.999 -0.002 0.000
 0.960 -0.038 0.279 0.000
 0.000 0.000 0.000 1.000)


TimeStamp: 1.06650710105896
Pointerpos: 
(0.279 -0.014 -0.960 0.000
 0.040 0.999 -0.002 0.000
 0.960 -0.038 0.279 0.000
 0.000 0.000 0.000 1.000)
Target Pos: 
(0.279 -0.014 -0.960 0.000
 0.040 0.999 -0.002 0.000
 0.960 -0.038 0.279 0.000
 0.000 0.000 0.000 1.000)


TimeStamp: 1.083191156387329
Pointerpos: 
(0.279 -0.014 -0.960 0.000
 0.040 0.999 -0.002 0.000
 0.960 -0.038 0.279 0.000
 0.000 0.000 0.000 1.000)
Target Pos: 
(0.279 -0.014 -0.960 0.000
 0.040 0.999 -0.002 0.000
 0.960 -0.038 0.279 0.000
 0.000 0.000 0.000 1.000)


TimeStamp: 1.0998620986938477
Pointerpos: 
(0.279 -0.014 -0.960 0.000
 0.040 0.999 -0.002 0.000
 0.960 -0.038 0.279 0.000
 0.000 0.000 0.000 1.000)
Target Pos: 
(0.279 -0.014 -0.960 0.000
 0.040 0.999 -0.002 0.000
 0.960 -0.038 0.279 0.000
 0.000 0.000 0.000 1.000)


TimeStamp: 1.1166741847991943
Pointerpos: 
(0.279 -0.014 -0.960 0.000
 0.040 0.999 -0.002 0.000
 0.960 -0.038 0.279 0.000
 0.000 0.000 0.000 1.000)
Target Pos: 
(0.279 -0.014 -0.960 0.000
 0.040 0.999 -0.002 0.000
 0.960 -0.038 0.279 0.000
 0.000 0.000 0.000 1.000)


TimeStamp: 1.1332290172576904
Pointerpos: 
(0.278 -0.014 -0.960 0.000
 0.040 0.999 -0.002 0.000
 0.960 -0.038 0.279 0.000
 0.000 0.000 0.000 1.000)
Target Pos: 
(0.278 -0.014 -0.960 0.000
 0.040 0.999 -0.002 0.000
 0.960 -0.038 0.279 0.000
 0.000 0.000 0.000 1.000)


TimeStamp: 1.1498949527740479
Pointerpos: 
(0.278 -0.014 -0.960 0.000
 0.040 0.999 -0.002 0.000
 0.960 -0.038 0.279 0.000
 0.000 0.000 0.000 1.000)
Target Pos: 
(0.278 -0.014 -0.960 0.000
 0.040 0.999 -0.002 0.000
 0.960 -0.038 0.279 0.000
 0.000 0.000 0.000 1.000)


TimeStamp: 1.1665539741516113
Pointerpos: 
(0.278 -0.014 -0.960 0.000
 0.040 0.999 -0.002 0.000
 0.960 -0.038 0.279 0.000
 0.000 0.000 0.000 1.000)
Target Pos: 
(0.278 -0.014 -0.960 0.000
 0.040 0.999 -0.002 0.000
 0.960 -0.038 0.279 0.000
 0.000 0.000 0.000 1.000)


TimeStamp: 1.1832220554351807
Pointerpos: 
(0.278 -0.014 -0.960 0.000
 0.040 0.999 -0.002 0.000
 0.960 -0.038 0.279 0.000
 0.000 0.000 0.000 1.000)
Target Pos: 
(0.278 -0.014 -0.960 0.000
 0.040 0.999 -0.002 0.000
 0.960 -0.038 0.279 0.000
 0.000 0.000 0.000 1.000)


TimeStamp: 1.1998929977416992
Pointerpos: 
(0.278 -0.014 -0.960 0.000
 0.040 0.999 -0.002 0.000
 0.960 -0.038 0.279 0.000
 0.000 0.000 0.000 1.000)
Target Pos: 
(0.278 -0.014 -0.960 0.000
 0.040 0.999 -0.002 0.000
 0.960 -0.038 0.279 0.000
 0.000 0.000 0.000 1.000)


TimeStamp: 1.2165629863739014
Pointerpos: 
(0.278 -0.014 -0.960 0.000
 0.040 0.999 -0.002 0.000
 0.960 -0.038 0.279 0.000
 0.000 0.000 0.000 1.000)
Target Pos: 
(0.278 -0.014 -0.960 0.000
 0.040 0.999 -0.002 0.000
 0.960 -0.038 0.279 0.000
 0.000 0.000 0.000 1.000)


TimeStamp: 1.2332611083984375
Pointerpos: 
(0.278 -0.014 -0.960 0.000
 0.041 0.999 -0.002 0.000
 0.960 -0.038 0.279 0.000
 0.000 0.000 0.000 1.000)
Target Pos: 
(0.278 -0.014 -0.960 0.000
 0.041 0.999 -0.002 0.000
 0.960 -0.038 0.279 0.000
 0.000 0.000 0.000 1.000)


TimeStamp: 1.2499210834503174
Pointerpos: 
(0.278 -0.014 -0.960 0.000
 0.041 0.999 -0.002 0.000
 0.960 -0.038 0.279 0.000
 0.000 0.000 0.000 1.000)
Target Pos: 
(0.278 -0.014 -0.960 0.000
 0.041 0.999 -0.002 0.000
 0.960 -0.038 0.279 0.000
 0.000 0.000 0.000 1.000)


TimeStamp: 1.2666151523590088
Pointerpos: 
(0.278 -0.014 -0.960 0.000
 0.041 0.999 -0.002 0.000
 0.960 -0.038 0.279 0.000
 0.000 0.000 0.000 1.000)
Target Pos: 
(0.278 -0.014 -0.960 0.000
 0.041 0.999 -0.002 0.000
 0.960 -0.038 0.279 0.000
 0.000 0.000 0.000 1.000)


TimeStamp: 1.2832989692687988
Pointerpos: 
(0.278 -0.014 -0.960 0.000
 0.041 0.999 -0.002 0.000
 0.960 -0.038 0.279 0.000
 0.000 0.000 0.000 1.000)
Target Pos: 
(0.278 -0.014 -0.960 0.000
 0.041 0.999 -0.002 0.000
 0.960 -0.038 0.279 0.000
 0.000 0.000 0.000 1.000)


TimeStamp: 1.2999660968780518
Pointerpos: 
(0.278 -0.014 -0.960 0.000
 0.041 0.999 -0.002 0.000
 0.960 -0.038 0.279 0.000
 0.000 0.000 0.000 1.000)
Target Pos: 
(0.278 -0.014 -0.960 0.000
 0.041 0.999 -0.002 0.000
 0.960 -0.038 0.279 0.000
 0.000 0.000 0.000 1.000)


TimeStamp: 1.3166420459747314
Pointerpos: 
(0.278 -0.014 -0.960 0.000
 0.041 0.999 -0.002 0.000
 0.960 -0.038 0.279 0.000
 0.000 0.000 0.000 1.000)
Target Pos: 
(0.278 -0.014 -0.960 0.000
 0.041 0.999 -0.002 0.000
 0.960 -0.038 0.279 0.000
 0.000 0.000 0.000 1.000)


TimeStamp: 1.3333370685577393
Pointerpos: 
(0.278 -0.014 -0.960 0.000
 0.041 0.999 -0.002 0.000
 0.960 -0.038 0.279 0.000
 0.000 0.000 0.000 1.000)
Target Pos: 
(0.278 -0.014 -0.960 0.000
 0.041 0.999 -0.002 0.000
 0.960 -0.038 0.279 0.000
 0.000 0.000 0.000 1.000)


TimeStamp: 1.3500101566314697
Pointerpos: 
(0.278 -0.014 -0.960 0.000
 0.041 0.999 -0.002 0.000
 0.960 -0.038 0.279 0.000
 0.000 0.000 0.000 1.000)
Target Pos: 
(0.278 -0.014 -0.960 0.000
 0.041 0.999 -0.002 0.000
 0.960 -0.038 0.279 0.000
 0.000 0.000 0.000 1.000)


TimeStamp: 1.3666810989379883
Pointerpos: 
(0.278 -0.014 -0.960 0.000
 0.041 0.999 -0.002 0.000
 0.960 -0.038 0.279 0.000
 0.000 0.000 0.000 1.000)
Target Pos: 
(0.278 -0.014 -0.960 0.000
 0.041 0.999 -0.002 0.000
 0.960 -0.038 0.279 0.000
 0.000 0.000 0.000 1.000)


TimeStamp: 1.3833580017089844
Pointerpos: 
(0.278 -0.014 -0.960 0.000
 0.041 0.999 -0.002 0.000
 0.960 -0.038 0.279 0.000
 0.000 0.000 0.000 1.000)
Target Pos: 
(0.278 -0.014 -0.960 0.000
 0.041 0.999 -0.002 0.000
 0.960 -0.038 0.279 0.000
 0.000 0.000 0.000 1.000)


TimeStamp: 1.4000451564788818
Pointerpos: 
(0.278 -0.013 -0.960 0.000
 0.041 0.999 -0.002 0.000
 0.960 -0.038 0.279 0.000
 0.000 0.000 0.000 1.000)
Target Pos: 
(0.278 -0.013 -0.960 0.000
 0.041 0.999 -0.002 0.000
 0.960 -0.038 0.279 0.000
 0.000 0.000 0.000 1.000)


TimeStamp: 1.41668701171875
Pointerpos: 
(0.278 -0.013 -0.960 0.000
 0.041 0.999 -0.002 0.000
 0.960 -0.038 0.279 0.000
 0.000 0.000 0.000 1.000)
Target Pos: 
(0.278 -0.013 -0.960 0.000
 0.041 0.999 -0.002 0.000
 0.960 -0.038 0.279 0.000
 0.000 0.000 0.000 1.000)


TimeStamp: 1.4333741664886475
Pointerpos: 
(0.278 -0.013 -0.960 0.000
 0.041 0.999 -0.002 0.000
 0.960 -0.038 0.279 0.000
 0.000 0.000 0.000 1.000)
Target Pos: 
(0.278 -0.013 -0.960 0.000
 0.041 0.999 -0.002 0.000
 0.960 -0.038 0.279 0.000
 0.000 0.000 0.000 1.000)


TimeStamp: 1.4500291347503662
Pointerpos: 
(0.278 -0.014 -0.960 0.000
 0.041 0.999 -0.002 0.000
 0.960 -0.038 0.279 0.000
 0.000 0.000 0.000 1.000)
Target Pos: 
(0.278 -0.014 -0.960 0.000
 0.041 0.999 -0.002 0.000
 0.960 -0.038 0.279 0.000
 0.000 0.000 0.000 1.000)


TimeStamp: 1.4667019844055176
Pointerpos: 
(0.279 -0.014 -0.960 0.000
 0.041 0.999 -0.002 0.000
 0.960 -0.038 0.279 0.000
 0.000 0.000 0.000 1.000)
Target Pos: 
(0.279 -0.014 -0.960 0.000
 0.041 0.999 -0.002 0.000
 0.960 -0.038 0.279 0.000
 0.000 0.000 0.000 1.000)


TimeStamp: 1.483384132385254
Pointerpos: 
(0.279 -0.014 -0.960 0.000
 0.041 0.999 -0.002 0.000
 0.960 -0.038 0.279 0.000
 0.000 0.000 0.000 1.000)
Target Pos: 
(0.279 -0.014 -0.960 0.000
 0.041 0.999 -0.002 0.000
 0.960 -0.038 0.279 0.000
 0.000 0.000 0.000 1.000)


TimeStamp: 1.5000669956207275
Pointerpos: 
(0.279 -0.014 -0.960 0.000
 0.041 0.999 -0.002 0.000
 0.960 -0.038 0.279 0.000
 0.000 0.000 0.000 1.000)
Target Pos: 
(0.279 -0.014 -0.960 0.000
 0.041 0.999 -0.002 0.000
 0.960 -0.038 0.279 0.000
 0.000 0.000 0.000 1.000)


TimeStamp: 1.5167529582977295
Pointerpos: 
(0.279 -0.014 -0.960 0.000
 0.041 0.999 -0.002 0.000
 0.960 -0.038 0.279 0.000
 0.000 0.000 0.000 1.000)
Target Pos: 
(0.279 -0.014 -0.960 0.000
 0.041 0.999 -0.002 0.000
 0.960 -0.038 0.279 0.000
 0.000 0.000 0.000 1.000)


TimeStamp: 1.533379077911377
Pointerpos: 
(0.279 -0.014 -0.960 0.000
 0.041 0.999 -0.002 0.000
 0.960 -0.038 0.279 0.000
 0.000 0.000 0.000 1.000)
Target Pos: 
(0.279 -0.014 -0.960 0.000
 0.041 0.999 -0.002 0.000
 0.960 -0.038 0.279 0.000
 0.000 0.000 0.000 1.000)


TimeStamp: 1.5500521659851074
Pointerpos: 
(0.279 -0.014 -0.960 0.000
 0.041 0.999 -0.002 0.000
 0.960 -0.038 0.279 0.000
 0.000 0.000 0.000 1.000)
Target Pos: 
(0.279 -0.014 -0.960 0.000
 0.041 0.999 -0.002 0.000
 0.960 -0.038 0.279 0.000
 0.000 0.000 0.000 1.000)


TimeStamp: 1.5667240619659424
Pointerpos: 
(0.279 -0.014 -0.960 0.000
 0.041 0.999 -0.002 0.000
 0.960 -0.038 0.279 0.000
 0.000 0.000 0.000 1.000)
Target Pos: 
(0.279 -0.014 -0.960 0.000
 0.041 0.999 -0.002 0.000
 0.960 -0.038 0.279 0.000
 0.000 0.000 0.000 1.000)


TimeStamp: 1.5833990573883057
Pointerpos: 
(0.279 -0.014 -0.960 0.000
 0.041 0.999 -0.002 0.000
 0.960 -0.038 0.279 0.000
 0.000 0.000 0.000 1.000)
Target Pos: 
(0.279 -0.014 -0.960 0.000
 0.041 0.999 -0.002 0.000
 0.960 -0.038 0.279 0.000
 0.000 0.000 0.000 1.000)


TimeStamp: 1.6000890731811523
Pointerpos: 
(0.279 -0.014 -0.960 0.000
 0.041 0.999 -0.002 0.000
 0.960 -0.038 0.279 0.000
 0.000 0.000 0.000 1.000)
Target Pos: 
(0.279 -0.014 -0.960 0.000
 0.041 0.999 -0.002 0.000
 0.960 -0.038 0.279 0.000
 0.000 0.000 0.000 1.000)


TimeStamp: 1.6167521476745605
Pointerpos: 
(0.279 -0.014 -0.960 0.000
 0.041 0.999 -0.002 0.000
 0.960 -0.038 0.279 0.000
 0.000 0.000 0.000 1.000)
Target Pos: 
(0.279 -0.014 -0.960 0.000
 0.041 0.999 -0.002 0.000
 0.960 -0.038 0.279 0.000
 0.000 0.000 0.000 1.000)


TimeStamp: 1.6334271430969238
Pointerpos: 
(0.279 -0.014 -0.960 0.000
 0.041 0.999 -0.002 0.000
 0.960 -0.038 0.279 0.000
 0.000 0.000 0.000 1.000)
Target Pos: 
(0.279 -0.014 -0.960 0.000
 0.041 0.999 -0.002 0.000
 0.960 -0.038 0.279 0.000
 0.000 0.000 0.000 1.000)


TimeStamp: 1.6501080989837646
Pointerpos: 
(0.279 -0.014 -0.960 0.000
 0.041 0.999 -0.002 0.000
 0.960 -0.039 0.279 0.000
 0.000 0.000 0.000 1.000)
Target Pos: 
(0.279 -0.014 -0.960 0.000
 0.041 0.999 -0.002 0.000
 0.960 -0.039 0.279 0.000
 0.000 0.000 0.000 1.000)


TimeStamp: 1.666774034500122
Pointerpos: 
(0.279 -0.014 -0.960 0.000
 0.041 0.999 -0.002 0.000
 0.960 -0.039 0.279 0.000
 0.000 0.000 0.000 1.000)
Target Pos: 
(0.279 -0.014 -0.960 0.000
 0.041 0.999 -0.002 0.000
 0.960 -0.039 0.279 0.000
 0.000 0.000 0.000 1.000)


TimeStamp: 1.6834540367126465
Pointerpos: 
(0.279 -0.014 -0.960 0.000
 0.041 0.999 -0.002 0.000
 0.960 -0.039 0.279 0.000
 0.000 0.000 0.000 1.000)
Target Pos: 
(0.279 -0.014 -0.960 0.000
 0.041 0.999 -0.002 0.000
 0.960 -0.039 0.279 0.000
 0.000 0.000 0.000 1.000)


TimeStamp: 1.7001111507415771
Pointerpos: 
(0.279 -0.014 -0.960 0.000
 0.041 0.999 -0.002 0.000
 0.960 -0.039 0.279 0.000
 0.000 0.000 0.000 1.000)
Target Pos: 
(0.279 -0.014 -0.960 0.000
 0.041 0.999 -0.002 0.000
 0.960 -0.039 0.279 0.000
 0.000 0.000 0.000 1.000)


TimeStamp: 1.716783046722412
Pointerpos: 
(0.279 -0.014 -0.960 0.000
 0.041 0.999 -0.002 0.000
 0.960 -0.038 0.279 0.000
 0.000 0.000 0.000 1.000)
Target Pos: 
(0.279 -0.014 -0.960 0.000
 0.041 0.999 -0.002 0.000
 0.960 -0.038 0.279 0.000
 0.000 0.000 0.000 1.000)


TimeStamp: 1.7334489822387695
Pointerpos: 
(0.279 -0.014 -0.960 0.000
 0.041 0.999 -0.002 0.000
 0.960 -0.039 0.279 0.000
 0.000 0.000 0.000 1.000)
Target Pos: 
(0.279 -0.014 -0.960 0.000
 0.041 0.999 -0.002 0.000
 0.960 -0.039 0.279 0.000
 0.000 0.000 0.000 1.000)


TimeStamp: 1.7501230239868164
Pointerpos: 
(0.279 -0.014 -0.960 0.000
 0.041 0.999 -0.002 0.000
 0.960 -0.039 0.279 0.000
 0.000 0.000 0.000 1.000)
Target Pos: 
(0.279 -0.014 -0.960 0.000
 0.041 0.999 -0.002 0.000
 0.960 -0.039 0.279 0.000
 0.000 0.000 0.000 1.000)


TimeStamp: 1.7667951583862305
Pointerpos: 
(0.279 -0.014 -0.960 0.000
 0.041 0.999 -0.002 0.000
 0.960 -0.039 0.279 0.000
 0.000 0.000 0.000 1.000)
Target Pos: 
(0.279 -0.014 -0.960 0.000
 0.041 0.999 -0.002 0.000
 0.960 -0.039 0.279 0.000
 0.000 0.000 0.000 1.000)


TimeStamp: 1.7834789752960205
Pointerpos: 
(0.279 -0.014 -0.960 0.000
 0.041 0.999 -0.002 0.000
 0.960 -0.038 0.279 0.000
 0.000 0.000 0.000 1.000)
Target Pos: 
(0.279 -0.014 -0.960 0.000
 0.041 0.999 -0.002 0.000
 0.960 -0.038 0.279 0.000
 0.000 0.000 0.000 1.000)


TimeStamp: 1.8001580238342285
Pointerpos: 
(0.279 -0.014 -0.960 0.000
 0.041 0.999 -0.002 0.000
 0.960 -0.038 0.279 0.000
 0.000 0.000 0.000 1.000)
Target Pos: 
(0.279 -0.014 -0.960 0.000
 0.041 0.999 -0.002 0.000
 0.960 -0.038 0.279 0.000
 0.000 0.000 0.000 1.000)


TimeStamp: 1.8168351650238037
Pointerpos: 
(0.279 -0.014 -0.960 0.000
 0.041 0.999 -0.002 0.000
 0.960 -0.039 0.279 0.000
 0.000 0.000 0.000 1.000)
Target Pos: 
(0.279 -0.014 -0.960 0.000
 0.041 0.999 -0.002 0.000
 0.960 -0.039 0.279 0.000
 0.000 0.000 0.000 1.000)


TimeStamp: 1.833508014678955
Pointerpos: 
(0.279 -0.014 -0.960 0.000
 0.041 0.999 -0.002 0.000
 0.960 -0.039 0.279 0.000
 0.000 0.000 0.000 1.000)
Target Pos: 
(0.279 -0.014 -0.960 0.000
 0.041 0.999 -0.002 0.000
 0.960 -0.039 0.279 0.000
 0.000 0.000 0.000 1.000)


TimeStamp: 1.850175142288208
Pointerpos: 
(0.279 -0.014 -0.960 0.000
 0.041 0.999 -0.002 0.000
 0.960 -0.039 0.279 0.000
 0.000 0.000 0.000 1.000)
Target Pos: 
(0.279 -0.014 -0.960 0.000
 0.041 0.999 -0.002 0.000
 0.960 -0.039 0.279 0.000
 0.000 0.000 0.000 1.000)


TimeStamp: 1.8668301105499268
Pointerpos: 
(0.279 -0.014 -0.960 0.000
 0.041 0.999 -0.002 0.000
 0.960 -0.038 0.279 0.000
 0.000 0.000 0.000 1.000)
Target Pos: 
(0.279 -0.014 -0.960 0.000
 0.041 0.999 -0.002 0.000
 0.960 -0.038 0.279 0.000
 0.000 0.000 0.000 1.000)


TimeStamp: 1.8835241794586182
Pointerpos: 
(0.279 -0.014 -0.960 0.000
 0.041 0.999 -0.002 0.000
 0.960 -0.038 0.279 0.000
 0.000 0.000 0.000 1.000)
Target Pos: 
(0.279 -0.014 -0.960 0.000
 0.041 0.999 -0.002 0.000
 0.960 -0.038 0.279 0.000
 0.000 0.000 0.000 1.000)


TimeStamp: 1.9001851081848145
Pointerpos: 
(0.279 -0.014 -0.960 0.000
 0.041 0.999 -0.002 0.000
 0.960 -0.038 0.279 0.000
 0.000 0.000 0.000 1.000)
Target Pos: 
(0.279 -0.014 -0.960 0.000
 0.041 0.999 -0.002 0.000
 0.960 -0.038 0.279 0.000
 0.000 0.000 0.000 1.000)


TimeStamp: 1.9168500900268555
Pointerpos: 
(0.279 -0.014 -0.960 0.000
 0.041 0.999 -0.002 0.000
 0.960 -0.038 0.279 0.000
 0.000 0.000 0.000 1.000)
Target Pos: 
(0.279 -0.014 -0.960 0.000
 0.041 0.999 -0.002 0.000
 0.960 -0.038 0.279 0.000
 0.000 0.000 0.000 1.000)


TimeStamp: 1.9335219860076904
Pointerpos: 
(0.279 -0.014 -0.960 0.000
 0.041 0.999 -0.002 0.000
 0.960 -0.038 0.279 0.000
 0.000 0.000 0.000 1.000)
Target Pos: 
(0.279 -0.014 -0.960 0.000
 0.041 0.999 -0.002 0.000
 0.960 -0.038 0.279 0.000
 0.000 0.000 0.000 1.000)


TimeStamp: 1.9501941204071045
Pointerpos: 
(0.279 -0.014 -0.960 0.000
 0.041 0.999 -0.002 0.000
 0.960 -0.038 0.279 0.000
 0.000 0.000 0.000 1.000)
Target Pos: 
(0.279 -0.014 -0.960 0.000
 0.041 0.999 -0.002 0.000
 0.960 -0.038 0.279 0.000
 0.000 0.000 0.000 1.000)


TimeStamp: 1.9668760299682617
Pointerpos: 
(0.279 -0.014 -0.960 0.000
 0.041 0.999 -0.002 0.000
 0.960 -0.038 0.279 0.000
 0.000 0.000 0.000 1.000)
Target Pos: 
(0.279 -0.014 -0.960 0.000
 0.041 0.999 -0.002 0.000
 0.960 -0.038 0.279 0.000
 0.000 0.000 0.000 1.000)


TimeStamp: 1.9835641384124756
Pointerpos: 
(0.279 -0.014 -0.960 0.000
 0.041 0.999 -0.002 0.000
 0.960 -0.038 0.279 0.000
 0.000 0.000 0.000 1.000)
Target Pos: 
(0.279 -0.014 -0.960 0.000
 0.041 0.999 -0.002 0.000
 0.960 -0.038 0.279 0.000
 0.000 0.000 0.000 1.000)


TimeStamp: 2.0002360343933105
Pointerpos: 
(0.279 -0.014 -0.960 0.000
 0.041 0.999 -0.002 0.000
 0.960 -0.038 0.279 0.000
 0.000 0.000 0.000 1.000)
Target Pos: 
(0.279 -0.014 -0.960 0.000
 0.041 0.999 -0.002 0.000
 0.960 -0.038 0.279 0.000
 0.000 0.000 0.000 1.000)


TimeStamp: 2.016890048980713
Pointerpos: 
(0.279 -0.014 -0.960 0.000
 0.041 0.999 -0.002 0.000
 0.960 -0.038 0.279 0.000
 0.000 0.000 0.000 1.000)
Target Pos: 
(0.279 -0.014 -0.960 0.000
 0.041 0.999 -0.002 0.000
 0.960 -0.038 0.279 0.000
 0.000 0.000 0.000 1.000)


TimeStamp: 2.033586025238037
Pointerpos: 
(0.279 -0.014 -0.960 0.000
 0.041 0.999 -0.002 0.000
 0.960 -0.038 0.279 0.000
 0.000 0.000 0.000 1.000)
Target Pos: 
(0.279 -0.014 -0.960 0.000
 0.041 0.999 -0.002 0.000
 0.960 -0.038 0.279 0.000
 0.000 0.000 0.000 1.000)


TimeStamp: 2.050234079360962
Pointerpos: 
(0.279 -0.014 -0.960 0.000
 0.041 0.999 -0.002 0.000
 0.960 -0.038 0.279 0.000
 0.000 0.000 0.000 1.000)
Target Pos: 
(0.279 -0.014 -0.960 0.000
 0.041 0.999 -0.002 0.000
 0.960 -0.038 0.279 0.000
 0.000 0.000 0.000 1.000)


TimeStamp: 2.0669031143188477
Pointerpos: 
(0.279 -0.014 -0.960 0.000
 0.041 0.999 -0.002 0.000
 0.960 -0.038 0.279 0.000
 0.000 0.000 0.000 1.000)
Target Pos: 
(0.279 -0.014 -0.960 0.000
 0.041 0.999 -0.002 0.000
 0.960 -0.038 0.279 0.000
 0.000 0.000 0.000 1.000)


TimeStamp: 2.083620071411133
Pointerpos: 
(0.279 -0.014 -0.960 0.000
 0.041 0.999 -0.002 0.000
 0.960 -0.038 0.279 0.000
 0.000 0.000 0.000 1.000)
Target Pos: 
(0.279 -0.014 -0.960 0.000
 0.041 0.999 -0.002 0.000
 0.960 -0.038 0.279 0.000
 0.000 0.000 0.000 1.000)


TimeStamp: 2.10030198097229
Pointerpos: 
(0.279 -0.014 -0.960 0.000
 0.041 0.999 -0.002 0.000
 0.960 -0.038 0.279 0.000
 0.000 0.000 0.000 1.000)
Target Pos: 
(0.279 -0.014 -0.960 0.000
 0.041 0.999 -0.002 0.000
 0.960 -0.038 0.279 0.000
 0.000 0.000 0.000 1.000)


TimeStamp: 2.116974115371704
Pointerpos: 
(0.279 -0.014 -0.960 0.000
 0.041 0.999 -0.002 0.000
 0.960 -0.038 0.279 0.000
 0.000 0.000 0.000 1.000)
Target Pos: 
(0.279 -0.014 -0.960 0.000
 0.041 0.999 -0.002 0.000
 0.960 -0.038 0.279 0.000
 0.000 0.000 0.000 1.000)


TimeStamp: 2.1336381435394287
Pointerpos: 
(0.279 -0.014 -0.960 0.000
 0.041 0.999 -0.002 0.000
 0.960 -0.038 0.279 0.000
 0.000 0.000 0.000 1.000)
Target Pos: 
(0.279 -0.014 -0.960 0.000
 0.041 0.999 -0.002 0.000
 0.960 -0.038 0.279 0.000
 0.000 0.000 0.000 1.000)


TimeStamp: 2.1503190994262695
Pointerpos: 
(0.279 -0.014 -0.960 0.000
 0.041 0.999 -0.002 0.000
 0.960 -0.038 0.279 0.000
 0.000 0.000 0.000 1.000)
Target Pos: 
(0.279 -0.014 -0.960 0.000
 0.041 0.999 -0.002 0.000
 0.960 -0.038 0.279 0.000
 0.000 0.000 0.000 1.000)


TimeStamp: 2.167004108428955
Pointerpos: 
(0.279 -0.014 -0.960 0.000
 0.041 0.999 -0.002 0.000
 0.960 -0.038 0.279 0.000
 0.000 0.000 0.000 1.000)
Target Pos: 
(0.279 -0.014 -0.960 0.000
 0.041 0.999 -0.002 0.000
 0.960 -0.038 0.279 0.000
 0.000 0.000 0.000 1.000)


TimeStamp: 2.183690071105957
Pointerpos: 
(0.279 -0.014 -0.960 0.000
 0.041 0.999 -0.002 0.000
 0.960 -0.038 0.279 0.000
 0.000 0.000 0.000 1.000)
Target Pos: 
(0.279 -0.014 -0.960 0.000
 0.041 0.999 -0.002 0.000
 0.960 -0.038 0.279 0.000
 0.000 0.000 0.000 1.000)


TimeStamp: 2.200350046157837
Pointerpos: 
(0.279 -0.014 -0.960 0.000
 0.041 0.999 -0.002 0.000
 0.960 -0.038 0.279 0.000
 0.000 0.000 0.000 1.000)
Target Pos: 
(0.279 -0.014 -0.960 0.000
 0.041 0.999 -0.002 0.000
 0.960 -0.038 0.279 0.000
 0.000 0.000 0.000 1.000)


TimeStamp: 2.2170369625091553
Pointerpos: 
(0.279 -0.014 -0.960 0.000
 0.041 0.999 -0.002 0.000
 0.960 -0.038 0.279 0.000
 0.000 0.000 0.000 1.000)
Target Pos: 
(0.279 -0.014 -0.960 0.000
 0.041 0.999 -0.002 0.000
 0.960 -0.038 0.279 0.000
 0.000 0.000 0.000 1.000)


TimeStamp: 2.233689069747925
Pointerpos: 
(0.279 -0.014 -0.960 0.000
 0.041 0.999 -0.002 0.000
 0.960 -0.038 0.279 0.000
 0.000 0.000 0.000 1.000)
Target Pos: 
(0.279 -0.014 -0.960 0.000
 0.041 0.999 -0.002 0.000
 0.960 -0.038 0.279 0.000
 0.000 0.000 0.000 1.000)


TimeStamp: 2.2503530979156494
Pointerpos: 
(0.279 -0.014 -0.960 0.000
 0.041 0.999 -0.002 0.000
 0.960 -0.038 0.279 0.000
 0.000 0.000 0.000 1.000)
Target Pos: 
(0.279 -0.014 -0.960 0.000
 0.041 0.999 -0.002 0.000
 0.960 -0.038 0.279 0.000
 0.000 0.000 0.000 1.000)


TimeStamp: 2.26702618598938
Pointerpos: 
(0.279 -0.014 -0.960 0.000
 0.041 0.999 -0.002 0.000
 0.960 -0.038 0.279 0.000
 0.000 0.000 0.000 1.000)
Target Pos: 
(0.279 -0.014 -0.960 0.000
 0.041 0.999 -0.002 0.000
 0.960 -0.038 0.279 0.000
 0.000 0.000 0.000 1.000)


TimeStamp: 2.283720016479492
Pointerpos: 
(0.279 -0.014 -0.960 0.000
 0.041 0.999 -0.002 0.000
 0.960 -0.038 0.279 0.000
 0.000 0.000 0.000 1.000)
Target Pos: 
(0.279 -0.014 -0.960 0.000
 0.041 0.999 -0.002 0.000
 0.960 -0.038 0.279 0.000
 0.000 0.000 0.000 1.000)


TimeStamp: 2.300398111343384
Pointerpos: 
(0.279 -0.014 -0.960 0.000
 0.041 0.999 -0.002 0.000
 0.960 -0.038 0.279 0.000
 0.000 0.000 0.000 1.000)
Target Pos: 
(0.279 -0.014 -0.960 0.000
 0.041 0.999 -0.002 0.000
 0.960 -0.038 0.279 0.000
 0.000 0.000 0.000 1.000)


TimeStamp: 2.3170881271362305
Pointerpos: 
(0.279 -0.014 -0.960 0.000
 0.041 0.999 -0.002 0.000
 0.960 -0.038 0.279 0.000
 0.000 0.000 0.000 1.000)
Target Pos: 
(0.279 -0.014 -0.960 0.000
 0.041 0.999 -0.002 0.000
 0.960 -0.038 0.279 0.000
 0.000 0.000 0.000 1.000)


TimeStamp: 2.333752155303955
Pointerpos: 
(0.279 -0.014 -0.960 0.000
 0.041 0.999 -0.002 0.000
 0.960 -0.038 0.279 0.000
 0.000 0.000 0.000 1.000)
Target Pos: 
(0.279 -0.014 -0.960 0.000
 0.041 0.999 -0.002 0.000
 0.960 -0.038 0.279 0.000
 0.000 0.000 0.000 1.000)


TimeStamp: 2.350425958633423
Pointerpos: 
(0.279 -0.014 -0.960 0.000
 0.041 0.999 -0.002 0.000
 0.960 -0.039 0.279 0.000
 0.000 0.000 0.000 1.000)
Target Pos: 
(0.279 -0.014 -0.960 0.000
 0.041 0.999 -0.002 0.000
 0.960 -0.039 0.279 0.000
 0.000 0.000 0.000 1.000)


TimeStamp: 2.3670811653137207
Pointerpos: 
(0.279 -0.014 -0.960 0.000
 0.041 0.999 -0.002 0.000
 0.960 -0.039 0.279 0.000
 0.000 0.000 0.000 1.000)
Target Pos: 
(0.279 -0.014 -0.960 0.000
 0.041 0.999 -0.002 0.000
 0.960 -0.039 0.279 0.000
 0.000 0.000 0.000 1.000)


TimeStamp: 2.3837430477142334
Pointerpos: 
(0.279 -0.014 -0.960 0.000
 0.041 0.999 -0.002 0.000
 0.960 -0.039 0.279 0.000
 0.000 0.000 0.000 1.000)
Target Pos: 
(0.279 -0.014 -0.960 0.000
 0.041 0.999 -0.002 0.000
 0.960 -0.039 0.279 0.000
 0.000 0.000 0.000 1.000)


TimeStamp: 2.4004299640655518
Pointerpos: 
(0.279 -0.014 -0.960 0.000
 0.041 0.999 -0.002 0.000
 0.960 -0.039 0.279 0.000
 0.000 0.000 0.000 1.000)
Target Pos: 
(0.279 -0.014 -0.960 0.000
 0.041 0.999 -0.002 0.000
 0.960 -0.039 0.279 0.000
 0.000 0.000 0.000 1.000)


TimeStamp: 2.4170989990234375
Pointerpos: 
(0.279 -0.014 -0.960 0.000
 0.041 0.999 -0.002 0.000
 0.960 -0.039 0.279 0.000
 0.000 0.000 0.000 1.000)
Target Pos: 
(0.279 -0.014 -0.960 0.000
 0.041 0.999 -0.002 0.000
 0.960 -0.039 0.279 0.000
 0.000 0.000 0.000 1.000)


TimeStamp: 2.433793067932129
Pointerpos: 
(0.279 -0.014 -0.960 0.000
 0.041 0.999 -0.002 0.000
 0.960 -0.039 0.279 0.000
 0.000 0.000 0.000 1.000)
Target Pos: 
(0.279 -0.014 -0.960 0.000
 0.041 0.999 -0.002 0.000
 0.960 -0.039 0.279 0.000
 0.000 0.000 0.000 1.000)


TimeStamp: 2.4504730701446533
Pointerpos: 
(0.279 -0.014 -0.960 0.000
 0.041 0.999 -0.002 0.000
 0.960 -0.039 0.279 0.000
 0.000 0.000 0.000 1.000)
Target Pos: 
(0.279 -0.014 -0.960 0.000
 0.041 0.999 -0.002 0.000
 0.960 -0.039 0.279 0.000
 0.000 0.000 0.000 1.000)


TimeStamp: 2.467146158218384
Pointerpos: 
(0.279 -0.014 -0.960 0.000
 0.041 0.999 -0.002 0.000
 0.960 -0.039 0.279 0.000
 0.000 0.000 0.000 1.000)
Target Pos: 
(0.279 -0.014 -0.960 0.000
 0.041 0.999 -0.002 0.000
 0.960 -0.039 0.279 0.000
 0.000 0.000 0.000 1.000)


TimeStamp: 2.4838240146636963
Pointerpos: 
(0.279 -0.014 -0.960 0.000
 0.041 0.999 -0.002 0.000
 0.960 -0.039 0.279 0.000
 0.000 0.000 0.000 1.000)
Target Pos: 
(0.279 -0.014 -0.960 0.000
 0.041 0.999 -0.002 0.000
 0.960 -0.039 0.279 0.000
 0.000 0.000 0.000 1.000)


TimeStamp: 2.500498056411743
Pointerpos: 
(0.279 -0.014 -0.960 0.000
 0.041 0.999 -0.002 0.000
 0.960 -0.039 0.279 0.000
 0.000 0.000 0.000 1.000)
Target Pos: 
(0.279 -0.014 -0.960 0.000
 0.041 0.999 -0.002 0.000
 0.960 -0.039 0.279 0.000
 0.000 0.000 0.000 1.000)


TimeStamp: 2.517202138900757
Pointerpos: 
(0.279 -0.014 -0.960 0.000
 0.041 0.999 -0.002 0.000
 0.960 -0.039 0.279 0.000
 0.000 0.000 0.000 1.000)
Target Pos: 
(0.279 -0.014 -0.960 0.000
 0.041 0.999 -0.002 0.000
 0.960 -0.039 0.279 0.000
 0.000 0.000 0.000 1.000)


TimeStamp: 2.533851146697998
Pointerpos: 
(0.279 -0.014 -0.960 0.000
 0.041 0.999 -0.002 0.000
 0.960 -0.039 0.279 0.000
 0.000 0.000 0.000 1.000)
Target Pos: 
(0.279 -0.014 -0.960 0.000
 0.041 0.999 -0.002 0.000
 0.960 -0.039 0.279 0.000
 0.000 0.000 0.000 1.000)


TimeStamp: 2.5505211353302
Pointerpos: 
(0.279 -0.014 -0.960 0.000
 0.041 0.999 -0.002 0.000
 0.960 -0.039 0.279 0.000
 0.000 0.000 0.000 1.000)
Target Pos: 
(0.279 -0.014 -0.960 0.000
 0.041 0.999 -0.002 0.000
 0.960 -0.039 0.279 0.000
 0.000 0.000 0.000 1.000)


TimeStamp: 2.567176103591919
Pointerpos: 
(0.279 -0.014 -0.960 0.000
 0.041 0.999 -0.002 0.000
 0.960 -0.039 0.279 0.000
 0.000 0.000 0.000 1.000)
Target Pos: 
(0.279 -0.014 -0.960 0.000
 0.041 0.999 -0.002 0.000
 0.960 -0.039 0.279 0.000
 0.000 0.000 0.000 1.000)


TimeStamp: 2.5838429927825928
Pointerpos: 
(0.279 -0.014 -0.960 0.000
 0.041 0.999 -0.002 0.000
 0.960 -0.039 0.279 0.000
 0.000 0.000 0.000 1.000)
Target Pos: 
(0.279 -0.014 -0.960 0.000
 0.041 0.999 -0.002 0.000
 0.960 -0.039 0.279 0.000
 0.000 0.000 0.000 1.000)


TimeStamp: 2.6005520820617676
Pointerpos: 
(0.279 -0.014 -0.960 0.000
 0.041 0.999 -0.002 0.000
 0.960 -0.039 0.279 0.000
 0.000 0.000 0.000 1.000)
Target Pos: 
(0.279 -0.014 -0.960 0.000
 0.041 0.999 -0.002 0.000
 0.960 -0.039 0.279 0.000
 0.000 0.000 0.000 1.000)


TimeStamp: 2.6172449588775635
Pointerpos: 
(0.279 -0.014 -0.960 0.000
 0.041 0.999 -0.002 0.000
 0.960 -0.039 0.279 0.000
 0.000 0.000 0.000 1.000)
Target Pos: 
(0.279 -0.014 -0.960 0.000
 0.041 0.999 -0.002 0.000
 0.960 -0.039 0.279 0.000
 0.000 0.000 0.000 1.000)


TimeStamp: 2.6339070796966553
Pointerpos: 
(0.279 -0.014 -0.960 0.000
 0.041 0.999 -0.002 0.000
 0.960 -0.039 0.279 0.000
 0.000 0.000 0.000 1.000)
Target Pos: 
(0.279 -0.014 -0.960 0.000
 0.041 0.999 -0.002 0.000
 0.960 -0.039 0.279 0.000
 0.000 0.000 0.000 1.000)


TimeStamp: 2.6505630016326904
Pointerpos: 
(0.279 -0.014 -0.960 0.000
 0.041 0.999 -0.002 0.000
 0.960 -0.039 0.279 0.000
 0.000 0.000 0.000 1.000)
Target Pos: 
(0.279 -0.014 -0.960 0.000
 0.041 0.999 -0.002 0.000
 0.960 -0.039 0.279 0.000
 0.000 0.000 0.000 1.000)


TimeStamp: 2.6672310829162598
Pointerpos: 
(0.279 -0.014 -0.960 0.000
 0.041 0.999 -0.002 0.000
 0.960 -0.039 0.279 0.000
 0.000 0.000 0.000 1.000)
Target Pos: 
(0.279 -0.014 -0.960 0.000
 0.041 0.999 -0.002 0.000
 0.960 -0.039 0.279 0.000
 0.000 0.000 0.000 1.000)


TimeStamp: 2.683907985687256
Pointerpos: 
(0.279 -0.014 -0.960 0.000
 0.041 0.999 -0.002 0.000
 0.960 -0.039 0.279 0.000
 0.000 0.000 0.000 1.000)
Target Pos: 
(0.279 -0.014 -0.960 0.000
 0.041 0.999 -0.002 0.000
 0.960 -0.039 0.279 0.000
 0.000 0.000 0.000 1.000)


TimeStamp: 2.7005820274353027
Pointerpos: 
(0.279 -0.014 -0.960 0.000
 0.041 0.999 -0.002 0.000
