TimeStamp: 0.028033018112182617
Pointerpos: 
(0.999 -0.031 -0.038 0.000
 0.031 0.999 0.007 0.000
 0.037 -0.008 0.999 0.000
 0.000 0.000 0.000 1.000)
Target Pos: 
(0.999 -0.031 -0.038 0.000
 0.031 0.999 0.007 0.000
 0.037 -0.008 0.999 0.000
 0.000 0.000 0.000 1.000)


TimeStamp: 0.2807180881500244
Pointerpos: 
(0.999 -0.031 -0.038 0.000
 0.031 0.999 0.007 0.000
 0.038 -0.008 0.999 0.000
 0.000 0.000 0.000 1.000)
Target Pos: 
(0.999 -0.031 -0.038 0.000
 0.031 0.999 0.007 0.000
 0.038 -0.008 0.999 0.000
 0.000 0.000 0.000 1.000)


TimeStamp: 0.2969372272491455
Pointerpos: 
(0.999 -0.031 -0.038 0.000
 0.031 0.999 0.007 0.000
 0.038 -0.008 0.999 0.000
 0.000 0.000 0.000 1.000)
Target Pos: 
(0.999 -0.031 -0.038 0.000
 0.031 0.999 0.007 0.000
 0.038 -0.008 0.999 0.000
 0.000 0.000 0.000 1.000)


TimeStamp: 0.3136751651763916
Pointerpos: 
(0.999 -0.031 -0.038 0.000
 0.031 0.999 0.007 0.000
 0.038 -0.008 0.999 0.000
 0.000 0.000 0.000 1.000)
Target Pos: 
(0.999 -0.031 -0.038 0.000
 0.031 0.999 0.007 0.000
 0.038 -0.008 0.999 0.000
 0.000 0.000 0.000 1.000)


TimeStamp: 0.330111026763916
Pointerpos: 
(0.999 -0.031 -0.038 0.000
 0.031 0.999 0.007 0.000
 0.038 -0.008 0.999 0.000
 0.000 0.000 0.000 1.000)
Target Pos: 
(0.999 -0.031 -0.038 0.000
 0.031 0.999 0.007 0.000
 0.038 -0.008 0.999 0.000
 0.000 0.000 0.000 1.000)


TimeStamp: 0.34698009490966797
Pointerpos: 
(0.999 -0.031 -0.038 0.000
 0.031 0.999 0.007 0.000
 0.038 -0.008 0.999 0.000
 0.000 0.000 0.000 1.000)
Target Pos: 
(0.999 -0.031 -0.038 0.000
 0.031 0.999 0.007 0.000
 0.038 -0.008 0.999 0.000
 0.000 0.000 0.000 1.000)


TimeStamp: 0.3636481761932373
Pointerpos: 
(0.999 -0.031 -0.038 0.000
 0.031 0.999 0.007 0.000
 0.038 -0.008 0.999 0.000
 0.000 0.000 0.000 1.000)
Target Pos: 
(0.999 -0.031 -0.038 0.000
 0.031 0.999 0.007 0.000
 0.038 -0.008 0.999 0.000
 0.000 0.000 0.000 1.000)


TimeStamp: 0.38035106658935547
Pointerpos: 
(0.999 -0.031 -0.038 0.000
 0.031 0.999 0.007 0.000
 0.038 -0.008 0.999 0.000
 0.000 0.000 0.000 1.000)
Target Pos: 
(0.999 -0.031 -0.038 0.000
 0.031 0.999 0.007 0.000
 0.038 -0.008 0.999 0.000
 0.000 0.000 0.000 1.000)


TimeStamp: 0.397022008895874
Pointerpos: 
(0.999 -0.031 -0.038 0.000
 0.031 0.999 0.007 0.000
 0.038 -0.008 0.999 0.000
 0.000 0.000 0.000 1.000)
Target Pos: 
(0.999 -0.031 -0.038 0.000
 0.031 0.999 0.007 0.000
 0.038 -0.008 0.999 0.000
 0.000 0.000 0.000 1.000)


TimeStamp: 0.41365599632263184
Pointerpos: 
(0.999 -0.031 -0.038 0.000
 0.031 0.999 0.007 0.000
 0.038 -0.008 0.999 0.000
 0.000 0.000 0.000 1.000)
Target Pos: 
(0.999 -0.031 -0.038 0.000
 0.031 0.999 0.007 0.000
 0.038 -0.008 0.999 0.000
 0.000 0.000 0.000 1.000)


TimeStamp: 0.4302091598510742
Pointerpos: 
(0.999 -0.031 -0.038 0.000
 0.031 0.999 0.007 0.000
 0.038 -0.008 0.999 0.000
 0.000 0.000 0.000 1.000)
Target Pos: 
(0.999 -0.031 -0.038 0.000
 0.031 0.999 0.007 0.000
 0.038 -0.008 0.999 0.000
 0.000 0.000 0.000 1.000)


TimeStamp: 0.4468681812286377
Pointerpos: 
(0.999 -0.031 -0.038 0.000
 0.031 0.999 0.007 0.000
 0.037 -0.008 0.999 0.000
 0.000 0.000 0.000 1.000)
Target Pos: 
(0.999 -0.031 -0.038 0.000
 0.031 0.999 0.007 0.000
 0.037 -0.008 0.999 0.000
 0.000 0.000 0.000 1.000)


TimeStamp: 0.46354007720947266
Pointerpos: 
(0.999 -0.031 -0.038 0.000
 0.031 0.999 0.007 0.000
 0.037 -0.008 0.999 0.000
 0.000 0.000 0.000 1.000)
Target Pos: 
(0.999 -0.031 -0.038 0.000
 0.031 0.999 0.007 0.000
 0.037 -0.008 0.999 0.000
 0.000 0.000 0.000 1.000)


TimeStamp: 0.48021507263183594
Pointerpos: 
(0.999 -0.031 -0.038 0.000
 0.031 0.999 0.007 0.000
 0.038 -0.008 0.999 0.000
 0.000 0.000 0.000 1.000)
Target Pos: 
(0.999 -0.031 -0.038 0.000
 0.031 0.999 0.007 0.000
 0.038 -0.008 0.999 0.000
 0.000 0.000 0.000 1.000)


TimeStamp: 0.4970412254333496
Pointerpos: 
(0.999 -0.031 -0.038 0.000
 0.031 0.999 0.007 0.000
 0.038 -0.008 0.999 0.000
 0.000 0.000 0.000 1.000)
Target Pos: 
(0.999 -0.031 -0.038 0.000
 0.031 0.999 0.007 0.000
 0.038 -0.008 0.999 0.000
 0.000 0.000 0.000 1.000)


TimeStamp: 0.5135672092437744
Pointerpos: 
(0.999 -0.031 -0.038 0.000
 0.031 0.999 0.007 0.000
 0.038 -0.008 0.999 0.000
 0.000 0.000 0.000 1.000)
Target Pos: 
(0.999 -0.031 -0.038 0.000
 0.031 0.999 0.007 0.000
 0.038 -0.008 0.999 0.000
 0.000 0.000 0.000 1.000)


TimeStamp: 0.5303962230682373
Pointerpos: 
(0.999 -0.031 -0.038 0.000
 0.031 0.999 0.007 0.000
 0.038 -0.008 0.999 0.000
 0.000 0.000 0.000 1.000)
Target Pos: 
(0.999 -0.031 -0.038 0.000
 0.031 0.999 0.007 0.000
 0.038 -0.008 0.999 0.000
 0.000 0.000 0.000 1.000)


TimeStamp: 0.5470850467681885
Pointerpos: 
(0.999 -0.031 -0.038 0.000
 0.031 0.999 0.007 0.000
 0.038 -0.008 0.999 0.000
 0.000 0.000 0.000 1.000)
Target Pos: 
(0.999 -0.031 -0.038 0.000
 0.031 0.999 0.007 0.000
 0.038 -0.008 0.999 0.000
 0.000 0.000 0.000 1.000)


TimeStamp: 0.5641610622406006
Pointerpos: 
(0.999 -0.030 -0.038 0.000
 0.031 0.999 0.007 0.000
 0.038 -0.008 0.999 0.000
 0.000 0.000 0.000 1.000)
Target Pos: 
(0.999 -0.030 -0.038 0.000
 0.031 0.999 0.007 0.000
 0.038 -0.008 0.999 0.000
 0.000 0.000 0.000 1.000)


TimeStamp: 0.5807301998138428
Pointerpos: 
(0.999 -0.030 -0.038 0.000
 0.031 0.999 0.007 0.000
 0.038 -0.008 0.999 0.000
 0.000 0.000 0.000 1.000)
Target Pos: 
(0.999 -0.030 -0.038 0.000
 0.031 0.999 0.007 0.000
 0.038 -0.008 0.999 0.000
 0.000 0.000 0.000 1.000)


TimeStamp: 0.597419023513794
Pointerpos: 
(0.999 -0.030 -0.038 0.000
 0.031 0.999 0.007 0.000
 0.038 -0.008 0.999 0.000
 0.000 0.000 0.000 1.000)
Target Pos: 
(0.999 -0.030 -0.038 0.000
 0.031 0.999 0.007 0.000
 0.038 -0.008 0.999 0.000
 0.000 0.000 0.000 1.000)


TimeStamp: 0.6141030788421631
Pointerpos: 
(0.999 -0.030 -0.038 0.000
 0.031 0.999 0.007 0.000
 0.038 -0.008 0.999 0.000
 0.000 0.000 0.000 1.000)
Target Pos: 
(0.999 -0.030 -0.038 0.000
 0.031 0.999 0.007 0.000
 0.038 -0.008 0.999 0.000
 0.000 0.000 0.000 1.000)


TimeStamp: 0.6307990550994873
Pointerpos: 
(0.999 -0.031 -0.038 0.000
 0.031 0.999 0.007 0.000
 0.037 -0.009 0.999 0.000
 0.000 0.000 0.000 1.000)
Target Pos: 
(0.999 -0.031 -0.038 0.000
 0.031 0.999 0.007 0.000
 0.037 -0.009 0.999 0.000
 0.000 0.000 0.000 1.000)


TimeStamp: 0.647468090057373
Pointerpos: 
(0.999 -0.031 -0.038 0.000
 0.031 0.999 0.007 0.000
 0.037 -0.008 0.999 0.000
 0.000 0.000 0.000 1.000)
Target Pos: 
(0.999 -0.031 -0.038 0.000
 0.031 0.999 0.007 0.000
 0.037 -0.008 0.999 0.000
 0.000 0.000 0.000 1.000)


TimeStamp: 0.6641561985015869
Pointerpos: 
(0.999 -0.031 -0.037 0.000
 0.031 0.999 0.007 0.000
 0.037 -0.009 0.999 0.000
 0.000 0.000 0.000 1.000)
Target Pos: 
(0.999 -0.031 -0.037 0.000
 0.031 0.999 0.007 0.000
 0.037 -0.009 0.999 0.000
 0.000 0.000 0.000 1.000)


TimeStamp: 0.6808991432189941
Pointerpos: 
(0.999 -0.031 -0.037 0.000
 0.031 0.999 0.007 0.000
 0.037 -0.008 0.999 0.000
 0.000 0.000 0.000 1.000)
Target Pos: 
(0.999 -0.031 -0.037 0.000
 0.031 0.999 0.007 0.000
 0.037 -0.008 0.999 0.000
 0.000 0.000 0.000 1.000)


TimeStamp: 0.697519063949585
Pointerpos: 
(0.999 -0.031 -0.038 0.000
 0.031 0.999 0.007 0.000
 0.037 -0.008 0.999 0.000
 0.000 0.000 0.000 1.000)
Target Pos: 
(0.999 -0.031 -0.038 0.000
 0.031 0.999 0.007 0.000
 0.037 -0.008 0.999 0.000
 0.000 0.000 0.000 1.000)


TimeStamp: 0.7142090797424316
Pointerpos: 
(0.999 -0.031 -0.038 0.000
 0.031 0.999 0.007 0.000
 0.038 -0.008 0.999 0.000
 0.000 0.000 0.000 1.000)
Target Pos: 
(0.999 -0.031 -0.038 0.000
 0.031 0.999 0.007 0.000
 0.038 -0.008 0.999 0.000
 0.000 0.000 0.000 1.000)


TimeStamp: 0.73091721534729
Pointerpos: 
(0.999 -0.031 -0.038 0.000
 0.031 0.999 0.007 0.000
 0.037 -0.008 0.999 0.000
 0.000 0.000 0.000 1.000)
Target Pos: 
(0.999 -0.031 -0.038 0.000
 0.031 0.999 0.007 0.000
 0.037 -0.008 0.999 0.000
 0.000 0.000 0.000 1.000)


TimeStamp: 0.7475581169128418
Pointerpos: 
(0.999 -0.030 -0.038 0.000
 0.031 0.999 0.007 0.000
 0.038 -0.008 0.999 0.000
 0.000 0.000 0.000 1.000)
Target Pos: 
(0.999 -0.030 -0.038 0.000
 0.031 0.999 0.007 0.000
 0.038 -0.008 0.999 0.000
 0.000 0.000 0.000 1.000)


TimeStamp: 0.7642550468444824
Pointerpos: 
(0.999 -0.031 -0.037 0.000
 0.031 0.999 0.008 0.000
 0.037 -0.009 0.999 0.000
 0.000 0.000 0.000 1.000)
Target Pos: 
(0.999 -0.031 -0.037 0.000
 0.031 0.999 0.008 0.000
 0.037 -0.009 0.999 0.000
 0.000 0.000 0.000 1.000)


TimeStamp: 0.7809300422668457
Pointerpos: 
(0.999 -0.031 -0.038 0.000
 0.031 0.999 0.008 0.000
 0.037 -0.009 0.999 0.000
 0.000 0.000 0.000 1.000)
Target Pos: 
(0.999 -0.031 -0.038 0.000
 0.031 0.999 0.008 0.000
 0.037 -0.009 0.999 0.000
 0.000 0.000 0.000 1.000)


TimeStamp: 0.7976691722869873
Pointerpos: 
(0.999 -0.031 -0.037 0.000
 0.031 0.999 0.008 0.000
 0.037 -0.009 0.999 0.000
 0.000 0.000 0.000 1.000)
Target Pos: 
(0.999 -0.031 -0.037 0.000
 0.031 0.999 0.008 0.000
 0.037 -0.009 0.999 0.000
 0.000 0.000 0.000 1.000)


TimeStamp: 0.8142440319061279
Pointerpos: 
(0.999 -0.031 -0.037 0.000
 0.031 0.999 0.008 0.000
 0.037 -0.009 0.999 0.000
 0.000 0.000 0.000 1.000)
Target Pos: 
(0.999 -0.031 -0.037 0.000
 0.031 0.999 0.008 0.000
 0.037 -0.009 0.999 0.000
 0.000 0.000 0.000 1.000)


TimeStamp: 0.830963134765625
Pointerpos: 
(0.999 -0.031 -0.038 0.000
 0.031 0.999 0.007 0.000
 0.037 -0.009 0.999 0.000
 0.000 0.000 0.000 1.000)
Target Pos: 
(0.999 -0.031 -0.038 0.000
 0.031 0.999 0.007 0.000
 0.037 -0.009 0.999 0.000
 0.000 0.000 0.000 1.000)


TimeStamp: 0.8477652072906494
Pointerpos: 
(0.999 -0.031 -0.038 0.000
 0.031 0.999 0.007 0.000
 0.038 -0.008 0.999 0.000
 0.000 0.000 0.000 1.000)
Target Pos: 
(0.999 -0.031 -0.038 0.000
 0.031 0.999 0.007 0.000
 0.038 -0.008 0.999 0.000
 0.000 0.000 0.000 1.000)


TimeStamp: 0.8643012046813965
Pointerpos: 
(0.999 -0.031 -0.038 0.000
 0.031 0.999 0.007 0.000
 0.038 -0.008 0.999 0.000
 0.000 0.000 0.000 1.000)
Target Pos: 
(0.999 -0.031 -0.038 0.000
 0.031 0.999 0.007 0.000
 0.038 -0.008 0.999 0.000
 0.000 0.000 0.000 1.000)


TimeStamp: 0.8809621334075928
Pointerpos: 
(0.999 -0.031 -0.038 0.000
 0.031 0.999 0.007 0.000
 0.038 -0.008 0.999 0.000
 0.000 0.000 0.000 1.000)
Target Pos: 
(0.999 -0.031 -0.038 0.000
 0.031 0.999 0.007 0.000
 0.038 -0.008 0.999 0.000
 0.000 0.000 0.000 1.000)


TimeStamp: 0.8977382183074951
Pointerpos: 
(0.999 -0.031 -0.038 0.000
 0.031 0.999 0.007 0.000
 0.038 -0.008 0.999 0.000
 0.000 0.000 0.000 1.000)
Target Pos: 
(0.999 -0.031 -0.038 0.000
 0.031 0.999 0.007 0.000
 0.038 -0.008 0.999 0.000
 0.000 0.000 0.000 1.000)


TimeStamp: 0.9144401550292969
Pointerpos: 
(0.999 -0.031 -0.038 0.000
 0.031 0.999 0.007 0.000
 0.038 -0.008 0.999 0.000
 0.000 0.000 0.000 1.000)
Target Pos: 
(0.999 -0.031 -0.038 0.000
 0.031 0.999 0.007 0.000
 0.038 -0.008 0.999 0.000
 0.000 0.000 0.000 1.000)


TimeStamp: 0.9311361312866211
Pointerpos: 
(0.999 -0.031 -0.038 0.000
 0.031 0.999 0.007 0.000
 0.038 -0.008 0.999 0.000
 0.000 0.000 0.000 1.000)
Target Pos: 
(0.999 -0.031 -0.038 0.000
 0.031 0.999 0.007 0.000
 0.038 -0.008 0.999 0.000
 0.000 0.000 0.000 1.000)


TimeStamp: 0.9478042125701904
Pointerpos: 
(0.999 -0.030 -0.038 0.000
 0.031 0.999 0.007 0.000
 0.038 -0.008 0.999 0.000
 0.000 0.000 0.000 1.000)
Target Pos: 
(0.999 -0.030 -0.038 0.000
 0.031 0.999 0.007 0.000
 0.038 -0.008 0.999 0.000
 0.000 0.000 0.000 1.000)


TimeStamp: 0.9644820690155029
Pointerpos: 
(0.999 -0.031 -0.038 0.000
 0.031 0.999 0.007 0.000
 0.037 -0.008 0.999 0.000
 0.000 0.000 0.000 1.000)
Target Pos: 
(0.999 -0.031 -0.038 0.000
 0.031 0.999 0.007 0.000
 0.037 -0.008 0.999 0.000
 0.000 0.000 0.000 1.000)


TimeStamp: 0.9811980724334717
Pointerpos: 
(0.999 -0.031 -0.038 0.000
 0.031 0.999 0.007 0.000
 0.037 -0.008 0.999 0.000
 0.000 0.000 0.000 1.000)
Target Pos: 
(0.999 -0.031 -0.038 0.000
 0.031 0.999 0.007 0.000
 0.037 -0.008 0.999 0.000
 0.000 0.000 0.000 1.000)


TimeStamp: 0.9978640079498291
Pointerpos: 
(0.999 -0.031 -0.038 0.000
 0.031 0.999 0.007 0.000
 0.037 -0.008 0.999 0.000
 0.000 0.000 0.000 1.000)
Target Pos: 
(0.999 -0.031 -0.038 0.000
 0.031 0.999 0.007 0.000
 0.037 -0.008 0.999 0.000
 0.000 0.000 0.000 1.000)


TimeStamp: 1.014540195465088
Pointerpos: 
(0.999 -0.031 -0.038 0.000
 0.031 0.999 0.007 0.000
 0.037 -0.008 0.999 0.000
 0.000 0.000 0.000 1.000)
Target Pos: 
(0.999 -0.031 -0.038 0.000
 0.031 0.999 0.007 0.000
 0.037 -0.008 0.999 0.000
 0.000 0.000 0.000 1.000)


TimeStamp: 1.0312190055847168
Pointerpos: 
(0.999 -0.030 -0.038 0.000
 0.031 0.999 0.007 0.000
 0.037 -0.008 0.999 0.000
 0.000 0.000 0.000 1.000)
Target Pos: 
(0.999 -0.030 -0.038 0.000
 0.031 0.999 0.007 0.000
 0.037 -0.008 0.999 0.000
 0.000 0.000 0.000 1.000)


TimeStamp: 1.0479121208190918
Pointerpos: 
(0.999 -0.031 -0.037 0.000
 0.031 0.999 0.008 0.000
 0.037 -0.009 0.999 0.000
 0.000 0.000 0.000 1.000)
Target Pos: 
(0.999 -0.031 -0.037 0.000
 0.031 0.999 0.008 0.000
 0.037 -0.009 0.999 0.000
 0.000 0.000 0.000 1.000)


TimeStamp: 1.0645880699157715
Pointerpos: 
(0.999 -0.031 -0.037 0.000
 0.031 0.999 0.008 0.000
 0.037 -0.009 0.999 0.000
 0.000 0.000 0.000 1.000)
Target Pos: 
(0.999 -0.031 -0.037 0.000
 0.031 0.999 0.008 0.000
 0.037 -0.009 0.999 0.000
 0.000 0.000 0.000 1.000)


TimeStamp: 1.0812861919403076
Pointerpos: 
(0.999 -0.031 -0.038 0.000
 0.031 0.999 0.007 0.000
 0.037 -0.008 0.999 0.000
 0.000 0.000 0.000 1.000)
Target Pos: 
(0.999 -0.031 -0.038 0.000
 0.031 0.999 0.007 0.000
 0.037 -0.008 0.999 0.000
 0.000 0.000 0.000 1.000)


TimeStamp: 1.0979540348052979
Pointerpos: 
(0.999 -0.031 -0.038 0.000
 0.031 0.999 0.007 0.000
 0.038 -0.008 0.999 0.000
 0.000 0.000 0.000 1.000)
Target Pos: 
(0.999 -0.031 -0.038 0.000
 0.031 0.999 0.007 0.000
 0.038 -0.008 0.999 0.000
 0.000 0.000 0.000 1.000)


TimeStamp: 1.1146390438079834
Pointerpos: 
(0.999 -0.031 -0.038 0.000
 0.031 0.999 0.007 0.000
 0.038 -0.008 0.999 0.000
 0.000 0.000 0.000 1.000)
Target Pos: 
(0.999 -0.031 -0.038 0.000
 0.031 0.999 0.007 0.000
 0.038 -0.008 0.999 0.000
 0.000 0.000 0.000 1.000)


TimeStamp: 1.131209135055542
Pointerpos: 
(0.999 -0.031 -0.038 0.000
 0.031 0.999 0.007 0.000
 0.038 -0.008 0.999 0.000
 0.000 0.000 0.000 1.000)
Target Pos: 
(0.999 -0.031 -0.038 0.000
 0.031 0.999 0.007 0.000
 0.038 -0.008 0.999 0.000
 0.000 0.000 0.000 1.000)


TimeStamp: 1.148043155670166
Pointerpos: 
(0.999 -0.031 -0.038 0.000
 0.031 0.999 0.007 0.000
 0.038 -0.008 0.999 0.000
 0.000 0.000 0.000 1.000)
Target Pos: 
(0.999 -0.031 -0.038 0.000
 0.031 0.999 0.007 0.000
 0.038 -0.008 0.999 0.000
 0.000 0.000 0.000 1.000)


TimeStamp: 1.1645731925964355
Pointerpos: 
(0.999 -0.031 -0.038 0.000
 0.031 0.999 0.007 0.000
 0.038 -0.008 0.999 0.000
 0.000 0.000 0.000 1.000)
Target Pos: 
(0.999 -0.031 -0.038 0.000
 0.031 0.999 0.007 0.000
 0.038 -0.008 0.999 0.000
 0.000 0.000 0.000 1.000)


TimeStamp: 1.181210994720459
Pointerpos: 
(0.999 -0.030 -0.038 0.000
 0.031 0.999 0.007 0.000
 0.038 -0.008 0.999 0.000
 0.000 0.000 0.000 1.000)
Target Pos: 
(0.999 -0.030 -0.038 0.000
 0.031 0.999 0.007 0.000
 0.038 -0.008 0.999 0.000
 0.000 0.000 0.000 1.000)


TimeStamp: 1.197883129119873
Pointerpos: 
(0.999 -0.030 -0.038 0.000
 0.031 0.999 0.007 0.000
 0.038 -0.008 0.999 0.000
 0.000 0.000 0.000 1.000)
Target Pos: 
(0.999 -0.030 -0.038 0.000
 0.031 0.999 0.007 0.000
 0.038 -0.008 0.999 0.000
 0.000 0.000 0.000 1.000)


TimeStamp: 1.2145562171936035
Pointerpos: 
(0.999 -0.030 -0.038 0.000
 0.031 0.999 0.007 0.000
 0.038 -0.009 0.999 0.000
 0.000 0.000 0.000 1.000)
Target Pos: 
(0.999 -0.030 -0.038 0.000
 0.031 0.999 0.007 0.000
 0.038 -0.009 0.999 0.000
 0.000 0.000 0.000 1.000)


TimeStamp: 1.2312281131744385
Pointerpos: 
(0.999 -0.030 -0.038 0.000
 0.031 0.999 0.007 0.000
 0.038 -0.009 0.999 0.000
 0.000 0.000 0.000 1.000)
Target Pos: 
(0.999 -0.030 -0.038 0.000
 0.031 0.999 0.007 0.000
 0.038 -0.009 0.999 0.000
 0.000 0.000 0.000 1.000)


TimeStamp: 1.247925043106079
Pointerpos: 
(0.999 -0.030 -0.038 0.000
 0.031 0.999 0.007 0.000
 0.038 -0.009 0.999 0.000
 0.000 0.000 0.000 1.000)
Target Pos: 
(0.999 -0.030 -0.038 0.000
 0.031 0.999 0.007 0.000
 0.038 -0.009 0.999 0.000
 0.000 0.000 0.000 1.000)


TimeStamp: 1.264714002609253
Pointerpos: 
(0.999 -0.030 -0.038 0.000
 0.031 0.999 0.007 0.000
 0.038 -0.009 0.999 0.000
 0.000 0.000 0.000 1.000)
Target Pos: 
(0.999 -0.030 -0.038 0.000
 0.031 0.999 0.007 0.000
 0.038 -0.009 0.999 0.000
 0.000 0.000 0.000 1.000)


TimeStamp: 1.2812550067901611
Pointerpos: 
(0.999 -0.030 -0.038 0.000
 0.031 0.999 0.007 0.000
 0.038 -0.009 0.999 0.000
 0.000 0.000 0.000 1.000)
Target Pos: 
(0.999 -0.030 -0.038 0.000
 0.031 0.999 0.007 0.000
 0.038 -0.009 0.999 0.000
 0.000 0.000 0.000 1.000)


TimeStamp: 1.2979280948638916
Pointerpos: 
(0.999 -0.030 -0.038 0.000
 0.031 0.999 0.007 0.000
 0.038 -0.008 0.999 0.000
 0.000 0.000 0.000 1.000)
Target Pos: 
(0.999 -0.030 -0.038 0.000
 0.031 0.999 0.007 0.000
 0.038 -0.008 0.999 0.000
 0.000 0.000 0.000 1.000)


TimeStamp: 1.3145971298217773
Pointerpos: 
(0.999 -0.031 -0.038 0.000
 0.031 0.999 0.007 0.000
 0.038 -0.008 0.999 0.000
 0.000 0.000 0.000 1.000)
Target Pos: 
(0.999 -0.031 -0.038 0.000
 0.031 0.999 0.007 0.000
 0.038 -0.008 0.999 0.000
 0.000 0.000 0.000 1.000)


TimeStamp: 1.3312790393829346
Pointerpos: 
(0.999 -0.030 -0.038 0.000
 0.031 0.999 0.007 0.000
 0.038 -0.008 0.999 0.000
 0.000 0.000 0.000 1.000)
Target Pos: 
(0.999 -0.030 -0.038 0.000
 0.031 0.999 0.007 0.000
 0.038 -0.008 0.999 0.000
 0.000 0.000 0.000 1.000)


TimeStamp: 1.347961187362671
Pointerpos: 
(0.999 -0.030 -0.038 0.000
 0.031 1.000 0.007 0.000
 0.038 -0.009 0.999 0.000
 0.000 0.000 0.000 1.000)
Target Pos: 
(0.999 -0.030 -0.038 0.000
 0.031 1.000 0.007 0.000
 0.038 -0.009 0.999 0.000
 0.000 0.000 0.000 1.000)


TimeStamp: 1.3646161556243896
Pointerpos: 
(0.999 -0.030 -0.038 0.000
 0.031 0.999 0.007 0.000
 0.037 -0.009 0.999 0.000
 0.000 0.000 0.000 1.000)
Target Pos: 
(0.999 -0.030 -0.038 0.000
 0.031 0.999 0.007 0.000
 0.037 -0.009 0.999 0.000
 0.000 0.000 0.000 1.000)


TimeStamp: 1.3812901973724365
Pointerpos: 
(0.999 -0.030 -0.038 0.000
 0.031 1.000 0.007 0.000
 0.037 -0.008 0.999 0.000
 0.000 0.000 0.000 1.000)
Target Pos: 
(0.999 -0.030 -0.038 0.000
 0.031 1.000 0.007 0.000
 0.037 -0.008 0.999 0.000
 0.000 0.000 0.000 1.000)


TimeStamp: 1.3979589939117432
Pointerpos: 
(0.999 -0.030 -0.038 0.000
 0.031 0.999 0.007 0.000
 0.038 -0.009 0.999 0.000
 0.000 0.000 0.000 1.000)
Target Pos: 
(0.999 -0.030 -0.038 0.000
 0.031 0.999 0.007 0.000
 0.038 -0.009 0.999 0.000
 0.000 0.000 0.000 1.000)


TimeStamp: 1.414642095565796
Pointerpos: 
(0.999 -0.031 -0.038 0.000
 0.031 0.999 0.008 0.000
 0.037 -0.009 0.999 0.000
 0.000 0.000 0.000 1.000)
Target Pos: 
(0.999 -0.031 -0.038 0.000
 0.031 0.999 0.008 0.000
 0.037 -0.009 0.999 0.000
 0.000 0.000 0.000 1.000)


TimeStamp: 1.4313130378723145
Pointerpos: 
(0.999 -0.031 -0.037 0.000
 0.031 0.999 0.008 0.000
 0.037 -0.009 0.999 0.000
 0.000 0.000 0.000 1.000)
Target Pos: 
(0.999 -0.031 -0.037 0.000
 0.031 0.999 0.008 0.000
 0.037 -0.009 0.999 0.000
 0.000 0.000 0.000 1.000)


TimeStamp: 1.447991132736206
Pointerpos: 
(0.999 -0.031 -0.038 0.000
 0.031 0.999 0.007 0.000
 0.037 -0.009 0.999 0.000
 0.000 0.000 0.000 1.000)
Target Pos: 
(0.999 -0.031 -0.038 0.000
 0.031 0.999 0.007 0.000
 0.037 -0.009 0.999 0.000
 0.000 0.000 0.000 1.000)


TimeStamp: 1.4646492004394531
Pointerpos: 
(0.999 -0.031 -0.038 0.000
 0.031 0.999 0.007 0.000
 0.037 -0.008 0.999 0.000
 0.000 0.000 0.000 1.000)
Target Pos: 
(0.999 -0.031 -0.038 0.000
 0.031 0.999 0.007 0.000
 0.037 -0.008 0.999 0.000
 0.000 0.000 0.000 1.000)


TimeStamp: 1.4813191890716553
Pointerpos: 
(0.999 -0.031 -0.038 0.000
 0.031 0.999 0.007 0.000
 0.037 -0.009 0.999 0.000
 0.000 0.000 0.000 1.000)
Target Pos: 
(0.999 -0.031 -0.038 0.000
 0.031 0.999 0.007 0.000
 0.037 -0.009 0.999 0.000
 0.000 0.000 0.000 1.000)


TimeStamp: 1.4979901313781738
Pointerpos: 
(0.999 -0.031 -0.038 0.000
 0.031 0.999 0.007 0.000
 0.037 -0.009 0.999 0.000
 0.000 0.000 0.000 1.000)
Target Pos: 
(0.999 -0.031 -0.038 0.000
 0.031 0.999 0.007 0.000
 0.037 -0.009 0.999 0.000
 0.000 0.000 0.000 1.000)


TimeStamp: 1.5146751403808594
Pointerpos: 
(0.999 -0.031 -0.038 0.000
 0.031 0.999 0.007 0.000
 0.037 -0.009 0.999 0.000
 0.000 0.000 0.000 1.000)
Target Pos: 
(0.999 -0.031 -0.038 0.000
 0.031 0.999 0.007 0.000
 0.037 -0.009 0.999 0.000
 0.000 0.000 0.000 1.000)


TimeStamp: 1.5313470363616943
Pointerpos: 
(0.999 -0.031 -0.038 0.000
 0.031 0.999 0.008 0.000
 0.037 -0.009 0.999 0.000
 0.000 0.000 0.000 1.000)
Target Pos: 
(0.999 -0.031 -0.038 0.000
 0.031 0.999 0.008 0.000
 0.037 -0.009 0.999 0.000
 0.000 0.000 0.000 1.000)


TimeStamp: 1.5480232238769531
Pointerpos: 
(0.999 -0.031 -0.038 0.000
 0.031 0.999 0.007 0.000
 0.037 -0.009 0.999 0.000
 0.000 0.000 0.000 1.000)
Target Pos: 
(0.999 -0.031 -0.038 0.000
 0.031 0.999 0.007 0.000
 0.037 -0.009 0.999 0.000
 0.000 0.000 0.000 1.000)


TimeStamp: 1.564683198928833
Pointerpos: 
(0.999 -0.031 -0.038 0.000
 0.031 0.999 0.007 0.000
 0.038 -0.009 0.999 0.000
 0.000 0.000 0.000 1.000)
Target Pos: 
(0.999 -0.031 -0.038 0.000
 0.031 0.999 0.007 0.000
 0.038 -0.009 0.999 0.000
 0.000 0.000 0.000 1.000)


TimeStamp: 1.581355094909668
Pointerpos: 
(0.999 -0.031 -0.038 0.000
 0.031 0.999 0.007 0.000
 0.038 -0.008 0.999 0.000
 0.000 0.000 0.000 1.000)
Target Pos: 
(0.999 -0.031 -0.038 0.000
 0.031 0.999 0.007 0.000
 0.038 -0.008 0.999 0.000
 0.000 0.000 0.000 1.000)


TimeStamp: 1.5980281829833984
Pointerpos: 
(0.999 -0.030 -0.038 0.000
 0.031 1.000 0.007 0.000
 0.038 -0.008 0.999 0.000
 0.000 0.000 0.000 1.000)
Target Pos: 
(0.999 -0.030 -0.038 0.000
 0.031 1.000 0.007 0.000
 0.038 -0.008 0.999 0.000
 0.000 0.000 0.000 1.000)


TimeStamp: 1.6147091388702393
Pointerpos: 
(0.999 -0.030 -0.038 0.000
 0.031 1.000 0.007 0.000
 0.038 -0.008 0.999 0.000
 0.000 0.000 0.000 1.000)
Target Pos: 
(0.999 -0.030 -0.038 0.000
 0.031 1.000 0.007 0.000
 0.038 -0.008 0.999 0.000
 0.000 0.000 0.000 1.000)


TimeStamp: 1.6313810348510742
Pointerpos: 
(0.999 -0.031 -0.038 0.000
 0.031 0.999 0.007 0.000
 0.037 -0.009 0.999 0.000
 0.000 0.000 0.000 1.000)
Target Pos: 
(0.999 -0.031 -0.038 0.000
 0.031 0.999 0.007 0.000
 0.037 -0.009 0.999 0.000
 0.000 0.000 0.000 1.000)


TimeStamp: 1.6480491161346436
Pointerpos: 
(0.999 -0.031 -0.038 0.000
 0.031 0.999 0.007 0.000
 0.037 -0.009 0.999 0.000
 0.000 0.000 0.000 1.000)
Target Pos: 
(0.999 -0.031 -0.038 0.000
 0.031 0.999 0.007 0.000
 0.037 -0.009 0.999 0.000
 0.000 0.000 0.000 1.000)


TimeStamp: 1.6647181510925293
Pointerpos: 
(0.999 -0.031 -0.038 0.000
 0.031 0.999 0.007 0.000
 0.037 -0.009 0.999 0.000
 0.000 0.000 0.000 1.000)
Target Pos: 
(0.999 -0.031 -0.038 0.000
 0.031 0.999 0.007 0.000
 0.037 -0.009 0.999 0.000
 0.000 0.000 0.000 1.000)


TimeStamp: 1.6813910007476807
Pointerpos: 
(0.999 -0.030 -0.038 0.000
 0.031 0.999 0.007 0.000
 0.038 -0.009 0.999 0.000
 0.000 0.000 0.000 1.000)
Target Pos: 
(0.999 -0.030 -0.038 0.000
 0.031 0.999 0.007 0.000
 0.038 -0.009 0.999 0.000
 0.000 0.000 0.000 1.000)


TimeStamp: 1.698073148727417
Pointerpos: 
(0.999 -0.030 -0.038 0.000
 0.031 0.999 0.008 0.000
 0.038 -0.009 0.999 0.000
 0.000 0.000 0.000 1.000)
Target Pos: 
(0.999 -0.030 -0.038 0.000
 0.031 0.999 0.008 0.000
 0.038 -0.009 0.999 0.000
 0.000 0.000 0.000 1.000)


TimeStamp: 1.7147421836853027
Pointerpos: 
(0.999 -0.030 -0.038 0.000
 0.031 0.999 0.008 0.000
 0.038 -0.009 0.999 0.000
 0.000 0.000 0.000 1.000)
Target Pos: 
(0.999 -0.030 -0.038 0.000
 0.031 0.999 0.008 0.000
 0.038 -0.009 0.999 0.000
 0.000 0.000 0.000 1.000)


TimeStamp: 1.7314050197601318
Pointerpos: 
(0.999 -0.030 -0.038 0.000
 0.031 0.999 0.007 0.000
 0.038 -0.009 0.999 0.000
 0.000 0.000 0.000 1.000)
Target Pos: 
(0.999 -0.030 -0.038 0.000
 0.031 0.999 0.007 0.000
 0.038 -0.009 0.999 0.000
 0.000 0.000 0.000 1.000)


TimeStamp: 1.7480850219726562
Pointerpos: 
(0.999 -0.030 -0.038 0.000
 0.031 0.999 0.007 0.000
 0.038 -0.009 0.999 0.000
 0.000 0.000 0.000 1.000)
Target Pos: 
(0.999 -0.030 -0.038 0.000
 0.031 0.999 0.007 0.000
 0.038 -0.009 0.999 0.000
 0.000 0.000 0.000 1.000)


TimeStamp: 1.7647511959075928
Pointerpos: 
(0.999 -0.030 -0.038 0.000
 0.031 0.999 0.007 0.000
 0.038 -0.009 0.999 0.000
 0.000 0.000 0.000 1.000)
Target Pos: 
(0.999 -0.030 -0.038 0.000
 0.031 0.999 0.007 0.000
 0.038 -0.009 0.999 0.000
 0.000 0.000 0.000 1.000)


TimeStamp: 1.781421184539795
Pointerpos: 
(0.999 -0.030 -0.038 0.000
 0.031 0.999 0.007 0.000
 0.038 -0.008 0.999 0.000
 0.000 0.000 0.000 1.000)
Target Pos: 
(0.999 -0.030 -0.038 0.000
 0.031 0.999 0.007 0.000
 0.038 -0.008 0.999 0.000
 0.000 0.000 0.000 1.000)


TimeStamp: 1.7981061935424805
Pointerpos: 
(0.999 -0.030 -0.038 0.000
 0.031 0.999 0.007 0.000
 0.038 -0.008 0.999 0.000
 0.000 0.000 0.000 1.000)
Target Pos: 
(0.999 -0.030 -0.038 0.000
 0.031 0.999 0.007 0.000
 0.038 -0.008 0.999 0.000
 0.000 0.000 0.000 1.000)


TimeStamp: 1.814774990081787
Pointerpos: 
(0.999 -0.031 -0.038 0.000
 0.031 0.999 0.007 0.000
 0.038 -0.009 0.999 0.000
 0.000 0.000 0.000 1.000)
Target Pos: 
(0.999 -0.031 -0.038 0.000
 0.031 0.999 0.007 0.000
 0.038 -0.009 0.999 0.000
 0.000 0.000 0.000 1.000)


TimeStamp: 1.8314361572265625
Pointerpos: 
(0.999 -0.031 -0.038 0.000
 0.031 0.999 0.007 0.000
 0.038 -0.008 0.999 0.000
 0.000 0.000 0.000 1.000)
Target Pos: 
(0.999 -0.031 -0.038 0.000
 0.031 0.999 0.007 0.000
 0.038 -0.008 0.999 0.000
 0.000 0.000 0.000 1.000)


TimeStamp: 1.8481130599975586
Pointerpos: 
(0.999 -0.031 -0.038 0.000
 0.031 0.999 0.007 0.000
 0.038 -0.009 0.999 0.000
 0.000 0.000 0.000 1.000)
Target Pos: 
(0.999 -0.031 -0.038 0.000
 0.031 0.999 0.007 0.000
 0.038 -0.009 0.999 0.000
 0.000 0.000 0.000 1.000)


TimeStamp: 1.8647820949554443
Pointerpos: 
(0.999 -0.031 -0.038 0.000
 0.031 0.999 0.007 0.000
 0.038 -0.009 0.999 0.000
 0.000 0.000 0.000 1.000)
Target Pos: 
(0.999 -0.031 -0.038 0.000
 0.031 0.999 0.007 0.000
 0.038 -0.009 0.999 0.000
 0.000 0.000 0.000 1.000)


TimeStamp: 1.8814561367034912
Pointerpos: 
(0.999 -0.031 -0.038 0.000
 0.031 0.999 0.007 0.000
 0.038 -0.008 0.999 0.000
 0.000 0.000 0.000 1.000)
Target Pos: 
(0.999 -0.031 -0.038 0.000
 0.031 0.999 0.007 0.000
 0.038 -0.008 0.999 0.000
 0.000 0.000 0.000 1.000)


TimeStamp: 1.8981361389160156
Pointerpos: 
(0.999 -0.031 -0.038 0.000
 0.031 0.999 0.007 0.000
 0.038 -0.008 0.999 0.000
 0.000 0.000 0.000 1.000)
Target Pos: 
(0.999 -0.031 -0.038 0.000
 0.031 0.999 0.007 0.000
 0.038 -0.008 0.999 0.000
 0.000 0.000 0.000 1.000)


TimeStamp: 1.914804220199585
Pointerpos: 
(0.999 -0.031 -0.038 0.000
 0.031 0.999 0.007 0.000
 0.037 -0.008 0.999 0.000
 0.000 0.000 0.000 1.000)
Target Pos: 
(0.999 -0.031 -0.038 0.000
 0.031 0.999 0.007 0.000
 0.037 -0.008 0.999 0.000
 0.000 0.000 0.000 1.000)


TimeStamp: 1.9314711093902588
Pointerpos: 
(0.999 -0.031 -0.037 0.000
 0.031 0.999 0.007 0.000
 0.037 -0.009 0.999 0.000
 0.000 0.000 0.000 1.000)
Target Pos: 
(0.999 -0.031 -0.037 0.000
 0.031 0.999 0.007 0.000
 0.037 -0.009 0.999 0.000
 0.000 0.000 0.000 1.000)


TimeStamp: 1.9481441974639893
Pointerpos: 
(0.999 -0.031 -0.037 0.000
 0.031 0.999 0.007 0.000
 0.037 -0.009 0.999 0.000
 0.000 0.000 0.000 1.000)
Target Pos: 
(0.999 -0.031 -0.037 0.000
 0.031 0.999 0.007 0.000
 0.037 -0.009 0.999 0.000
 0.000 0.000 0.000 1.000)


TimeStamp: 1.964812994003296
Pointerpos: 
(0.999 -0.031 -0.038 0.000
 0.031 0.999 0.007 0.000
 0.037 -0.009 0.999 0.000
 0.000 0.000 0.000 1.000)
Target Pos: 
(0.999 -0.031 -0.038 0.000
 0.031 0.999 0.007 0.000
 0.037 -0.009 0.999 0.000
 0.000 0.000 0.000 1.000)


TimeStamp: 1.9814941883087158
Pointerpos: 
(0.999 -0.031 -0.038 0.000
 0.031 0.999 0.007 0.000
 0.037 -0.008 0.999 0.000
 0.000 0.000 0.000 1.000)
Target Pos: 
(0.999 -0.031 -0.038 0.000
 0.031 0.999 0.007 0.000
 0.037 -0.008 0.999 0.000
 0.000 0.000 0.000 1.000)


TimeStamp: 1.9981651306152344
Pointerpos: 
(0.999 -0.031 -0.038 0.000
 0.031 0.999 0.007 0.000
 0.037 -0.009 0.999 0.000
 0.000 0.000 0.000 1.000)
Target Pos: 
(0.999 -0.031 -0.038 0.000
 0.031 0.999 0.007 0.000
 0.037 -0.009 0.999 0.000
 0.000 0.000 0.000 1.000)


TimeStamp: 2.0148332118988037
Pointerpos: 
(0.999 -0.031 -0.038 0.000
 0.031 0.999 0.007 0.000
 0.037 -0.009 0.999 0.000
 0.000 0.000 0.000 1.000)
Target Pos: 
(0.999 -0.031 -0.038 0.000
 0.031 0.999 0.007 0.000
 0.037 -0.009 0.999 0.000
 0.000 0.000 0.000 1.000)


TimeStamp: 2.0315051078796387
Pointerpos: 
(0.999 -0.031 -0.038 0.000
 0.031 0.999 0.007 0.000
 0.037 -0.008 0.999 0.000
 0.000 0.000 0.000 1.000)
Target Pos: 
(0.999 -0.031 -0.038 0.000
 0.031 0.999 0.007 0.000
 0.037 -0.008 0.999 0.000
 0.000 0.000 0.000 1.000)


TimeStamp: 2.0481770038604736
Pointerpos: 
(0.999 -0.031 -0.038 0.000
 0.031 0.999 0.007 0.000
 0.037 -0.009 0.999 0.000
 0.000 0.000 0.000 1.000)
Target Pos: 
(0.999 -0.031 -0.038 0.000
 0.031 0.999 0.007 0.000
 0.037 -0.009 0.999 0.000
 0.000 0.000 0.000 1.000)


TimeStamp: 2.0648481845855713
Pointerpos: 
(0.999 -0.031 -0.038 0.000
 0.031 0.999 0.007 0.000
 0.037 -0.009 0.999 0.000
 0.000 0.000 0.000 1.000)
Target Pos: 
(0.999 -0.031 -0.038 0.000
 0.031 0.999 0.007 0.000
 0.037 -0.009 0.999 0.000
 0.000 0.000 0.000 1.000)


TimeStamp: 2.0815281867980957
Pointerpos: 
(0.999 -0.031 -0.038 0.000
 0.031 0.999 0.007 0.000
 0.037 -0.008 0.999 0.000
 0.000 0.000 0.000 1.000)
Target Pos: 
(0.999 -0.031 -0.038 0.000
 0.031 0.999 0.007 0.000
 0.037 -0.008 0.999 0.000
 0.000 0.000 0.000 1.000)


TimeStamp: 2.0982019901275635
Pointerpos: 
(0.999 -0.031 -0.038 0.000
 0.031 0.999 0.007 0.000
 0.037 -0.008 0.999 0.000
 0.000 0.000 0.000 1.000)
Target Pos: 
(0.999 -0.031 -0.038 0.000
 0.031 0.999 0.007 0.000
 0.037 -0.008 0.999 0.000
 0.000 0.000 0.000 1.000)


TimeStamp: 2.1148641109466553
Pointerpos: 
(0.999 -0.031 -0.038 0.000
 0.031 0.999 0.007 0.000
 0.038 -0.008 0.999 0.000
 0.000 0.000 0.000 1.000)
Target Pos: 
(0.999 -0.031 -0.038 0.000
 0.031 0.999 0.007 0.000
 0.038 -0.008 0.999 0.000
 0.000 0.000 0.000 1.000)


TimeStamp: 2.1315340995788574
Pointerpos: 
(0.999 -0.031 -0.038 0.000
 0.031 0.999 0.007 0.000
 0.038 -0.008 0.999 0.000
 0.000 0.000 0.000 1.000)
Target Pos: 
(0.999 -0.031 -0.038 0.000
 0.031 0.999 0.007 0.000
 0.038 -0.008 0.999 0.000
 0.000 0.000 0.000 1.000)


TimeStamp: 2.1482059955596924
Pointerpos: 
(0.999 -0.031 -0.038 0.000
 0.031 0.999 0.007 0.000
 0.038 -0.008 0.999 0.000
 0.000 0.000 0.000 1.000)
Target Pos: 
(0.999 -0.031 -0.038 0.000
 0.031 0.999 0.007 0.000
 0.038 -0.008 0.999 0.000
 0.000 0.000 0.000 1.000)


TimeStamp: 2.164882183074951
Pointerpos: 
(0.999 -0.031 -0.038 0.000
 0.031 0.999 0.007 0.000
 0.038 -0.008 0.999 0.000
 0.000 0.000 0.000 1.000)
Target Pos: 
(0.999 -0.031 -0.038 0.000
 0.031 0.999 0.007 0.000
 0.038 -0.008 0.999 0.000
 0.000 0.000 0.000 1.000)


TimeStamp: 2.1815621852874756
Pointerpos: 
(0.999 -0.031 -0.038 0.000
 0.031 0.999 0.007 0.000
 0.038 -0.008 0.999 0.000
 0.000 0.000 0.000 1.000)
Target Pos: 
(0.999 -0.031 -0.038 0.000
 0.031 0.999 0.007 0.000
 0.038 -0.008 0.999 0.000
 0.000 0.000 0.000 1.000)


TimeStamp: 2.1982221603393555
Pointerpos: 
(0.999 -0.031 -0.038 0.000
 0.031 0.999 0.007 0.000
 0.038 -0.008 0.999 0.000
 0.000 0.000 0.000 1.000)
Target Pos: 
(0.999 -0.031 -0.038 0.000
 0.031 0.999 0.007 0.000
 0.038 -0.008 0.999 0.000
 0.000 0.000 0.000 1.000)


TimeStamp: 2.2148962020874023
Pointerpos: 
(0.999 -0.031 -0.038 0.000
 0.031 0.999 0.007 0.000
 0.038 -0.008 0.999 0.000
 0.000 0.000 0.000 1.000)
Target Pos: 
(0.999 -0.031 -0.038 0.000
 0.031 0.999 0.007 0.000
 0.038 -0.008 0.999 0.000
 0.000 0.000 0.000 1.000)


TimeStamp: 2.23157000541687
Pointerpos: 
(0.999 -0.031 -0.037 0.000
 0.031 0.999 0.008 0.000
 0.037 -0.009 0.999 0.000
 0.000 0.000 0.000 1.000)
Target Pos: 
(0.999 -0.031 -0.037 0.000
 0.031 0.999 0.008 0.000
 0.037 -0.009 0.999 0.000
 0.000 0.000 0.000 1.000)


TimeStamp: 2.248242139816284
Pointerpos: 
(0.999 -0.031 -0.038 0.000
 0.031 0.999 0.007 0.000
 0.037 -0.009 0.999 0.000
 0.000 0.000 0.000 1.000)
Target Pos: 
(0.999 -0.031 -0.038 0.000
 0.031 0.999 0.007 0.000
 0.037 -0.009 0.999 0.000
 0.000 0.000 0.000 1.000)


TimeStamp: 2.2649240493774414
Pointerpos: 
(0.999 -0.031 -0.037 0.000
 0.031 0.999 0.007 0.000
 0.037 -0.009 0.999 0.000
 0.000 0.000 0.000 1.000)
Target Pos: 
(0.999 -0.031 -0.037 0.000
 0.031 0.999 0.007 0.000
 0.037 -0.009 0.999 0.000
 0.000 0.000 0.000 1.000)


TimeStamp: 2.2815940380096436
Pointerpos: 
(0.999 -0.031 -0.037 0.000
 0.031 0.999 0.007 0.000
 0.037 -0.008 0.999 0.000
 0.000 0.000 0.000 1.000)
Target Pos: 
(0.999 -0.031 -0.037 0.000
 0.031 0.999 0.007 0.000
 0.037 -0.008 0.999 0.000
 0.000 0.000 0.000 1.000)


TimeStamp: 2.2982571125030518
Pointerpos: 
(0.999 -0.031 -0.038 0.000
 0.031 0.999 0.007 0.000
 0.037 -0.008 0.999 0.000
 0.000 0.000 0.000 1.000)
Target Pos: 
(0.999 -0.031 -0.038 0.000
 0.031 0.999 0.007 0.000
 0.037 -0.008 0.999 0.000
 0.000 0.000 0.000 1.000)


TimeStamp: 2.3149280548095703
Pointerpos: 
(0.999 -0.031 -0.037 0.000
 0.031 0.999 0.008 0.000
 0.037 -0.009 0.999 0.000
 0.000 0.000 0.000 1.000)
Target Pos: 
(0.999 -0.031 -0.037 0.000
 0.031 0.999 0.008 0.000
 0.037 -0.009 0.999 0.000
 0.000 0.000 0.000 1.000)


TimeStamp: 2.331602096557617
Pointerpos: 
(0.999 -0.031 -0.037 0.000
 0.031 0.999 0.007 0.000
 0.037 -0.009 0.999 0.000
 0.000 0.000 0.000 1.000)
Target Pos: 
(0.999 -0.031 -0.037 0.000
 0.031 0.999 0.007 0.000
 0.037 -0.009 0.999 0.000
 0.000 0.000 0.000 1.000)


TimeStamp: 2.3482651710510254
Pointerpos: 
(0.999 -0.031 -0.038 0.000
 0.031 0.999 0.007 0.000
 0.037 -0.008 0.999 0.000
 0.000 0.000 0.000 1.000)
Target Pos: 
(0.999 -0.031 -0.038 0.000
 0.031 0.999 0.007 0.000
 0.037 -0.008 0.999 0.000
 0.000 0.000 0.000 1.000)


TimeStamp: 2.36495304107666
Pointerpos: 
(0.999 -0.031 -0.038 0.000
 0.031 0.999 0.007 0.000
 0.037 -0.008 0.999 0.000
 0.000 0.000 0.000 1.000)
Target Pos: 
(0.999 -0.031 -0.038 0.000
 0.031 0.999 0.007 0.000
 0.037 -0.008 0.999 0.000
 0.000 0.000 0.000 1.000)


TimeStamp: 2.38162899017334
Pointerpos: 
(0.999 -0.031 -0.038 0.000
 0.031 0.999 0.007 0.000
 0.037 -0.008 0.999 0.000
 0.000 0.000 0.000 1.000)
Target Pos: 
(0.999 -0.031 -0.038 0.000
 0.031 0.999 0.007 0.000
 0.037 -0.008 0.999 0.000
 0.000 0.000 0.000 1.000)


TimeStamp: 2.398292064666748
Pointerpos: 
(0.999 -0.031 -0.038 0.000
 0.031 0.999 0.008 0.000
 0.037 -0.009 0.999 0.000
 0.000 0.000 0.000 1.000)
Target Pos: 
(0.999 -0.031 -0.038 0.000
 0.031 0.999 0.008 0.000
 0.037 -0.009 0.999 0.000
 0.000 0.000 0.000 1.000)


TimeStamp: 2.4149630069732666
Pointerpos: 
(0.999 -0.031 -0.038 0.000
 0.031 0.999 0.007 0.000
 0.037 -0.009 0.999 0.000
 0.000 0.000 0.000 1.000)
Target Pos: 
(0.999 -0.031 -0.038 0.000
 0.031 0.999 0.007 0.000
 0.037 -0.009 0.999 0.000
 0.000 0.000 0.000 1.000)


TimeStamp: 2.4316329956054688
Pointerpos: 
(0.999 -0.031 -0.037 0.000
 0.031 0.999 0.008 0.000
 0.037 -0.009 0.999 0.000
 0.000 0.000 0.000 1.000)
Target Pos: 
(0.999 -0.031 -0.037 0.000
 0.031 0.999 0.008 0.000
 0.037 -0.009 0.999 0.000
 0.000 0.000 0.000 1.000)


TimeStamp: 2.4483110904693604
Pointerpos: 
(0.999 -0.031 -0.037 0.000
 0.031 0.999 0.008 0.000
 0.037 -0.009 0.999 0.000
 0.000 0.000 0.000 1.000)
Target Pos: 
(0.999 -0.031 -0.037 0.000
 0.031 0.999 0.008 0.000
 0.037 -0.009 0.999 0.000
 0.000 0.000 0.000 1.000)


TimeStamp: 2.46498703956604
Pointerpos: 
(0.999 -0.031 -0.038 0.000
 0.031 0.999 0.008 0.000
 0.037 -0.009 0.999 0.000
 0.000 0.000 0.000 1.000)
Target Pos: 
(0.999 -0.031 -0.038 0.000
 0.031 0.999 0.008 0.000
 0.037 -0.009 0.999 0.000
 0.000 0.000 0.000 1.000)


TimeStamp: 2.481649160385132
Pointerpos: 
(0.999 -0.031 -0.038 0.000
 0.031 0.999 0.007 0.000
 0.037 -0.009 0.999 0.000
 0.000 0.000 0.000 1.000)
Target Pos: 
(0.999 -0.031 -0.038 0.000
 0.031 0.999 0.007 0.000
 0.037 -0.009 0.999 0.000
 0.000 0.000 0.000 1.000)


TimeStamp: 2.498322010040283
Pointerpos: 
(0.999 -0.031 -0.037 0.000
 0.031 0.999 0.008 0.000
 0.036 -0.009 0.999 0.000
 0.000 0.000 0.000 1.000)
Target Pos: 
(0.999 -0.031 -0.037 0.000
 0.031 0.999 0.008 0.000
 0.036 -0.009 0.999 0.000
 0.000 0.000 0.000 1.000)


TimeStamp: 2.5149919986724854
Pointerpos: 
(0.999 -0.031 -0.037 0.000
 0.031 0.999 0.008 0.000
 0.037 -0.009 0.999 0.000
 0.000 0.000 0.000 1.000)
Target Pos: 
(0.999 -0.031 -0.037 0.000
 0.031 0.999 0.008 0.000
 0.037 -0.009 0.999 0.000
 0.000 0.000 0.000 1.000)


TimeStamp: 2.531665086746216
Pointerpos: 
(0.999 -0.031 -0.037 0.000
 0.031 0.999 0.007 0.000
 0.037 -0.009 0.999 0.000
 0.000 0.000 0.000 1.000)
Target Pos: 
(0.999 -0.031 -0.037 0.000
 0.031 0.999 0.007 0.000
 0.037 -0.009 0.999 0.000
 0.000 0.000 0.000 1.000)


TimeStamp: 2.548346996307373
Pointerpos: 
(0.999 -0.031 -0.037 0.000
 0.031 0.999 0.007 0.000
 0.037 -0.009 0.999 0.000
 0.000 0.000 0.000 1.000)
Target Pos: 
(0.999 -0.031 -0.037 0.000
 0.031 0.999 0.007 0.000
 0.037 -0.009 0.999 0.000
 0.000 0.000 0.000 1.000)


TimeStamp: 2.5650181770324707
Pointerpos: 
(0.999 -0.031 -0.037 0.000
 0.031 0.999 0.007 0.000
 0.037 -0.009 0.999 0.000
 0.000 0.000 0.000 1.000)
Target Pos: 
(0.999 -0.031 -0.037 0.000
 0.031 0.999 0.007 0.000
 0.037 -0.009 0.999 0.000
 0.000 0.000 0.000 1.000)


TimeStamp: 2.581679105758667
Pointerpos: 
(0.999 -0.031 -0.037 0.000
 0.031 0.999 0.007 0.000
 0.037 -0.009 0.999 0.000
 0.000 0.000 0.000 1.000)
Target Pos: 
(0.999 -0.031 -0.037 0.000
 0.031 0.999 0.007 0.000
 0.037 -0.009 0.999 0.000
 0.000 0.000 0.000 1.000)


TimeStamp: 2.598356008529663
Pointerpos: 
(0.999 -0.031 -0.038 0.000
 0.031 0.999 0.007 0.000
 0.037 -0.009 0.999 0.000
 0.000 0.000 0.000 1.000)
Target Pos: 
(0.999 -0.031 -0.038 0.000
 0.031 0.999 0.007 0.000
 0.037 -0.009 0.999 0.000
 0.000 0.000 0.000 1.000)


TimeStamp: 2.615025043487549
Pointerpos: 
(0.999 -0.031 -0.038 0.000
 0.031 0.999 0.007 0.000
 0.038 -0.008 0.999 0.000
 0.000 0.000 0.000 1.000)
Target Pos: 
(0.999 -0.031 -0.038 0.000
 0.031 0.999 0.007 0.000
 0.038 -0.008 0.999 0.000
 0.000 0.000 0.000 1.000)


TimeStamp: 2.63169002532959
Pointerpos: 
(0.999 -0.031 -0.038 0.000
 0.031 0.999 0.007 0.000
 0.038 -0.008 0.999 0.000
 0.000 0.000 0.000 1.000)
Target Pos: 
(0.999 -0.031 -0.038 0.000
 0.031 0.999 0.007 0.000
 0.038 -0.008 0.999 0.000
 0.000 0.000 0.000 1.000)


TimeStamp: 2.6483800411224365
Pointerpos: 
(0.999 -0.031 -0.038 0.000
 0.031 0.999 0.007 0.000
 0.038 -0.008 0.999 0.000
 0.000 0.000 0.000 1.000)
Target Pos: 
(0.999 -0.031 -0.038 0.000
 0.031 0.999 0.007 0.000
 0.038 -0.008 0.999 0.000
 0.000 0.000 0.000 1.000)


TimeStamp: 2.6650490760803223
Pointerpos: 
(0.999 -0.031 -0.038 0.000
 0.031 0.999 0.007 0.000
 0.038 -0.008 0.999 0.000
 0.000 0.000 0.000 1.000)
Target Pos: 
(0.999 -0.031 -0.038 0.000
 0.031 0.999 0.007 0.000
 0.038 -0.008 0.999 0.000
 0.000 0.000 0.000 1.000)


TimeStamp: 2.681713104248047
Pointerpos: 
(0.999 -0.031 -0.038 0.000
 0.031 0.999 0.007 0.000
 0.038 -0.008 0.999 0.000
 0.000 0.000 0.000 1.000)
Target Pos: 
(0.999 -0.031 -0.038 0.000
 0.031 0.999 0.007 0.000
 0.038 -0.008 0.999 0.000
 0.000 0.000 0.000 1.000)


TimeStamp: 2.698385000228882
Pointerpos: 
(0.999 -0.030 -0.038 0.000
 0.031 1.000 0.007 0.000
 0.038 -0.008 0.999 0.000
 0.000 0.000 0.000 1.000)
Target Pos: 
(0.999 -0.030 -0.038 0.000
 0.031 1.000 0.007 0.000
 0.038 -0.008 0.999 0.000
 0.000 0.000 0.000 1.000)


TimeStamp: 2.7150580883026123
Pointerpos: 
(0.999 -0.030 -0.038 0.000
 0.031 1.000 0.007 0.000
 0.038 -0.008 0.999 0.000
 0.000 0.000 0.000 1.000)
Target Pos: 
(0.999 -0.030 -0.038 0.000
 0.031 1.000 0.007 0.000
 0.038 -0.008 0.999 0.000
 0.000 0.000 0.000 1.000)


TimeStamp: 2.7317349910736084
Pointerpos: 
(0.999 -0.030 -0.038 0.000
 0.031 1.000 0.007 0.000
 0.038 -0.008 0.999 0.000
 0.000 0.000 0.000 1.000)
Target Pos: 
(0.999 -0.030 -0.038 0.000
 0.031 1.000 0.007 0.000
 0.038 -0.008 0.999 0.000
 0.000 0.000 0.000 1.000)


TimeStamp: 2.748408079147339
Pointerpos: 
(0.999 -0.030 -0.038 0.000
 0.031 1.000 0.007 0.000
 0.038 -0.008 0.999 0.000
 0.000 0.000 0.000 1.000)
Target Pos: 
(0.999 -0.030 -0.038 0.000
 0.031 1.000 0.007 0.000
 0.038 -0.008 0.999 0.000
 0.000 0.000 0.000 1.000)


TimeStamp: 2.7650721073150635
Pointerpos: 
(0.999 -0.030 -0.038 0.000
 0.031 1.000 0.007 0.000
 0.038 -0.008 0.999 0.000
