TimeStamp: 0.01844310760498047
Pointerpos: 
(0.993 -0.031 0.117 0.000
 0.031 1.000 0.003 0.000
 -0.117 0.000 0.993 0.000
 0.000 0.000 0.000 1.000)
Target Pos: 
(0.993 -0.031 0.117 0.000
 0.031 1.000 0.003 0.000
 -0.117 0.000 0.993 0.000
 0.000 0.000 0.000 1.000)


TimeStamp: 0.26053810119628906
Pointerpos: 
(0.993 -0.031 0.117 0.000
 0.031 1.000 0.003 0.000
 -0.117 0.000 0.993 0.000
 0.000 0.000 0.000 1.000)
Target Pos: 
(0.993 -0.031 0.117 0.000
 0.031 1.000 0.003 0.000
 -0.117 0.000 0.993 0.000
 0.000 0.000 0.000 1.000)


TimeStamp: 0.27687811851501465
Pointerpos: 
(0.993 -0.031 0.117 0.000
 0.030 1.000 0.003 0.000
 -0.117 0.000 0.993 0.000
 0.000 0.000 0.000 1.000)
Target Pos: 
(0.993 -0.031 0.117 0.000
 0.030 1.000 0.003 0.000
 -0.117 0.000 0.993 0.000
 0.000 0.000 0.000 1.000)


TimeStamp: 0.2935330867767334
Pointerpos: 
(0.993 -0.031 0.117 0.000
 0.030 1.000 0.003 0.000
 -0.117 0.000 0.993 0.000
 0.000 0.000 0.000 1.000)
Target Pos: 
(0.993 -0.031 0.117 0.000
 0.030 1.000 0.003 0.000
 -0.117 0.000 0.993 0.000
 0.000 0.000 0.000 1.000)


TimeStamp: 0.31003403663635254
Pointerpos: 
(0.993 -0.031 0.117 0.000
 0.030 1.000 0.003 0.000
 -0.117 0.000 0.993 0.000
 0.000 0.000 0.000 1.000)
Target Pos: 
(0.993 -0.031 0.117 0.000
 0.030 1.000 0.003 0.000
 -0.117 0.000 0.993 0.000
 0.000 0.000 0.000 1.000)


TimeStamp: 0.32662320137023926
Pointerpos: 
(0.993 -0.031 0.117 0.000
 0.031 1.000 0.003 0.000
 -0.117 0.000 0.993 0.000
 0.000 0.000 0.000 1.000)
Target Pos: 
(0.993 -0.031 0.117 0.000
 0.031 1.000 0.003 0.000
 -0.117 0.000 0.993 0.000
 0.000 0.000 0.000 1.000)


TimeStamp: 0.343858003616333
Pointerpos: 
(0.993 -0.031 0.117 0.000
 0.031 1.000 0.003 0.000
 -0.117 0.000 0.993 0.000
 0.000 0.000 0.000 1.000)
Target Pos: 
(0.993 -0.031 0.117 0.000
 0.031 1.000 0.003 0.000
 -0.117 0.000 0.993 0.000
 0.000 0.000 0.000 1.000)


TimeStamp: 0.36004209518432617
Pointerpos: 
(0.993 -0.031 0.117 0.000
 0.030 1.000 0.003 0.000
 -0.117 0.000 0.993 0.000
 0.000 0.000 0.000 1.000)
Target Pos: 
(0.993 -0.031 0.117 0.000
 0.030 1.000 0.003 0.000
 -0.117 0.000 0.993 0.000
 0.000 0.000 0.000 1.000)


TimeStamp: 0.3767271041870117
Pointerpos: 
(0.993 -0.031 0.117 0.000
 0.031 1.000 0.003 0.000
 -0.117 0.000 0.993 0.000
 0.000 0.000 0.000 1.000)
Target Pos: 
(0.993 -0.031 0.117 0.000
 0.031 1.000 0.003 0.000
 -0.117 0.000 0.993 0.000
 0.000 0.000 0.000 1.000)


TimeStamp: 0.3939352035522461
Pointerpos: 
(0.993 -0.031 0.117 0.000
 0.031 1.000 0.003 0.000
 -0.117 0.000 0.993 0.000
 0.000 0.000 0.000 1.000)
Target Pos: 
(0.993 -0.031 0.117 0.000
 0.031 1.000 0.003 0.000
 -0.117 0.000 0.993 0.000
 0.000 0.000 0.000 1.000)


TimeStamp: 0.41008710861206055
Pointerpos: 
(0.993 -0.031 0.117 0.000
 0.030 1.000 0.003 0.000
 -0.117 0.000 0.993 0.000
 0.000 0.000 0.000 1.000)
Target Pos: 
(0.993 -0.031 0.117 0.000
 0.030 1.000 0.003 0.000
 -0.117 0.000 0.993 0.000
 0.000 0.000 0.000 1.000)


TimeStamp: 0.4268062114715576
Pointerpos: 
(0.993 -0.031 0.117 0.000
 0.030 1.000 0.003 0.000
 -0.117 0.000 0.993 0.000
 0.000 0.000 0.000 1.000)
Target Pos: 
(0.993 -0.031 0.117 0.000
 0.030 1.000 0.003 0.000
 -0.117 0.000 0.993 0.000
 0.000 0.000 0.000 1.000)


TimeStamp: 0.44338512420654297
Pointerpos: 
(0.993 -0.031 0.117 0.000
 0.030 1.000 0.003 0.000
 -0.117 0.000 0.993 0.000
 0.000 0.000 0.000 1.000)
Target Pos: 
(0.993 -0.031 0.117 0.000
 0.030 1.000 0.003 0.000
 -0.117 0.000 0.993 0.000
 0.000 0.000 0.000 1.000)


TimeStamp: 0.46010518074035645
Pointerpos: 
(0.993 -0.031 0.117 0.000
 0.030 1.000 0.003 0.000
 -0.117 0.000 0.993 0.000
 0.000 0.000 0.000 1.000)
Target Pos: 
(0.993 -0.031 0.117 0.000
 0.030 1.000 0.003 0.000
 -0.117 0.000 0.993 0.000
 0.000 0.000 0.000 1.000)


TimeStamp: 0.47678518295288086
Pointerpos: 
(0.993 -0.031 0.117 0.000
 0.030 1.000 0.003 0.000
 -0.117 0.000 0.993 0.000
 0.000 0.000 0.000 1.000)
Target Pos: 
(0.993 -0.031 0.117 0.000
 0.030 1.000 0.003 0.000
 -0.117 0.000 0.993 0.000
 0.000 0.000 0.000 1.000)


TimeStamp: 0.49364805221557617
Pointerpos: 
(0.993 -0.031 0.117 0.000
 0.030 1.000 0.003 0.000
 -0.117 0.000 0.993 0.000
 0.000 0.000 0.000 1.000)
Target Pos: 
(0.993 -0.031 0.117 0.000
 0.030 1.000 0.003 0.000
 -0.117 0.000 0.993 0.000
 0.000 0.000 0.000 1.000)


TimeStamp: 0.510202169418335
Pointerpos: 
(0.993 -0.031 0.117 0.000
 0.030 1.000 0.003 0.000
 -0.117 0.000 0.993 0.000
 0.000 0.000 0.000 1.000)
Target Pos: 
(0.993 -0.031 0.117 0.000
 0.030 1.000 0.003 0.000
 -0.117 0.000 0.993 0.000
 0.000 0.000 0.000 1.000)


TimeStamp: 0.5268762111663818
Pointerpos: 
(0.993 -0.031 0.117 0.000
 0.030 1.000 0.003 0.000
 -0.117 0.000 0.993 0.000
 0.000 0.000 0.000 1.000)
Target Pos: 
(0.993 -0.031 0.117 0.000
 0.030 1.000 0.003 0.000
 -0.117 0.000 0.993 0.000
 0.000 0.000 0.000 1.000)


TimeStamp: 0.5435631275177002
Pointerpos: 
(0.993 -0.031 0.117 0.000
 0.030 1.000 0.003 0.000
 -0.117 0.000 0.993 0.000
 0.000 0.000 0.000 1.000)
Target Pos: 
(0.993 -0.031 0.117 0.000
 0.030 1.000 0.003 0.000
 -0.117 0.000 0.993 0.000
 0.000 0.000 0.000 1.000)


TimeStamp: 0.5602622032165527
Pointerpos: 
(0.993 -0.031 0.117 0.000
 0.030 1.000 0.003 0.000
 -0.117 0.000 0.993 0.000
 0.000 0.000 0.000 1.000)
Target Pos: 
(0.993 -0.031 0.117 0.000
 0.030 1.000 0.003 0.000
 -0.117 0.000 0.993 0.000
 0.000 0.000 0.000 1.000)


TimeStamp: 0.5769460201263428
Pointerpos: 
(0.993 -0.031 0.117 0.000
 0.030 1.000 0.003 0.000
 -0.117 0.000 0.993 0.000
 0.000 0.000 0.000 1.000)
Target Pos: 
(0.993 -0.031 0.117 0.000
 0.030 1.000 0.003 0.000
 -0.117 0.000 0.993 0.000
 0.000 0.000 0.000 1.000)


TimeStamp: 0.5936901569366455
Pointerpos: 
(0.993 -0.031 0.117 0.000
 0.030 1.000 0.003 0.000
 -0.117 0.000 0.993 0.000
 0.000 0.000 0.000 1.000)
Target Pos: 
(0.993 -0.031 0.117 0.000
 0.030 1.000 0.003 0.000
 -0.117 0.000 0.993 0.000
 0.000 0.000 0.000 1.000)


TimeStamp: 0.6103091239929199
Pointerpos: 
(0.993 -0.031 0.117 0.000
 0.030 1.000 0.003 0.000
 -0.117 0.000 0.993 0.000
 0.000 0.000 0.000 1.000)
Target Pos: 
(0.993 -0.031 0.117 0.000
 0.030 1.000 0.003 0.000
 -0.117 0.000 0.993 0.000
 0.000 0.000 0.000 1.000)


TimeStamp: 0.6269919872283936
Pointerpos: 
(0.993 -0.031 0.117 0.000
 0.030 1.000 0.003 0.000
 -0.117 0.000 0.993 0.000
 0.000 0.000 0.000 1.000)
Target Pos: 
(0.993 -0.031 0.117 0.000
 0.030 1.000 0.003 0.000
 -0.117 0.000 0.993 0.000
 0.000 0.000 0.000 1.000)


TimeStamp: 0.6436769962310791
Pointerpos: 
(0.993 -0.031 0.117 0.000
 0.030 1.000 0.003 0.000
 -0.117 0.000 0.993 0.000
 0.000 0.000 0.000 1.000)
Target Pos: 
(0.993 -0.031 0.117 0.000
 0.030 1.000 0.003 0.000
 -0.117 0.000 0.993 0.000
 0.000 0.000 0.000 1.000)


TimeStamp: 0.6603491306304932
Pointerpos: 
(0.993 -0.031 0.117 0.000
 0.030 1.000 0.003 0.000
 -0.117 0.000 0.993 0.000
 0.000 0.000 0.000 1.000)
Target Pos: 
(0.993 -0.031 0.117 0.000
 0.030 1.000 0.003 0.000
 -0.117 0.000 0.993 0.000
 0.000 0.000 0.000 1.000)


TimeStamp: 0.6770250797271729
Pointerpos: 
(0.993 -0.031 0.117 0.000
 0.030 1.000 0.003 0.000
 -0.117 0.000 0.993 0.000
 0.000 0.000 0.000 1.000)
Target Pos: 
(0.993 -0.031 0.117 0.000
 0.030 1.000 0.003 0.000
 -0.117 0.000 0.993 0.000
 0.000 0.000 0.000 1.000)


TimeStamp: 0.6937370300292969
Pointerpos: 
(0.993 -0.031 0.117 0.000
 0.030 1.000 0.003 0.000
 -0.117 0.000 0.993 0.000
 0.000 0.000 0.000 1.000)
Target Pos: 
(0.993 -0.031 0.117 0.000
 0.030 1.000 0.003 0.000
 -0.117 0.000 0.993 0.000
 0.000 0.000 0.000 1.000)


TimeStamp: 0.7104701995849609
Pointerpos: 
(0.993 -0.031 0.117 0.000
 0.030 1.000 0.003 0.000
 -0.117 0.000 0.993 0.000
 0.000 0.000 0.000 1.000)
Target Pos: 
(0.993 -0.031 0.117 0.000
 0.030 1.000 0.003 0.000
 -0.117 0.000 0.993 0.000
 0.000 0.000 0.000 1.000)


TimeStamp: 0.7269802093505859
Pointerpos: 
(0.993 -0.031 0.117 0.000
 0.030 1.000 0.003 0.000
 -0.117 0.000 0.993 0.000
 0.000 0.000 0.000 1.000)
Target Pos: 
(0.993 -0.031 0.117 0.000
 0.030 1.000 0.003 0.000
 -0.117 0.000 0.993 0.000
 0.000 0.000 0.000 1.000)


TimeStamp: 0.7437222003936768
Pointerpos: 
(0.993 -0.031 0.117 0.000
 0.030 1.000 0.003 0.000
 -0.117 0.000 0.993 0.000
 0.000 0.000 0.000 1.000)
Target Pos: 
(0.993 -0.031 0.117 0.000
 0.030 1.000 0.003 0.000
 -0.117 0.000 0.993 0.000
 0.000 0.000 0.000 1.000)


TimeStamp: 0.7608451843261719
Pointerpos: 
(0.993 -0.031 0.117 0.000
 0.030 1.000 0.003 0.000
 -0.117 0.000 0.993 0.000
 0.000 0.000 0.000 1.000)
Target Pos: 
(0.993 -0.031 0.117 0.000
 0.030 1.000 0.003 0.000
 -0.117 0.000 0.993 0.000
 0.000 0.000 0.000 1.000)


TimeStamp: 0.7775521278381348
Pointerpos: 
(0.993 -0.031 0.117 0.000
 0.030 1.000 0.004 0.000
 -0.117 0.000 0.993 0.000
 0.000 0.000 0.000 1.000)
Target Pos: 
(0.993 -0.031 0.117 0.000
 0.030 1.000 0.004 0.000
 -0.117 0.000 0.993 0.000
 0.000 0.000 0.000 1.000)


TimeStamp: 0.7941269874572754
Pointerpos: 
(0.993 -0.031 0.117 0.000
 0.030 1.000 0.004 0.000
 -0.117 0.000 0.993 0.000
 0.000 0.000 0.000 1.000)
Target Pos: 
(0.993 -0.031 0.117 0.000
 0.030 1.000 0.004 0.000
 -0.117 0.000 0.993 0.000
 0.000 0.000 0.000 1.000)


TimeStamp: 0.8105201721191406
Pointerpos: 
(0.993 -0.031 0.117 0.000
 0.030 1.000 0.004 0.000
 -0.117 0.000 0.993 0.000
 0.000 0.000 0.000 1.000)
Target Pos: 
(0.993 -0.031 0.117 0.000
 0.030 1.000 0.004 0.000
 -0.117 0.000 0.993 0.000
 0.000 0.000 0.000 1.000)


TimeStamp: 0.8271281719207764
Pointerpos: 
(0.993 -0.031 0.117 0.000
 0.030 1.000 0.004 0.000
 -0.117 0.000 0.993 0.000
 0.000 0.000 0.000 1.000)
Target Pos: 
(0.993 -0.031 0.117 0.000
 0.030 1.000 0.004 0.000
 -0.117 0.000 0.993 0.000
 0.000 0.000 0.000 1.000)


TimeStamp: 0.8439221382141113
Pointerpos: 
(0.993 -0.031 0.117 0.000
 0.030 1.000 0.004 0.000
 -0.117 0.000 0.993 0.000
 0.000 0.000 0.000 1.000)
Target Pos: 
(0.993 -0.031 0.117 0.000
 0.030 1.000 0.004 0.000
 -0.117 0.000 0.993 0.000
 0.000 0.000 0.000 1.000)


TimeStamp: 0.8606221675872803
Pointerpos: 
(0.993 -0.031 0.117 0.000
 0.030 1.000 0.004 0.000
 -0.117 0.000 0.993 0.000
 0.000 0.000 0.000 1.000)
Target Pos: 
(0.993 -0.031 0.117 0.000
 0.030 1.000 0.004 0.000
 -0.117 0.000 0.993 0.000
 0.000 0.000 0.000 1.000)


TimeStamp: 0.8772861957550049
Pointerpos: 
(0.993 -0.031 0.117 0.000
 0.030 1.000 0.003 0.000
 -0.117 0.000 0.993 0.000
 0.000 0.000 0.000 1.000)
Target Pos: 
(0.993 -0.031 0.117 0.000
 0.030 1.000 0.003 0.000
 -0.117 0.000 0.993 0.000
 0.000 0.000 0.000 1.000)


TimeStamp: 0.8938441276550293
Pointerpos: 
(0.993 -0.031 0.117 0.000
 0.030 1.000 0.004 0.000
 -0.117 0.000 0.993 0.000
 0.000 0.000 0.000 1.000)
Target Pos: 
(0.993 -0.031 0.117 0.000
 0.030 1.000 0.004 0.000
 -0.117 0.000 0.993 0.000
 0.000 0.000 0.000 1.000)


TimeStamp: 0.9107410907745361
Pointerpos: 
(0.993 -0.031 0.117 0.000
 0.030 1.000 0.003 0.000
 -0.117 0.000 0.993 0.000
 0.000 0.000 0.000 1.000)
Target Pos: 
(0.993 -0.031 0.117 0.000
 0.030 1.000 0.003 0.000
 -0.117 0.000 0.993 0.000
 0.000 0.000 0.000 1.000)


TimeStamp: 0.9273660182952881
Pointerpos: 
(0.993 -0.031 0.117 0.000
 0.030 1.000 0.003 0.000
 -0.117 0.000 0.993 0.000
 0.000 0.000 0.000 1.000)
Target Pos: 
(0.993 -0.031 0.117 0.000
 0.030 1.000 0.003 0.000
 -0.117 0.000 0.993 0.000
 0.000 0.000 0.000 1.000)


TimeStamp: 0.9440371990203857
Pointerpos: 
(0.993 -0.031 0.117 0.000
 0.030 1.000 0.003 0.000
 -0.117 0.000 0.993 0.000
 0.000 0.000 0.000 1.000)
Target Pos: 
(0.993 -0.031 0.117 0.000
 0.030 1.000 0.003 0.000
 -0.117 0.000 0.993 0.000
 0.000 0.000 0.000 1.000)


TimeStamp: 0.9607419967651367
Pointerpos: 
(0.993 -0.031 0.117 0.000
 0.030 1.000 0.004 0.000
 -0.117 0.000 0.993 0.000
 0.000 0.000 0.000 1.000)
Target Pos: 
(0.993 -0.031 0.117 0.000
 0.030 1.000 0.004 0.000
 -0.117 0.000 0.993 0.000
 0.000 0.000 0.000 1.000)


TimeStamp: 0.9774022102355957
Pointerpos: 
(0.993 -0.031 0.117 0.000
 0.030 1.000 0.004 0.000
 -0.117 0.000 0.993 0.000
 0.000 0.000 0.000 1.000)
Target Pos: 
(0.993 -0.031 0.117 0.000
 0.030 1.000 0.004 0.000
 -0.117 0.000 0.993 0.000
 0.000 0.000 0.000 1.000)


TimeStamp: 0.9940969944000244
Pointerpos: 
(0.993 -0.031 0.117 0.000
 0.030 1.000 0.004 0.000
 -0.117 0.000 0.993 0.000
 0.000 0.000 0.000 1.000)
Target Pos: 
(0.993 -0.031 0.117 0.000
 0.030 1.000 0.004 0.000
 -0.117 0.000 0.993 0.000
 0.000 0.000 0.000 1.000)


TimeStamp: 1.0106430053710938
Pointerpos: 
(0.993 -0.031 0.117 0.000
 0.030 1.000 0.004 0.000
 -0.117 0.000 0.993 0.000
 0.000 0.000 0.000 1.000)
Target Pos: 
(0.993 -0.031 0.117 0.000
 0.030 1.000 0.004 0.000
 -0.117 0.000 0.993 0.000
 0.000 0.000 0.000 1.000)


TimeStamp: 1.0280811786651611
Pointerpos: 
(0.993 -0.031 0.117 0.000
 0.030 1.000 0.004 0.000
 -0.117 0.000 0.993 0.000
 0.000 0.000 0.000 1.000)
Target Pos: 
(0.993 -0.031 0.117 0.000
 0.030 1.000 0.004 0.000
 -0.117 0.000 0.993 0.000
 0.000 0.000 0.000 1.000)


TimeStamp: 1.044668197631836
Pointerpos: 
(0.993 -0.031 0.117 0.000
 0.030 1.000 0.004 0.000
 -0.117 0.000 0.993 0.000
 0.000 0.000 0.000 1.000)
Target Pos: 
(0.993 -0.031 0.117 0.000
 0.030 1.000 0.004 0.000
 -0.117 0.000 0.993 0.000
 0.000 0.000 0.000 1.000)


TimeStamp: 1.0612261295318604
Pointerpos: 
(0.993 -0.031 0.117 0.000
 0.030 1.000 0.004 0.000
 -0.117 0.000 0.993 0.000
 0.000 0.000 0.000 1.000)
Target Pos: 
(0.993 -0.031 0.117 0.000
 0.030 1.000 0.004 0.000
 -0.117 0.000 0.993 0.000
 0.000 0.000 0.000 1.000)


TimeStamp: 1.0779030323028564
Pointerpos: 
(0.993 -0.031 0.117 0.000
 0.030 1.000 0.004 0.000
 -0.117 0.000 0.993 0.000
 0.000 0.000 0.000 1.000)
Target Pos: 
(0.993 -0.031 0.117 0.000
 0.030 1.000 0.004 0.000
 -0.117 0.000 0.993 0.000
 0.000 0.000 0.000 1.000)


TimeStamp: 1.0945792198181152
Pointerpos: 
(0.993 -0.031 0.117 0.000
 0.030 1.000 0.004 0.000
 -0.117 0.000 0.993 0.000
 0.000 0.000 0.000 1.000)
Target Pos: 
(0.993 -0.031 0.117 0.000
 0.030 1.000 0.004 0.000
 -0.117 0.000 0.993 0.000
 0.000 0.000 0.000 1.000)


TimeStamp: 1.1112580299377441
Pointerpos: 
(0.993 -0.031 0.117 0.000
 0.030 1.000 0.004 0.000
 -0.117 0.000 0.993 0.000
 0.000 0.000 0.000 1.000)
Target Pos: 
(0.993 -0.031 0.117 0.000
 0.030 1.000 0.004 0.000
 -0.117 0.000 0.993 0.000
 0.000 0.000 0.000 1.000)


TimeStamp: 1.1279361248016357
Pointerpos: 
(0.993 -0.031 0.117 0.000
 0.030 1.000 0.004 0.000
 -0.117 0.000 0.993 0.000
 0.000 0.000 0.000 1.000)
Target Pos: 
(0.993 -0.031 0.117 0.000
 0.030 1.000 0.004 0.000
 -0.117 0.000 0.993 0.000
 0.000 0.000 0.000 1.000)


TimeStamp: 1.1447441577911377
Pointerpos: 
(0.993 -0.031 0.117 0.000
 0.030 1.000 0.004 0.000
 -0.117 0.000 0.993 0.000
 0.000 0.000 0.000 1.000)
Target Pos: 
(0.993 -0.031 0.117 0.000
 0.030 1.000 0.004 0.000
 -0.117 0.000 0.993 0.000
 0.000 0.000 0.000 1.000)


TimeStamp: 1.1613001823425293
Pointerpos: 
(0.993 -0.031 0.117 0.000
 0.030 1.000 0.004 0.000
 -0.117 0.000 0.993 0.000
 0.000 0.000 0.000 1.000)
Target Pos: 
(0.993 -0.031 0.117 0.000
 0.030 1.000 0.004 0.000
 -0.117 0.000 0.993 0.000
 0.000 0.000 0.000 1.000)


TimeStamp: 1.1779780387878418
Pointerpos: 
(0.993 -0.031 0.117 0.000
 0.030 1.000 0.004 0.000
 -0.117 0.000 0.993 0.000
 0.000 0.000 0.000 1.000)
Target Pos: 
(0.993 -0.031 0.117 0.000
 0.030 1.000 0.004 0.000
 -0.117 0.000 0.993 0.000
 0.000 0.000 0.000 1.000)


TimeStamp: 1.194655179977417
Pointerpos: 
(0.993 -0.031 0.117 0.000
 0.030 1.000 0.004 0.000
 -0.117 0.000 0.993 0.000
 0.000 0.000 0.000 1.000)
Target Pos: 
(0.993 -0.031 0.117 0.000
 0.030 1.000 0.004 0.000
 -0.117 0.000 0.993 0.000
 0.000 0.000 0.000 1.000)


TimeStamp: 1.211332082748413
Pointerpos: 
(0.993 -0.031 0.117 0.000
 0.030 1.000 0.004 0.000
 -0.117 0.000 0.993 0.000
 0.000 0.000 0.000 1.000)
Target Pos: 
(0.993 -0.031 0.117 0.000
 0.030 1.000 0.004 0.000
 -0.117 0.000 0.993 0.000
 0.000 0.000 0.000 1.000)


TimeStamp: 1.228011131286621
Pointerpos: 
(0.993 -0.031 0.117 0.000
 0.030 1.000 0.004 0.000
 -0.117 0.000 0.993 0.000
 0.000 0.000 0.000 1.000)
Target Pos: 
(0.993 -0.031 0.117 0.000
 0.030 1.000 0.004 0.000
 -0.117 0.000 0.993 0.000
 0.000 0.000 0.000 1.000)


TimeStamp: 1.2446889877319336
Pointerpos: 
(0.993 -0.031 0.117 0.000
 0.030 1.000 0.004 0.000
 -0.117 0.000 0.993 0.000
 0.000 0.000 0.000 1.000)
Target Pos: 
(0.993 -0.031 0.117 0.000
 0.030 1.000 0.004 0.000
 -0.117 0.000 0.993 0.000
 0.000 0.000 0.000 1.000)


TimeStamp: 1.2613680362701416
Pointerpos: 
(0.993 -0.031 0.117 0.000
 0.030 1.000 0.004 0.000
 -0.117 0.000 0.993 0.000
 0.000 0.000 0.000 1.000)
Target Pos: 
(0.993 -0.031 0.117 0.000
 0.030 1.000 0.004 0.000
 -0.117 0.000 0.993 0.000
 0.000 0.000 0.000 1.000)


TimeStamp: 1.2780461311340332
Pointerpos: 
(0.993 -0.031 0.117 0.000
 0.031 1.000 0.003 0.000
 -0.117 0.000 0.993 0.000
 0.000 0.000 0.000 1.000)
Target Pos: 
(0.993 -0.031 0.117 0.000
 0.031 1.000 0.003 0.000
 -0.117 0.000 0.993 0.000
 0.000 0.000 0.000 1.000)


TimeStamp: 1.29472017288208
Pointerpos: 
(0.993 -0.031 0.117 0.000
 0.031 1.000 0.003 0.000
 -0.117 0.000 0.993 0.000
 0.000 0.000 0.000 1.000)
Target Pos: 
(0.993 -0.031 0.117 0.000
 0.031 1.000 0.003 0.000
 -0.117 0.000 0.993 0.000
 0.000 0.000 0.000 1.000)


TimeStamp: 1.311399221420288
Pointerpos: 
(0.993 -0.031 0.117 0.000
 0.030 1.000 0.003 0.000
 -0.117 0.000 0.993 0.000
 0.000 0.000 0.000 1.000)
Target Pos: 
(0.993 -0.031 0.117 0.000
 0.030 1.000 0.003 0.000
 -0.117 0.000 0.993 0.000
 0.000 0.000 0.000 1.000)


TimeStamp: 1.3280770778656006
Pointerpos: 
(0.993 -0.031 0.117 0.000
 0.031 1.000 0.003 0.000
 -0.117 0.001 0.993 0.000
 0.000 0.000 0.000 1.000)
Target Pos: 
(0.993 -0.031 0.117 0.000
 0.031 1.000 0.003 0.000
 -0.117 0.001 0.993 0.000
 0.000 0.000 0.000 1.000)


TimeStamp: 1.3447542190551758
Pointerpos: 
(0.993 -0.031 0.117 0.000
 0.031 1.000 0.003 0.000
 -0.117 0.001 0.993 0.000
 0.000 0.000 0.000 1.000)
Target Pos: 
(0.993 -0.031 0.117 0.000
 0.031 1.000 0.003 0.000
 -0.117 0.001 0.993 0.000
 0.000 0.000 0.000 1.000)


TimeStamp: 1.3614311218261719
Pointerpos: 
(0.993 -0.031 0.117 0.000
 0.031 1.000 0.003 0.000
 -0.117 0.001 0.993 0.000
 0.000 0.000 0.000 1.000)
Target Pos: 
(0.993 -0.031 0.117 0.000
 0.031 1.000 0.003 0.000
 -0.117 0.001 0.993 0.000
 0.000 0.000 0.000 1.000)


TimeStamp: 1.3781092166900635
Pointerpos: 
(0.993 -0.031 0.117 0.000
 0.031 1.000 0.003 0.000
 -0.117 0.000 0.993 0.000
 0.000 0.000 0.000 1.000)
Target Pos: 
(0.993 -0.031 0.117 0.000
 0.031 1.000 0.003 0.000
 -0.117 0.000 0.993 0.000
 0.000 0.000 0.000 1.000)


TimeStamp: 1.3947880268096924
Pointerpos: 
(0.993 -0.031 0.117 0.000
 0.031 1.000 0.003 0.000
 -0.117 0.001 0.993 0.000
 0.000 0.000 0.000 1.000)
Target Pos: 
(0.993 -0.031 0.117 0.000
 0.031 1.000 0.003 0.000
 -0.117 0.001 0.993 0.000
 0.000 0.000 0.000 1.000)


TimeStamp: 1.4114761352539062
Pointerpos: 
(0.993 -0.030 0.117 0.000
 0.030 1.000 0.003 0.000
 -0.117 0.000 0.993 0.000
 0.000 0.000 0.000 1.000)
Target Pos: 
(0.993 -0.030 0.117 0.000
 0.030 1.000 0.003 0.000
 -0.117 0.000 0.993 0.000
 0.000 0.000 0.000 1.000)


TimeStamp: 1.4281420707702637
Pointerpos: 
(0.993 -0.030 0.117 0.000
 0.030 1.000 0.003 0.000
 -0.117 0.000 0.993 0.000
 0.000 0.000 0.000 1.000)
Target Pos: 
(0.993 -0.030 0.117 0.000
 0.030 1.000 0.003 0.000
 -0.117 0.000 0.993 0.000
 0.000 0.000 0.000 1.000)


TimeStamp: 1.4448201656341553
Pointerpos: 
(0.993 -0.030 0.117 0.000
 0.030 1.000 0.003 0.000
 -0.117 0.000 0.993 0.000
 0.000 0.000 0.000 1.000)
Target Pos: 
(0.993 -0.030 0.117 0.000
 0.030 1.000 0.003 0.000
 -0.117 0.000 0.993 0.000
 0.000 0.000 0.000 1.000)


TimeStamp: 1.4614980220794678
Pointerpos: 
(0.993 -0.031 0.117 0.000
 0.030 1.000 0.003 0.000
 -0.117 0.000 0.993 0.000
 0.000 0.000 0.000 1.000)
Target Pos: 
(0.993 -0.031 0.117 0.000
 0.030 1.000 0.003 0.000
 -0.117 0.000 0.993 0.000
 0.000 0.000 0.000 1.000)


TimeStamp: 1.4781780242919922
Pointerpos: 
(0.993 -0.031 0.116 0.000
 0.031 1.000 0.003 0.000
 -0.117 0.001 0.993 0.000
 0.000 0.000 0.000 1.000)
Target Pos: 
(0.993 -0.031 0.116 0.000
 0.031 1.000 0.003 0.000
 -0.117 0.001 0.993 0.000
 0.000 0.000 0.000 1.000)


TimeStamp: 1.4948530197143555
Pointerpos: 
(0.993 -0.031 0.116 0.000
 0.031 1.000 0.003 0.000
 -0.116 0.001 0.993 0.000
 0.000 0.000 0.000 1.000)
Target Pos: 
(0.993 -0.031 0.116 0.000
 0.031 1.000 0.003 0.000
 -0.116 0.001 0.993 0.000
 0.000 0.000 0.000 1.000)


TimeStamp: 1.511531114578247
Pointerpos: 
(0.993 -0.031 0.117 0.000
 0.031 1.000 0.003 0.000
 -0.117 0.001 0.993 0.000
 0.000 0.000 0.000 1.000)
Target Pos: 
(0.993 -0.031 0.117 0.000
 0.031 1.000 0.003 0.000
 -0.117 0.001 0.993 0.000
 0.000 0.000 0.000 1.000)


TimeStamp: 1.5282080173492432
Pointerpos: 
(0.993 -0.031 0.117 0.000
 0.031 1.000 0.003 0.000
 -0.117 0.001 0.993 0.000
 0.000 0.000 0.000 1.000)
Target Pos: 
(0.993 -0.031 0.117 0.000
 0.031 1.000 0.003 0.000
 -0.117 0.001 0.993 0.000
 0.000 0.000 0.000 1.000)


TimeStamp: 1.5448861122131348
Pointerpos: 
(0.993 -0.031 0.117 0.000
 0.031 1.000 0.003 0.000
 -0.117 0.001 0.993 0.000
 0.000 0.000 0.000 1.000)
Target Pos: 
(0.993 -0.031 0.117 0.000
 0.031 1.000 0.003 0.000
 -0.117 0.001 0.993 0.000
 0.000 0.000 0.000 1.000)


TimeStamp: 1.5615761280059814
Pointerpos: 
(0.993 -0.031 0.117 0.000
 0.031 1.000 0.003 0.000
 -0.117 0.001 0.993 0.000
 0.000 0.000 0.000 1.000)
Target Pos: 
(0.993 -0.031 0.117 0.000
 0.031 1.000 0.003 0.000
 -0.117 0.001 0.993 0.000
 0.000 0.000 0.000 1.000)


TimeStamp: 1.5782430171966553
Pointerpos: 
(0.993 -0.031 0.117 0.000
 0.031 1.000 0.003 0.000
 -0.117 0.000 0.993 0.000
 0.000 0.000 0.000 1.000)
Target Pos: 
(0.993 -0.031 0.117 0.000
 0.031 1.000 0.003 0.000
 -0.117 0.000 0.993 0.000
 0.000 0.000 0.000 1.000)


TimeStamp: 1.5949270725250244
Pointerpos: 
(0.993 -0.031 0.117 0.000
 0.031 1.000 0.003 0.000
 -0.117 0.000 0.993 0.000
 0.000 0.000 0.000 1.000)
Target Pos: 
(0.993 -0.031 0.117 0.000
 0.031 1.000 0.003 0.000
 -0.117 0.000 0.993 0.000
 0.000 0.000 0.000 1.000)


TimeStamp: 1.6116020679473877
Pointerpos: 
(0.993 -0.031 0.117 0.000
 0.030 1.000 0.003 0.000
 -0.117 0.000 0.993 0.000
 0.000 0.000 0.000 1.000)
Target Pos: 
(0.993 -0.031 0.117 0.000
 0.030 1.000 0.003 0.000
 -0.117 0.000 0.993 0.000
 0.000 0.000 0.000 1.000)


TimeStamp: 1.6282801628112793
Pointerpos: 
(0.993 -0.031 0.117 0.000
 0.030 1.000 0.003 0.000
 -0.117 0.000 0.993 0.000
 0.000 0.000 0.000 1.000)
Target Pos: 
(0.993 -0.031 0.117 0.000
 0.030 1.000 0.003 0.000
 -0.117 0.000 0.993 0.000
 0.000 0.000 0.000 1.000)


TimeStamp: 1.644956111907959
Pointerpos: 
(0.993 -0.031 0.117 0.000
 0.031 1.000 0.004 0.000
 -0.117 -0.000 0.993 0.000
 0.000 0.000 0.000 1.000)
Target Pos: 
(0.993 -0.031 0.117 0.000
 0.031 1.000 0.004 0.000
 -0.117 -0.000 0.993 0.000
 0.000 0.000 0.000 1.000)


TimeStamp: 1.6616411209106445
Pointerpos: 
(0.993 -0.031 0.117 0.000
 0.031 1.000 0.004 0.000
 -0.117 -0.000 0.993 0.000
 0.000 0.000 0.000 1.000)
Target Pos: 
(0.993 -0.031 0.117 0.000
 0.031 1.000 0.004 0.000
 -0.117 -0.000 0.993 0.000
 0.000 0.000 0.000 1.000)


TimeStamp: 1.678307056427002
Pointerpos: 
(0.993 -0.031 0.117 0.000
 0.031 1.000 0.004 0.000
 -0.117 -0.000 0.993 0.000
 0.000 0.000 0.000 1.000)
Target Pos: 
(0.993 -0.031 0.117 0.000
 0.031 1.000 0.004 0.000
 -0.117 -0.000 0.993 0.000
 0.000 0.000 0.000 1.000)


TimeStamp: 1.6949820518493652
Pointerpos: 
(0.993 -0.031 0.117 0.000
 0.030 1.000 0.003 0.000
 -0.117 0.000 0.993 0.000
 0.000 0.000 0.000 1.000)
Target Pos: 
(0.993 -0.031 0.117 0.000
 0.030 1.000 0.003 0.000
 -0.117 0.000 0.993 0.000
 0.000 0.000 0.000 1.000)


TimeStamp: 1.711665153503418
Pointerpos: 
(0.993 -0.031 0.117 0.000
 0.031 1.000 0.004 0.000
 -0.117 0.000 0.993 0.000
 0.000 0.000 0.000 1.000)
Target Pos: 
(0.993 -0.031 0.117 0.000
 0.031 1.000 0.004 0.000
 -0.117 0.000 0.993 0.000
 0.000 0.000 0.000 1.000)


TimeStamp: 1.7283401489257812
Pointerpos: 
(0.993 -0.031 0.117 0.000
 0.031 1.000 0.004 0.000
 -0.117 0.000 0.993 0.000
 0.000 0.000 0.000 1.000)
Target Pos: 
(0.993 -0.031 0.117 0.000
 0.031 1.000 0.004 0.000
 -0.117 0.000 0.993 0.000
 0.000 0.000 0.000 1.000)


TimeStamp: 1.7450191974639893
Pointerpos: 
(0.993 -0.031 0.117 0.000
 0.031 1.000 0.004 0.000
 -0.117 -0.000 0.993 0.000
 0.000 0.000 0.000 1.000)
Target Pos: 
(0.993 -0.031 0.117 0.000
 0.031 1.000 0.004 0.000
 -0.117 -0.000 0.993 0.000
 0.000 0.000 0.000 1.000)


TimeStamp: 1.761709213256836
Pointerpos: 
(0.993 -0.031 0.117 0.000
 0.031 1.000 0.004 0.000
 -0.117 -0.000 0.993 0.000
 0.000 0.000 0.000 1.000)
Target Pos: 
(0.993 -0.031 0.117 0.000
 0.031 1.000 0.004 0.000
 -0.117 -0.000 0.993 0.000
 0.000 0.000 0.000 1.000)


TimeStamp: 1.7783691883087158
Pointerpos: 
(0.993 -0.031 0.117 0.000
 0.031 1.000 0.003 0.000
 -0.117 0.000 0.993 0.000
 0.000 0.000 0.000 1.000)
Target Pos: 
(0.993 -0.031 0.117 0.000
 0.031 1.000 0.003 0.000
 -0.117 0.000 0.993 0.000
 0.000 0.000 0.000 1.000)


TimeStamp: 1.7950470447540283
Pointerpos: 
(0.993 -0.031 0.116 0.000
 0.031 1.000 0.003 0.000
 -0.117 0.000 0.993 0.000
 0.000 0.000 0.000 1.000)
Target Pos: 
(0.993 -0.031 0.116 0.000
 0.031 1.000 0.003 0.000
 -0.117 0.000 0.993 0.000
 0.000 0.000 0.000 1.000)


TimeStamp: 1.811722993850708
Pointerpos: 
(0.993 -0.031 0.116 0.000
 0.031 1.000 0.003 0.000
 -0.116 0.000 0.993 0.000
 0.000 0.000 0.000 1.000)
Target Pos: 
(0.993 -0.031 0.116 0.000
 0.031 1.000 0.003 0.000
 -0.116 0.000 0.993 0.000
 0.000 0.000 0.000 1.000)


TimeStamp: 1.8283979892730713
Pointerpos: 
(0.993 -0.031 0.117 0.000
 0.031 1.000 0.003 0.000
 -0.117 0.000 0.993 0.000
 0.000 0.000 0.000 1.000)
Target Pos: 
(0.993 -0.031 0.117 0.000
 0.031 1.000 0.003 0.000
 -0.117 0.000 0.993 0.000
 0.000 0.000 0.000 1.000)


TimeStamp: 1.84507417678833
Pointerpos: 
(0.993 -0.031 0.117 0.000
 0.031 1.000 0.003 0.000
 -0.117 0.000 0.993 0.000
 0.000 0.000 0.000 1.000)
Target Pos: 
(0.993 -0.031 0.117 0.000
 0.031 1.000 0.003 0.000
 -0.117 0.000 0.993 0.000
 0.000 0.000 0.000 1.000)


TimeStamp: 1.8617641925811768
Pointerpos: 
(0.993 -0.031 0.117 0.000
 0.030 1.000 0.003 0.000
 -0.117 0.000 0.993 0.000
 0.000 0.000 0.000 1.000)
Target Pos: 
(0.993 -0.031 0.117 0.000
 0.030 1.000 0.003 0.000
 -0.117 0.000 0.993 0.000
 0.000 0.000 0.000 1.000)


TimeStamp: 1.8784282207489014
Pointerpos: 
(0.993 -0.031 0.117 0.000
 0.030 1.000 0.004 0.000
 -0.117 0.000 0.993 0.000
 0.000 0.000 0.000 1.000)
Target Pos: 
(0.993 -0.031 0.117 0.000
 0.030 1.000 0.004 0.000
 -0.117 0.000 0.993 0.000
 0.000 0.000 0.000 1.000)


TimeStamp: 1.8951380252838135
Pointerpos: 
(0.993 -0.031 0.117 0.000
 0.031 1.000 0.003 0.000
 -0.117 0.001 0.993 0.000
 0.000 0.000 0.000 1.000)
Target Pos: 
(0.993 -0.031 0.117 0.000
 0.031 1.000 0.003 0.000
 -0.117 0.001 0.993 0.000
 0.000 0.000 0.000 1.000)


TimeStamp: 1.9117770195007324
Pointerpos: 
(0.993 -0.031 0.117 0.000
 0.030 1.000 0.003 0.000
 -0.117 0.001 0.993 0.000
 0.000 0.000 0.000 1.000)
Target Pos: 
(0.993 -0.031 0.117 0.000
 0.030 1.000 0.003 0.000
 -0.117 0.001 0.993 0.000
 0.000 0.000 0.000 1.000)


TimeStamp: 1.9284420013427734
Pointerpos: 
(0.993 -0.031 0.117 0.000
 0.030 1.000 0.003 0.000
 -0.117 0.000 0.993 0.000
 0.000 0.000 0.000 1.000)
Target Pos: 
(0.993 -0.031 0.117 0.000
 0.030 1.000 0.003 0.000
 -0.117 0.000 0.993 0.000
 0.000 0.000 0.000 1.000)


TimeStamp: 1.9451031684875488
Pointerpos: 
(0.993 -0.031 0.117 0.000
 0.030 1.000 0.003 0.000
 -0.117 0.000 0.993 0.000
 0.000 0.000 0.000 1.000)
Target Pos: 
(0.993 -0.031 0.117 0.000
 0.030 1.000 0.003 0.000
 -0.117 0.000 0.993 0.000
 0.000 0.000 0.000 1.000)


TimeStamp: 1.9617910385131836
Pointerpos: 
(0.993 -0.031 0.117 0.000
 0.030 1.000 0.003 0.000
 -0.117 0.000 0.993 0.000
 0.000 0.000 0.000 1.000)
Target Pos: 
(0.993 -0.031 0.117 0.000
 0.030 1.000 0.003 0.000
 -0.117 0.000 0.993 0.000
 0.000 0.000 0.000 1.000)


TimeStamp: 1.9784691333770752
Pointerpos: 
(0.993 -0.031 0.117 0.000
 0.030 1.000 0.004 0.000
 -0.117 0.000 0.993 0.000
 0.000 0.000 0.000 1.000)
Target Pos: 
(0.993 -0.031 0.117 0.000
 0.030 1.000 0.004 0.000
 -0.117 0.000 0.993 0.000
 0.000 0.000 0.000 1.000)


TimeStamp: 1.9951372146606445
Pointerpos: 
(0.993 -0.031 0.117 0.000
 0.031 1.000 0.004 0.000
 -0.117 0.000 0.993 0.000
 0.000 0.000 0.000 1.000)
Target Pos: 
(0.993 -0.031 0.117 0.000
 0.031 1.000 0.004 0.000
 -0.117 0.000 0.993 0.000
 0.000 0.000 0.000 1.000)


TimeStamp: 2.011806011199951
Pointerpos: 
(0.993 -0.031 0.116 0.000
 0.031 1.000 0.003 0.000
 -0.116 0.001 0.993 0.000
 0.000 0.000 0.000 1.000)
Target Pos: 
(0.993 -0.031 0.116 0.000
 0.031 1.000 0.003 0.000
 -0.116 0.001 0.993 0.000
 0.000 0.000 0.000 1.000)


TimeStamp: 2.028470039367676
Pointerpos: 
(0.993 -0.031 0.117 0.000
 0.031 1.000 0.003 0.000
 -0.117 0.001 0.993 0.000
 0.000 0.000 0.000 1.000)
Target Pos: 
(0.993 -0.031 0.117 0.000
 0.031 1.000 0.003 0.000
 -0.117 0.001 0.993 0.000
 0.000 0.000 0.000 1.000)


TimeStamp: 2.0451459884643555
Pointerpos: 
(0.993 -0.031 0.117 0.000
 0.031 1.000 0.003 0.000
 -0.117 0.001 0.993 0.000
 0.000 0.000 0.000 1.000)
Target Pos: 
(0.993 -0.031 0.117 0.000
 0.031 1.000 0.003 0.000
 -0.117 0.001 0.993 0.000
 0.000 0.000 0.000 1.000)


TimeStamp: 2.061828136444092
Pointerpos: 
(0.993 -0.031 0.117 0.000
 0.031 1.000 0.003 0.000
 -0.117 0.000 0.993 0.000
 0.000 0.000 0.000 1.000)
Target Pos: 
(0.993 -0.031 0.117 0.000
 0.031 1.000 0.003 0.000
 -0.117 0.000 0.993 0.000
 0.000 0.000 0.000 1.000)


TimeStamp: 2.0784881114959717
Pointerpos: 
(0.993 -0.031 0.117 0.000
 0.031 1.000 0.003 0.000
 -0.117 0.000 0.993 0.000
 0.000 0.000 0.000 1.000)
Target Pos: 
(0.993 -0.031 0.117 0.000
 0.031 1.000 0.003 0.000
 -0.117 0.000 0.993 0.000
 0.000 0.000 0.000 1.000)


TimeStamp: 2.0951671600341797
Pointerpos: 
(0.993 -0.031 0.117 0.000
 0.031 1.000 0.003 0.000
 -0.117 0.000 0.993 0.000
 0.000 0.000 0.000 1.000)
Target Pos: 
(0.993 -0.031 0.117 0.000
 0.031 1.000 0.003 0.000
 -0.117 0.000 0.993 0.000
 0.000 0.000 0.000 1.000)


TimeStamp: 2.1118390560150146
Pointerpos: 
(0.993 -0.031 0.117 0.000
 0.030 1.000 0.003 0.000
 -0.117 0.000 0.993 0.000
 0.000 0.000 0.000 1.000)
Target Pos: 
(0.993 -0.031 0.117 0.000
 0.030 1.000 0.003 0.000
 -0.117 0.000 0.993 0.000
 0.000 0.000 0.000 1.000)


TimeStamp: 2.1285011768341064
Pointerpos: 
(0.993 -0.031 0.117 0.000
 0.030 1.000 0.003 0.000
 -0.117 0.000 0.993 0.000
 0.000 0.000 0.000 1.000)
Target Pos: 
(0.993 -0.031 0.117 0.000
 0.030 1.000 0.003 0.000
 -0.117 0.000 0.993 0.000
 0.000 0.000 0.000 1.000)


TimeStamp: 2.1451752185821533
Pointerpos: 
(0.993 -0.031 0.117 0.000
 0.031 1.000 0.004 0.000
 -0.117 0.000 0.993 0.000
 0.000 0.000 0.000 1.000)
Target Pos: 
(0.993 -0.031 0.117 0.000
 0.031 1.000 0.004 0.000
 -0.117 0.000 0.993 0.000
 0.000 0.000 0.000 1.000)


TimeStamp: 2.161856174468994
Pointerpos: 
(0.993 -0.031 0.117 0.000
 0.031 1.000 0.004 0.000
 -0.117 0.000 0.993 0.000
 0.000 0.000 0.000 1.000)
Target Pos: 
(0.993 -0.031 0.117 0.000
 0.031 1.000 0.004 0.000
 -0.117 0.000 0.993 0.000
 0.000 0.000 0.000 1.000)


TimeStamp: 2.178518056869507
Pointerpos: 
(0.993 -0.031 0.117 0.000
 0.030 1.000 0.004 0.000
 -0.117 -0.000 0.993 0.000
 0.000 0.000 0.000 1.000)
Target Pos: 
(0.993 -0.031 0.117 0.000
 0.030 1.000 0.004 0.000
 -0.117 -0.000 0.993 0.000
 0.000 0.000 0.000 1.000)


TimeStamp: 2.195195198059082
Pointerpos: 
(0.993 -0.031 0.117 0.000
 0.030 1.000 0.004 0.000
 -0.117 -0.000 0.993 0.000
 0.000 0.000 0.000 1.000)
Target Pos: 
(0.993 -0.031 0.117 0.000
 0.030 1.000 0.004 0.000
 -0.117 -0.000 0.993 0.000
 0.000 0.000 0.000 1.000)


TimeStamp: 2.2118589878082275
Pointerpos: 
(0.993 -0.031 0.117 0.000
 0.031 1.000 0.004 0.000
 -0.117 -0.000 0.993 0.000
 0.000 0.000 0.000 1.000)
Target Pos: 
(0.993 -0.031 0.117 0.000
 0.031 1.000 0.004 0.000
 -0.117 -0.000 0.993 0.000
 0.000 0.000 0.000 1.000)


TimeStamp: 2.2285561561584473
Pointerpos: 
(0.993 -0.031 0.117 0.000
 0.031 1.000 0.003 0.000
 -0.117 0.000 0.993 0.000
 0.000 0.000 0.000 1.000)
Target Pos: 
(0.993 -0.031 0.117 0.000
 0.031 1.000 0.003 0.000
 -0.117 0.000 0.993 0.000
 0.000 0.000 0.000 1.000)


TimeStamp: 2.245239019393921
Pointerpos: 
(0.993 -0.031 0.117 0.000
 0.030 1.000 0.003 0.000
 -0.117 0.000 0.993 0.000
 0.000 0.000 0.000 1.000)
Target Pos: 
(0.993 -0.031 0.117 0.000
 0.030 1.000 0.003 0.000
 -0.117 0.000 0.993 0.000
 0.000 0.000 0.000 1.000)


TimeStamp: 2.261892080307007
Pointerpos: 
(0.993 -0.031 0.117 0.000
 0.030 1.000 0.003 0.000
 -0.117 0.000 0.993 0.000
 0.000 0.000 0.000 1.000)
Target Pos: 
(0.993 -0.031 0.117 0.000
 0.030 1.000 0.003 0.000
 -0.117 0.000 0.993 0.000
 0.000 0.000 0.000 1.000)


TimeStamp: 2.27856707572937
Pointerpos: 
(0.993 -0.031 0.117 0.000
 0.030 1.000 0.003 0.000
 -0.117 0.000 0.993 0.000
 0.000 0.000 0.000 1.000)
Target Pos: 
(0.993 -0.031 0.117 0.000
 0.030 1.000 0.003 0.000
 -0.117 0.000 0.993 0.000
 0.000 0.000 0.000 1.000)


TimeStamp: 2.295239210128784
Pointerpos: 
(0.993 -0.031 0.117 0.000
 0.030 1.000 0.003 0.000
 -0.117 0.000 0.993 0.000
 0.000 0.000 0.000 1.000)
Target Pos: 
(0.993 -0.031 0.117 0.000
 0.030 1.000 0.003 0.000
 -0.117 0.000 0.993 0.000
 0.000 0.000 0.000 1.000)


TimeStamp: 2.3119051456451416
Pointerpos: 
(0.993 -0.031 0.117 0.000
 0.031 1.000 0.003 0.000
 -0.117 0.001 0.993 0.000
 0.000 0.000 0.000 1.000)
Target Pos: 
(0.993 -0.031 0.117 0.000
 0.031 1.000 0.003 0.000
 -0.117 0.001 0.993 0.000
 0.000 0.000 0.000 1.000)


TimeStamp: 2.3285770416259766
Pointerpos: 
(0.993 -0.032 0.116 0.000
 0.032 0.999 0.003 0.000
 -0.116 0.001 0.993 0.000
 0.000 0.000 0.000 1.000)
Target Pos: 
(0.993 -0.032 0.116 0.000
 0.032 0.999 0.003 0.000
 -0.116 0.001 0.993 0.000
 0.000 0.000 0.000 1.000)


TimeStamp: 2.3452491760253906
Pointerpos: 
(0.993 -0.033 0.116 0.000
 0.032 0.999 0.003 0.000
 -0.116 0.000 0.993 0.000
 0.000 0.000 0.000 1.000)
Target Pos: 
(0.993 -0.033 0.116 0.000
 0.032 0.999 0.003 0.000
 -0.116 0.000 0.993 0.000
 0.000 0.000 0.000 1.000)


TimeStamp: 2.3619279861450195
Pointerpos: 
(0.993 -0.033 0.117 0.000
 0.032 0.999 0.004 0.000
 -0.117 0.000 0.993 0.000
 0.000 0.000 0.000 1.000)
Target Pos: 
(0.993 -0.033 0.117 0.000
 0.032 0.999 0.004 0.000
 -0.117 0.000 0.993 0.000
 0.000 0.000 0.000 1.000)


TimeStamp: 2.3786001205444336
Pointerpos: 
(0.993 -0.033 0.117 0.000
 0.033 0.999 0.004 0.000
 -0.117 -0.000 0.993 0.000
 0.000 0.000 0.000 1.000)
Target Pos: 
(0.993 -0.033 0.117 0.000
 0.033 0.999 0.004 0.000
 -0.117 -0.000 0.993 0.000
 0.000 0.000 0.000 1.000)


TimeStamp: 2.395263195037842
Pointerpos: 
(0.993 -0.033 0.117 0.000
 0.032 0.999 0.004 0.000
 -0.117 -0.001 0.993 0.000
 0.000 0.000 0.000 1.000)
Target Pos: 
(0.993 -0.033 0.117 0.000
 0.032 0.999 0.004 0.000
 -0.117 -0.001 0.993 0.000
 0.000 0.000 0.000 1.000)


TimeStamp: 2.4119369983673096
Pointerpos: 
(0.993 -0.033 0.117 0.000
 0.032 0.999 0.004 0.000
 -0.117 -0.000 0.993 0.000
 0.000 0.000 0.000 1.000)
Target Pos: 
(0.993 -0.033 0.117 0.000
 0.032 0.999 0.004 0.000
 -0.117 -0.000 0.993 0.000
 0.000 0.000 0.000 1.000)


TimeStamp: 2.42861008644104
Pointerpos: 
(0.993 -0.032 0.117 0.000
 0.032 0.999 0.004 0.000
 -0.117 -0.000 0.993 0.000
 0.000 0.000 0.000 1.000)
Target Pos: 
(0.993 -0.032 0.117 0.000
 0.032 0.999 0.004 0.000
 -0.117 -0.000 0.993 0.000
 0.000 0.000 0.000 1.000)


TimeStamp: 2.4452831745147705
Pointerpos: 
(0.993 -0.032 0.117 0.000
 0.032 0.999 0.004 0.000
 -0.117 -0.000 0.993 0.000
 0.000 0.000 0.000 1.000)
Target Pos: 
(0.993 -0.032 0.117 0.000
 0.032 0.999 0.004 0.000
 -0.117 -0.000 0.993 0.000
 0.000 0.000 0.000 1.000)


TimeStamp: 2.461966037750244
Pointerpos: 
(0.993 -0.032 0.117 0.000
 0.032 0.999 0.004 0.000
 -0.117 -0.000 0.993 0.000
 0.000 0.000 0.000 1.000)
Target Pos: 
(0.993 -0.032 0.117 0.000
 0.032 0.999 0.004 0.000
 -0.117 -0.000 0.993 0.000
 0.000 0.000 0.000 1.000)


TimeStamp: 2.4786360263824463
Pointerpos: 
(0.993 -0.032 0.117 0.000
 0.032 0.999 0.004 0.000
 -0.117 -0.000 0.993 0.000
 0.000 0.000 0.000 1.000)
Target Pos: 
(0.993 -0.032 0.117 0.000
 0.032 0.999 0.004 0.000
 -0.117 -0.000 0.993 0.000
 0.000 0.000 0.000 1.000)


TimeStamp: 2.495300054550171
Pointerpos: 
(0.993 -0.032 0.117 0.000
 0.032 0.999 0.004 0.000
 -0.117 0.000 0.993 0.000
 0.000 0.000 0.000 1.000)
Target Pos: 
(0.993 -0.032 0.117 0.000
 0.032 0.999 0.004 0.000
 -0.117 0.000 0.993 0.000
 0.000 0.000 0.000 1.000)


TimeStamp: 2.511970043182373
Pointerpos: 
(0.993 -0.034 0.113 0.000
 0.034 0.999 0.002 0.000
 -0.113 0.002 0.994 0.000
 0.000 0.000 0.000 1.000)
Target Pos: 
(0.993 -0.034 0.113 0.000
 0.034 0.999 0.002 0.000
 -0.113 0.002 0.994 0.000
 0.000 0.000 0.000 1.000)


TimeStamp: 2.528640031814575
Pointerpos: 
(0.995 -0.036 0.095 0.000
 0.036 0.999 0.002 0.000
 -0.095 0.002 0.995 0.000
 0.000 0.000 0.000 1.000)
Target Pos: 
(0.995 -0.036 0.095 0.000
 0.036 0.999 0.002 0.000
 -0.095 0.002 0.995 0.000
 0.000 0.000 0.000 1.000)


TimeStamp: 2.5453100204467773
Pointerpos: 
(0.996 -0.035 0.077 0.000
 0.035 0.999 0.003 0.000
 -0.078 0.000 0.997 0.000
 0.000 0.000 0.000 1.000)
Target Pos: 
(0.996 -0.035 0.077 0.000
 0.035 0.999 0.003 0.000
 -0.078 0.000 0.997 0.000
 0.000 0.000 0.000 1.000)


TimeStamp: 2.561986207962036
Pointerpos: 
(0.997 -0.035 0.064 0.000
 0.035 0.999 0.002 0.000
 -0.064 0.001 0.998 0.000
 0.000 0.000 0.000 1.000)
Target Pos: 
(0.997 -0.035 0.064 0.000
 0.035 0.999 0.002 0.000
 -0.064 0.001 0.998 0.000
 0.000 0.000 0.000 1.000)


TimeStamp: 2.578677177429199
Pointerpos: 
(0.998 -0.034 0.045 0.000
 0.034 0.999 0.002 0.000
 -0.046 -0.001 0.999 0.000
 0.000 0.000 0.000 1.000)
Target Pos: 
(0.998 -0.034 0.045 0.000
 0.034 0.999 0.002 0.000
 -0.046 -0.001 0.999 0.000
 0.000 0.000 0.000 1.000)


TimeStamp: 2.5953590869903564
Pointerpos: 
(0.999 -0.034 0.032 0.000
 0.034 0.999 0.001 0.000
 -0.032 -0.000 0.999 0.000
 0.000 0.000 0.000 1.000)
Target Pos: 
(0.999 -0.034 0.032 0.000
 0.034 0.999 0.001 0.000
 -0.032 -0.000 0.999 0.000
 0.000 0.000 0.000 1.000)


TimeStamp: 2.6120359897613525
Pointerpos: 
(0.999 -0.034 0.017 0.000
 0.034 0.999 0.001 0.000
 -0.017 -0.000 1.000 0.000
 0.000 0.000 0.000 1.000)
Target Pos: 
(0.999 -0.034 0.017 0.000
 0.034 0.999 0.001 0.000
 -0.017 -0.000 1.000 0.000
 0.000 0.000 0.000 1.000)


TimeStamp: 2.628710985183716
Pointerpos: 
(0.999 -0.034 -0.031 0.000
 0.034 0.999 -0.002 0.000
 0.031 0.000 1.000 0.000
 0.000 0.000 0.000 1.000)
Target Pos: 
(0.999 -0.034 -0.031 0.000
 0.034 0.999 -0.002 0.000
 0.031 0.000 1.000 0.000
 0.000 0.000 0.000 1.000)


TimeStamp: 2.6453959941864014
Pointerpos: 
(0.998 -0.034 -0.049 0.000
 0.034 0.999 -0.001 0.000
 0.049 -0.000 0.999 0.000
 0.000 0.000 0.000 1.000)
Target Pos: 
(0.998 -0.034 -0.049 0.000
 0.034 0.999 -0.001 0.000
 0.049 -0.000 0.999 0.000
 0.000 0.000 0.000 1.000)


TimeStamp: 2.662041187286377
Pointerpos: 
(0.997 -0.033 -0.067 0.000
 0.033 0.999 -0.001 0.000
 0.067 -0.001 0.998 0.000
 0.000 0.000 0.000 1.000)
Target Pos: 
(0.997 -0.033 -0.067 0.000
 0.033 0.999 -0.001 0.000
 0.067 -0.001 0.998 0.000
 0.000 0.000 0.000 1.000)


TimeStamp: 2.6787102222442627
Pointerpos: 
(0.997 -0.033 -0.076 0.000
 0.033 0.999 -0.001 0.000
 0.076 -0.001 0.997 0.000
 0.000 0.000 0.000 1.000)
Target Pos: 
(0.997 -0.033 -0.076 0.000
 0.033 0.999 -0.001 0.000
 0.076 -0.001 0.997 0.000
 0.000 0.000 0.000 1.000)


TimeStamp: 2.695380210876465
Pointerpos: 
(0.995 -0.033 -0.091 0.000
 0.033 0.999 -0.001 0.000
 0.091 -0.003 0.996 0.000
 0.000 0.000 0.000 1.000)
Target Pos: 
(0.995 -0.033 -0.091 0.000
 0.033 0.999 -0.001 0.000
 0.091 -0.003 0.996 0.000
 0.000 0.000 0.000 1.000)


TimeStamp: 2.7120511531829834
Pointerpos: 
(0.994 -0.034 -0.102 0.000
 0.034 0.999 -0.000 0.000
 0.102 -0.003 0.995 0.000
 0.000 0.000 0.000 1.000)
Target Pos: 
(0.994 -0.034 -0.102 0.000
 0.034 0.999 -0.000 0.000
 0.102 -0.003 0.995 0.000
 0.000 0.000 0.000 1.000)


TimeStamp: 2.728736162185669
Pointerpos: 
(0.993 -0.034 -0.115 0.000
 0.034 0.999 -0.000 0.000
 0.114 -0.004 0.993 0.000
 0.000 0.000 0.000 1.000)
Target Pos: 
(0.993 -0.034 -0.115 0.000
 0.034 0.999 -0.000 0.000
 0.114 -0.004 0.993 0.000
 0.000 0.000 0.000 1.000)


TimeStamp: 2.745427131652832
Pointerpos: 
(0.991 -0.035 -0.131 0.000
 0.036 0.999 -0.000 0.000
 0.131 -0.004 0.991 0.000
 0.000 0.000 0.000 1.000)
Target Pos: 
(0.991 -0.035 -0.131 0.000
 0.036 0.999 -0.000 0.000
 0.131 -0.004 0.991 0.000
 0.000 0.000 0.000 1.000)


TimeStamp: 2.762073040008545
Pointerpos: 
(0.990 -0.035 -0.140 0.000
 0.036 0.999 -0.000 0.000
