TimeStamp: 0.015192031860351562
Pointerpos: 
(0.988 -0.037 0.147 0.000
 0.036 0.999 0.011 0.000
 -0.148 -0.006 0.989 0.000
 0.000 0.000 0.000 1.000)
Target Pos: 
(0.988 -0.037 0.147 0.000
 0.036 0.999 0.011 0.000
 -0.148 -0.006 0.989 0.000
 0.000 0.000 0.000 1.000)


TimeStamp: 0.23603010177612305
Pointerpos: 
(0.988 -0.037 0.147 0.000
 0.036 0.999 0.011 0.000
 -0.148 -0.006 0.989 0.000
 0.000 0.000 0.000 1.000)
Target Pos: 
(0.988 -0.037 0.147 0.000
 0.036 0.999 0.011 0.000
 -0.148 -0.006 0.989 0.000
 0.000 0.000 0.000 1.000)


TimeStamp: 0.25206708908081055
Pointerpos: 
(0.988 -0.037 0.147 0.000
 0.036 0.999 0.011 0.000
 -0.148 -0.006 0.989 0.000
 0.000 0.000 0.000 1.000)
Target Pos: 
(0.988 -0.037 0.147 0.000
 0.036 0.999 0.011 0.000
 -0.148 -0.006 0.989 0.000
 0.000 0.000 0.000 1.000)


TimeStamp: 0.26912403106689453
Pointerpos: 
(0.988 -0.037 0.147 0.000
 0.036 0.999 0.011 0.000
 -0.148 -0.006 0.989 0.000
 0.000 0.000 0.000 1.000)
Target Pos: 
(0.988 -0.037 0.147 0.000
 0.036 0.999 0.011 0.000
 -0.148 -0.006 0.989 0.000
 0.000 0.000 0.000 1.000)


TimeStamp: 0.28575801849365234
Pointerpos: 
(0.988 -0.037 0.147 0.000
 0.036 0.999 0.011 0.000
 -0.148 -0.006 0.989 0.000
 0.000 0.000 0.000 1.000)
Target Pos: 
(0.988 -0.037 0.147 0.000
 0.036 0.999 0.011 0.000
 -0.148 -0.006 0.989 0.000
 0.000 0.000 0.000 1.000)


TimeStamp: 0.302217960357666
Pointerpos: 
(0.988 -0.037 0.147 0.000
 0.036 0.999 0.011 0.000
 -0.148 -0.006 0.989 0.000
 0.000 0.000 0.000 1.000)
Target Pos: 
(0.988 -0.037 0.147 0.000
 0.036 0.999 0.011 0.000
 -0.148 -0.006 0.989 0.000
 0.000 0.000 0.000 1.000)


TimeStamp: 0.3191831111907959
Pointerpos: 
(0.988 -0.037 0.147 0.000
 0.036 0.999 0.011 0.000
 -0.148 -0.006 0.989 0.000
 0.000 0.000 0.000 1.000)
Target Pos: 
(0.988 -0.037 0.147 0.000
 0.036 0.999 0.011 0.000
 -0.148 -0.006 0.989 0.000
 0.000 0.000 0.000 1.000)


TimeStamp: 0.33562397956848145
Pointerpos: 
(0.988 -0.037 0.147 0.000
 0.036 0.999 0.011 0.000
 -0.148 -0.006 0.989 0.000
 0.000 0.000 0.000 1.000)
Target Pos: 
(0.988 -0.037 0.147 0.000
 0.036 0.999 0.011 0.000
 -0.148 -0.006 0.989 0.000
 0.000 0.000 0.000 1.000)


TimeStamp: 0.35231995582580566
Pointerpos: 
(0.988 -0.037 0.147 0.000
 0.036 0.999 0.011 0.000
 -0.148 -0.006 0.989 0.000
 0.000 0.000 0.000 1.000)
Target Pos: 
(0.988 -0.037 0.147 0.000
 0.036 0.999 0.011 0.000
 -0.148 -0.006 0.989 0.000
 0.000 0.000 0.000 1.000)


TimeStamp: 0.3688220977783203
Pointerpos: 
(0.988 -0.037 0.147 0.000
 0.036 0.999 0.011 0.000
 -0.148 -0.006 0.989 0.000
 0.000 0.000 0.000 1.000)
Target Pos: 
(0.988 -0.037 0.147 0.000
 0.036 0.999 0.011 0.000
 -0.148 -0.006 0.989 0.000
 0.000 0.000 0.000 1.000)


TimeStamp: 0.3854939937591553
Pointerpos: 
(0.988 -0.037 0.147 0.000
 0.036 0.999 0.011 0.000
 -0.148 -0.006 0.989 0.000
 0.000 0.000 0.000 1.000)
Target Pos: 
(0.988 -0.037 0.147 0.000
 0.036 0.999 0.011 0.000
 -0.148 -0.006 0.989 0.000
 0.000 0.000 0.000 1.000)


TimeStamp: 0.40228915214538574
Pointerpos: 
(0.988 -0.037 0.147 0.000
 0.036 0.999 0.011 0.000
 -0.148 -0.006 0.989 0.000
 0.000 0.000 0.000 1.000)
Target Pos: 
(0.988 -0.037 0.147 0.000
 0.036 0.999 0.011 0.000
 -0.148 -0.006 0.989 0.000
 0.000 0.000 0.000 1.000)


TimeStamp: 0.4189419746398926
Pointerpos: 
(0.988 -0.037 0.147 0.000
 0.036 0.999 0.011 0.000
 -0.148 -0.006 0.989 0.000
 0.000 0.000 0.000 1.000)
Target Pos: 
(0.988 -0.037 0.147 0.000
 0.036 0.999 0.011 0.000
 -0.148 -0.006 0.989 0.000
 0.000 0.000 0.000 1.000)


TimeStamp: 0.43724608421325684
Pointerpos: 
(0.988 -0.037 0.147 0.000
 0.036 0.999 0.011 0.000
 -0.148 -0.006 0.989 0.000
 0.000 0.000 0.000 1.000)
Target Pos: 
(0.988 -0.037 0.147 0.000
 0.036 0.999 0.011 0.000
 -0.148 -0.006 0.989 0.000
 0.000 0.000 0.000 1.000)


TimeStamp: 0.45235204696655273
Pointerpos: 
(0.988 -0.037 0.147 0.000
 0.036 0.999 0.011 0.000
 -0.148 -0.006 0.989 0.000
 0.000 0.000 0.000 1.000)
Target Pos: 
(0.988 -0.037 0.147 0.000
 0.036 0.999 0.011 0.000
 -0.148 -0.006 0.989 0.000
 0.000 0.000 0.000 1.000)


TimeStamp: 0.46903014183044434
Pointerpos: 
(0.988 -0.037 0.147 0.000
 0.036 0.999 0.011 0.000
 -0.148 -0.006 0.989 0.000
 0.000 0.000 0.000 1.000)
Target Pos: 
(0.988 -0.037 0.147 0.000
 0.036 0.999 0.011 0.000
 -0.148 -0.006 0.989 0.000
 0.000 0.000 0.000 1.000)


TimeStamp: 0.48572611808776855
Pointerpos: 
(0.988 -0.037 0.147 0.000
 0.036 0.999 0.011 0.000
 -0.148 -0.006 0.989 0.000
 0.000 0.000 0.000 1.000)
Target Pos: 
(0.988 -0.037 0.147 0.000
 0.036 0.999 0.011 0.000
 -0.148 -0.006 0.989 0.000
 0.000 0.000 0.000 1.000)


TimeStamp: 0.502467155456543
Pointerpos: 
(0.988 -0.037 0.147 0.000
 0.036 0.999 0.011 0.000
 -0.148 -0.006 0.989 0.000
 0.000 0.000 0.000 1.000)
Target Pos: 
(0.988 -0.037 0.147 0.000
 0.036 0.999 0.011 0.000
 -0.148 -0.006 0.989 0.000
 0.000 0.000 0.000 1.000)


TimeStamp: 0.5191099643707275
Pointerpos: 
(0.988 -0.037 0.147 0.000
 0.036 0.999 0.011 0.000
 -0.148 -0.006 0.989 0.000
 0.000 0.000 0.000 1.000)
Target Pos: 
(0.988 -0.037 0.147 0.000
 0.036 0.999 0.011 0.000
 -0.148 -0.006 0.989 0.000
 0.000 0.000 0.000 1.000)


TimeStamp: 0.5358691215515137
Pointerpos: 
(0.988 -0.037 0.147 0.000
 0.036 0.999 0.011 0.000
 -0.148 -0.006 0.989 0.000
 0.000 0.000 0.000 1.000)
Target Pos: 
(0.988 -0.037 0.147 0.000
 0.036 0.999 0.011 0.000
 -0.148 -0.006 0.989 0.000
 0.000 0.000 0.000 1.000)


TimeStamp: 0.552483081817627
Pointerpos: 
(0.988 -0.037 0.147 0.000
 0.036 0.999 0.011 0.000
 -0.148 -0.006 0.989 0.000
 0.000 0.000 0.000 1.000)
Target Pos: 
(0.988 -0.037 0.147 0.000
 0.036 0.999 0.011 0.000
 -0.148 -0.006 0.989 0.000
 0.000 0.000 0.000 1.000)


TimeStamp: 0.5691821575164795
Pointerpos: 
(0.988 -0.037 0.147 0.000
 0.036 0.999 0.011 0.000
 -0.148 -0.006 0.989 0.000
 0.000 0.000 0.000 1.000)
Target Pos: 
(0.988 -0.037 0.147 0.000
 0.036 0.999 0.011 0.000
 -0.148 -0.006 0.989 0.000
 0.000 0.000 0.000 1.000)


TimeStamp: 0.5858681201934814
Pointerpos: 
(0.988 -0.037 0.147 0.000
 0.036 0.999 0.011 0.000
 -0.148 -0.006 0.989 0.000
 0.000 0.000 0.000 1.000)
Target Pos: 
(0.988 -0.037 0.147 0.000
 0.036 0.999 0.011 0.000
 -0.148 -0.006 0.989 0.000
 0.000 0.000 0.000 1.000)


TimeStamp: 0.6026029586791992
Pointerpos: 
(0.988 -0.037 0.147 0.000
 0.036 0.999 0.011 0.000
 -0.148 -0.006 0.989 0.000
 0.000 0.000 0.000 1.000)
Target Pos: 
(0.988 -0.037 0.147 0.000
 0.036 0.999 0.011 0.000
 -0.148 -0.006 0.989 0.000
 0.000 0.000 0.000 1.000)


TimeStamp: 0.6192431449890137
Pointerpos: 
(0.988 -0.037 0.147 0.000
 0.036 0.999 0.011 0.000
 -0.148 -0.006 0.989 0.000
 0.000 0.000 0.000 1.000)
Target Pos: 
(0.988 -0.037 0.147 0.000
 0.036 0.999 0.011 0.000
 -0.148 -0.006 0.989 0.000
 0.000 0.000 0.000 1.000)


TimeStamp: 0.6359331607818604
Pointerpos: 
(0.988 -0.037 0.147 0.000
 0.036 0.999 0.011 0.000
 -0.148 -0.006 0.989 0.000
 0.000 0.000 0.000 1.000)
Target Pos: 
(0.988 -0.037 0.147 0.000
 0.036 0.999 0.011 0.000
 -0.148 -0.006 0.989 0.000
 0.000 0.000 0.000 1.000)


TimeStamp: 0.6526889801025391
Pointerpos: 
(0.988 -0.037 0.147 0.000
 0.036 0.999 0.011 0.000
 -0.148 -0.006 0.989 0.000
 0.000 0.000 0.000 1.000)
Target Pos: 
(0.988 -0.037 0.147 0.000
 0.036 0.999 0.011 0.000
 -0.148 -0.006 0.989 0.000
 0.000 0.000 0.000 1.000)


TimeStamp: 0.6692421436309814
Pointerpos: 
(0.988 -0.037 0.147 0.000
 0.036 0.999 0.011 0.000
 -0.148 -0.006 0.989 0.000
 0.000 0.000 0.000 1.000)
Target Pos: 
(0.988 -0.037 0.147 0.000
 0.036 0.999 0.011 0.000
 -0.148 -0.006 0.989 0.000
 0.000 0.000 0.000 1.000)


TimeStamp: 0.6880109310150146
Pointerpos: 
(0.988 -0.037 0.147 0.000
 0.036 0.999 0.011 0.000
 -0.148 -0.006 0.989 0.000
 0.000 0.000 0.000 1.000)
Target Pos: 
(0.988 -0.037 0.147 0.000
 0.036 0.999 0.011 0.000
 -0.148 -0.006 0.989 0.000
 0.000 0.000 0.000 1.000)


TimeStamp: 0.7048039436340332
Pointerpos: 
(0.988 -0.037 0.147 0.000
 0.036 0.999 0.011 0.000
 -0.148 -0.006 0.989 0.000
 0.000 0.000 0.000 1.000)
Target Pos: 
(0.988 -0.037 0.147 0.000
 0.036 0.999 0.011 0.000
 -0.148 -0.006 0.989 0.000
 0.000 0.000 0.000 1.000)


TimeStamp: 0.7215230464935303
Pointerpos: 
(0.988 -0.037 0.147 0.000
 0.036 0.999 0.011 0.000
 -0.148 -0.006 0.989 0.000
 0.000 0.000 0.000 1.000)
Target Pos: 
(0.988 -0.037 0.147 0.000
 0.036 0.999 0.011 0.000
 -0.148 -0.006 0.989 0.000
 0.000 0.000 0.000 1.000)


TimeStamp: 0.7381980419158936
Pointerpos: 
(0.988 -0.037 0.147 0.000
 0.036 0.999 0.011 0.000
 -0.148 -0.006 0.989 0.000
 0.000 0.000 0.000 1.000)
Target Pos: 
(0.988 -0.037 0.147 0.000
 0.036 0.999 0.011 0.000
 -0.148 -0.006 0.989 0.000
 0.000 0.000 0.000 1.000)


TimeStamp: 0.7547430992126465
Pointerpos: 
(0.988 -0.037 0.147 0.000
 0.036 0.999 0.011 0.000
 -0.148 -0.006 0.989 0.000
 0.000 0.000 0.000 1.000)
Target Pos: 
(0.988 -0.037 0.147 0.000
 0.036 0.999 0.011 0.000
 -0.148 -0.006 0.989 0.000
 0.000 0.000 0.000 1.000)


TimeStamp: 0.7715489864349365
Pointerpos: 
(0.988 -0.037 0.147 0.000
 0.036 0.999 0.011 0.000
 -0.148 -0.006 0.989 0.000
 0.000 0.000 0.000 1.000)
Target Pos: 
(0.988 -0.037 0.147 0.000
 0.036 0.999 0.011 0.000
 -0.148 -0.006 0.989 0.000
 0.000 0.000 0.000 1.000)


TimeStamp: 0.7882721424102783
Pointerpos: 
(0.988 -0.037 0.147 0.000
 0.036 0.999 0.011 0.000
 -0.148 -0.006 0.989 0.000
 0.000 0.000 0.000 1.000)
Target Pos: 
(0.988 -0.037 0.147 0.000
 0.036 0.999 0.011 0.000
 -0.148 -0.006 0.989 0.000
 0.000 0.000 0.000 1.000)


TimeStamp: 0.8049471378326416
Pointerpos: 
(0.988 -0.037 0.147 0.000
 0.036 0.999 0.011 0.000
 -0.148 -0.006 0.989 0.000
 0.000 0.000 0.000 1.000)
Target Pos: 
(0.988 -0.037 0.147 0.000
 0.036 0.999 0.011 0.000
 -0.148 -0.006 0.989 0.000
 0.000 0.000 0.000 1.000)


TimeStamp: 0.8215999603271484
Pointerpos: 
(0.988 -0.037 0.147 0.000
 0.036 0.999 0.011 0.000
 -0.148 -0.006 0.989 0.000
 0.000 0.000 0.000 1.000)
Target Pos: 
(0.988 -0.037 0.147 0.000
 0.036 0.999 0.011 0.000
 -0.148 -0.006 0.989 0.000
 0.000 0.000 0.000 1.000)


TimeStamp: 0.8383650779724121
Pointerpos: 
(0.988 -0.037 0.147 0.000
 0.036 0.999 0.011 0.000
 -0.148 -0.006 0.989 0.000
 0.000 0.000 0.000 1.000)
Target Pos: 
(0.988 -0.037 0.147 0.000
 0.036 0.999 0.011 0.000
 -0.148 -0.006 0.989 0.000
 0.000 0.000 0.000 1.000)


TimeStamp: 0.8550131320953369
Pointerpos: 
(0.988 -0.037 0.147 0.000
 0.036 0.999 0.011 0.000
 -0.148 -0.006 0.989 0.000
 0.000 0.000 0.000 1.000)
Target Pos: 
(0.988 -0.037 0.147 0.000
 0.036 0.999 0.011 0.000
 -0.148 -0.006 0.989 0.000
 0.000 0.000 0.000 1.000)


TimeStamp: 0.8717019557952881
Pointerpos: 
(0.988 -0.037 0.147 0.000
 0.036 0.999 0.011 0.000
 -0.148 -0.006 0.989 0.000
 0.000 0.000 0.000 1.000)
Target Pos: 
(0.988 -0.037 0.147 0.000
 0.036 0.999 0.011 0.000
 -0.148 -0.006 0.989 0.000
 0.000 0.000 0.000 1.000)


TimeStamp: 0.8883769512176514
Pointerpos: 
(0.988 -0.037 0.147 0.000
 0.036 0.999 0.011 0.000
 -0.148 -0.006 0.989 0.000
 0.000 0.000 0.000 1.000)
Target Pos: 
(0.988 -0.037 0.147 0.000
 0.036 0.999 0.011 0.000
 -0.148 -0.006 0.989 0.000
 0.000 0.000 0.000 1.000)


TimeStamp: 0.9050750732421875
Pointerpos: 
(0.988 -0.037 0.147 0.000
 0.036 0.999 0.011 0.000
 -0.148 -0.006 0.989 0.000
 0.000 0.000 0.000 1.000)
Target Pos: 
(0.988 -0.037 0.147 0.000
 0.036 0.999 0.011 0.000
 -0.148 -0.006 0.989 0.000
 0.000 0.000 0.000 1.000)


TimeStamp: 0.9216279983520508
Pointerpos: 
(0.988 -0.037 0.147 0.000
 0.036 0.999 0.011 0.000
 -0.148 -0.006 0.989 0.000
 0.000 0.000 0.000 1.000)
Target Pos: 
(0.988 -0.037 0.147 0.000
 0.036 0.999 0.011 0.000
 -0.148 -0.006 0.989 0.000
 0.000 0.000 0.000 1.000)


TimeStamp: 0.9394309520721436
Pointerpos: 
(0.988 -0.037 0.147 0.000
 0.036 0.999 0.011 0.000
 -0.148 -0.006 0.989 0.000
 0.000 0.000 0.000 1.000)
Target Pos: 
(0.988 -0.037 0.147 0.000
 0.036 0.999 0.011 0.000
 -0.148 -0.006 0.989 0.000
 0.000 0.000 0.000 1.000)


TimeStamp: 0.9551069736480713
Pointerpos: 
(0.988 -0.037 0.147 0.000
 0.036 0.999 0.011 0.000
 -0.148 -0.006 0.989 0.000
 0.000 0.000 0.000 1.000)
Target Pos: 
(0.988 -0.037 0.147 0.000
 0.036 0.999 0.011 0.000
 -0.148 -0.006 0.989 0.000
 0.000 0.000 0.000 1.000)


TimeStamp: 0.9716639518737793
Pointerpos: 
(0.988 -0.037 0.147 0.000
 0.036 0.999 0.011 0.000
 -0.148 -0.006 0.989 0.000
 0.000 0.000 0.000 1.000)
Target Pos: 
(0.988 -0.037 0.147 0.000
 0.036 0.999 0.011 0.000
 -0.148 -0.006 0.989 0.000
 0.000 0.000 0.000 1.000)


TimeStamp: 0.9883670806884766
Pointerpos: 
(0.988 -0.037 0.147 0.000
 0.036 0.999 0.011 0.000
 -0.148 -0.006 0.989 0.000
 0.000 0.000 0.000 1.000)
Target Pos: 
(0.988 -0.037 0.147 0.000
 0.036 0.999 0.011 0.000
 -0.148 -0.006 0.989 0.000
 0.000 0.000 0.000 1.000)


TimeStamp: 1.0050110816955566
Pointerpos: 
(0.988 -0.037 0.147 0.000
 0.036 0.999 0.011 0.000
 -0.148 -0.006 0.989 0.000
 0.000 0.000 0.000 1.000)
Target Pos: 
(0.988 -0.037 0.147 0.000
 0.036 0.999 0.011 0.000
 -0.148 -0.006 0.989 0.000
 0.000 0.000 0.000 1.000)


TimeStamp: 1.0216889381408691
Pointerpos: 
(0.988 -0.037 0.147 0.000
 0.036 0.999 0.011 0.000
 -0.148 -0.006 0.989 0.000
 0.000 0.000 0.000 1.000)
Target Pos: 
(0.988 -0.037 0.147 0.000
 0.036 0.999 0.011 0.000
 -0.148 -0.006 0.989 0.000
 0.000 0.000 0.000 1.000)


TimeStamp: 1.03855299949646
Pointerpos: 
(0.988 -0.037 0.147 0.000
 0.036 0.999 0.011 0.000
 -0.148 -0.006 0.989 0.000
 0.000 0.000 0.000 1.000)
Target Pos: 
(0.988 -0.037 0.147 0.000
 0.036 0.999 0.011 0.000
 -0.148 -0.006 0.989 0.000
 0.000 0.000 0.000 1.000)


TimeStamp: 1.0550611019134521
Pointerpos: 
(0.988 -0.037 0.147 0.000
 0.036 0.999 0.011 0.000
 -0.148 -0.006 0.989 0.000
 0.000 0.000 0.000 1.000)
Target Pos: 
(0.988 -0.037 0.147 0.000
 0.036 0.999 0.011 0.000
 -0.148 -0.006 0.989 0.000
 0.000 0.000 0.000 1.000)


TimeStamp: 1.0717370510101318
Pointerpos: 
(0.988 -0.037 0.147 0.000
 0.036 0.999 0.011 0.000
 -0.148 -0.006 0.989 0.000
 0.000 0.000 0.000 1.000)
Target Pos: 
(0.988 -0.037 0.147 0.000
 0.036 0.999 0.011 0.000
 -0.148 -0.006 0.989 0.000
 0.000 0.000 0.000 1.000)


TimeStamp: 1.0884120464324951
Pointerpos: 
(0.988 -0.037 0.147 0.000
 0.036 0.999 0.011 0.000
 -0.148 -0.006 0.989 0.000
 0.000 0.000 0.000 1.000)
Target Pos: 
(0.988 -0.037 0.147 0.000
 0.036 0.999 0.011 0.000
 -0.148 -0.006 0.989 0.000
 0.000 0.000 0.000 1.000)


TimeStamp: 1.1050901412963867
Pointerpos: 
(0.988 -0.037 0.147 0.000
 0.036 0.999 0.011 0.000
 -0.148 -0.006 0.989 0.000
 0.000 0.000 0.000 1.000)
Target Pos: 
(0.988 -0.037 0.147 0.000
 0.036 0.999 0.011 0.000
 -0.148 -0.006 0.989 0.000
 0.000 0.000 0.000 1.000)


TimeStamp: 1.121772050857544
Pointerpos: 
(0.988 -0.037 0.147 0.000
 0.036 0.999 0.011 0.000
 -0.148 -0.006 0.989 0.000
 0.000 0.000 0.000 1.000)
Target Pos: 
(0.988 -0.037 0.147 0.000
 0.036 0.999 0.011 0.000
 -0.148 -0.006 0.989 0.000
 0.000 0.000 0.000 1.000)


TimeStamp: 1.138484001159668
Pointerpos: 
(0.988 -0.037 0.147 0.000
 0.036 0.999 0.011 0.000
 -0.148 -0.006 0.989 0.000
 0.000 0.000 0.000 1.000)
Target Pos: 
(0.988 -0.037 0.147 0.000
 0.036 0.999 0.011 0.000
 -0.148 -0.006 0.989 0.000
 0.000 0.000 0.000 1.000)


TimeStamp: 1.155135154724121
Pointerpos: 
(0.988 -0.037 0.147 0.000
 0.036 0.999 0.011 0.000
 -0.148 -0.006 0.989 0.000
 0.000 0.000 0.000 1.000)
Target Pos: 
(0.988 -0.037 0.147 0.000
 0.036 0.999 0.011 0.000
 -0.148 -0.006 0.989 0.000
 0.000 0.000 0.000 1.000)


TimeStamp: 1.1718101501464844
Pointerpos: 
(0.988 -0.037 0.147 0.000
 0.036 0.999 0.011 0.000
 -0.148 -0.006 0.989 0.000
 0.000 0.000 0.000 1.000)
Target Pos: 
(0.988 -0.037 0.147 0.000
 0.036 0.999 0.011 0.000
 -0.148 -0.006 0.989 0.000
 0.000 0.000 0.000 1.000)


TimeStamp: 1.1884651184082031
Pointerpos: 
(0.988 -0.037 0.147 0.000
 0.036 0.999 0.011 0.000
 -0.148 -0.006 0.989 0.000
 0.000 0.000 0.000 1.000)
Target Pos: 
(0.988 -0.037 0.147 0.000
 0.036 0.999 0.011 0.000
 -0.148 -0.006 0.989 0.000
 0.000 0.000 0.000 1.000)


TimeStamp: 1.205137014389038
Pointerpos: 
(0.988 -0.037 0.147 0.000
 0.036 0.999 0.011 0.000
 -0.148 -0.006 0.989 0.000
 0.000 0.000 0.000 1.000)
Target Pos: 
(0.988 -0.037 0.147 0.000
 0.036 0.999 0.011 0.000
 -0.148 -0.006 0.989 0.000
 0.000 0.000 0.000 1.000)


TimeStamp: 1.2218611240386963
Pointerpos: 
(0.988 -0.037 0.147 0.000
 0.036 0.999 0.011 0.000
 -0.148 -0.006 0.989 0.000
 0.000 0.000 0.000 1.000)
Target Pos: 
(0.988 -0.037 0.147 0.000
 0.036 0.999 0.011 0.000
 -0.148 -0.006 0.989 0.000
 0.000 0.000 0.000 1.000)


TimeStamp: 1.2385389804840088
Pointerpos: 
(0.988 -0.037 0.147 0.000
 0.036 0.999 0.011 0.000
 -0.148 -0.006 0.989 0.000
 0.000 0.000 0.000 1.000)
Target Pos: 
(0.988 -0.037 0.147 0.000
 0.036 0.999 0.011 0.000
 -0.148 -0.006 0.989 0.000
 0.000 0.000 0.000 1.000)


TimeStamp: 1.2552051544189453
Pointerpos: 
(0.988 -0.037 0.147 0.000
 0.036 0.999 0.011 0.000
 -0.148 -0.006 0.989 0.000
 0.000 0.000 0.000 1.000)
Target Pos: 
(0.988 -0.037 0.147 0.000
 0.036 0.999 0.011 0.000
 -0.148 -0.006 0.989 0.000
 0.000 0.000 0.000 1.000)


TimeStamp: 1.271878957748413
Pointerpos: 
(0.988 -0.037 0.147 0.000
 0.036 0.999 0.011 0.000
 -0.148 -0.006 0.989 0.000
 0.000 0.000 0.000 1.000)
Target Pos: 
(0.988 -0.037 0.147 0.000
 0.036 0.999 0.011 0.000
 -0.148 -0.006 0.989 0.000
 0.000 0.000 0.000 1.000)


TimeStamp: 1.2885551452636719
Pointerpos: 
(0.988 -0.037 0.147 0.000
 0.036 0.999 0.011 0.000
 -0.148 -0.006 0.989 0.000
 0.000 0.000 0.000 1.000)
Target Pos: 
(0.988 -0.037 0.147 0.000
 0.036 0.999 0.011 0.000
 -0.148 -0.006 0.989 0.000
 0.000 0.000 0.000 1.000)


TimeStamp: 1.305232048034668
Pointerpos: 
(0.988 -0.037 0.147 0.000
 0.036 0.999 0.011 0.000
 -0.148 -0.006 0.989 0.000
 0.000 0.000 0.000 1.000)
Target Pos: 
(0.988 -0.037 0.147 0.000
 0.036 0.999 0.011 0.000
 -0.148 -0.006 0.989 0.000
 0.000 0.000 0.000 1.000)


TimeStamp: 1.321908950805664
Pointerpos: 
(0.988 -0.037 0.147 0.000
 0.036 0.999 0.011 0.000
 -0.148 -0.006 0.989 0.000
 0.000 0.000 0.000 1.000)
Target Pos: 
(0.988 -0.037 0.147 0.000
 0.036 0.999 0.011 0.000
 -0.148 -0.006 0.989 0.000
 0.000 0.000 0.000 1.000)


TimeStamp: 1.3385961055755615
Pointerpos: 
(0.988 -0.037 0.147 0.000
 0.036 0.999 0.011 0.000
 -0.148 -0.006 0.989 0.000
 0.000 0.000 0.000 1.000)
Target Pos: 
(0.988 -0.037 0.147 0.000
 0.036 0.999 0.011 0.000
 -0.148 -0.006 0.989 0.000
 0.000 0.000 0.000 1.000)


TimeStamp: 1.3552429676055908
Pointerpos: 
(0.988 -0.037 0.147 0.000
 0.036 0.999 0.011 0.000
 -0.148 -0.006 0.989 0.000
 0.000 0.000 0.000 1.000)
Target Pos: 
(0.988 -0.037 0.147 0.000
 0.036 0.999 0.011 0.000
 -0.148 -0.006 0.989 0.000
 0.000 0.000 0.000 1.000)


TimeStamp: 1.371964931488037
Pointerpos: 
(0.988 -0.037 0.147 0.000
 0.036 0.999 0.011 0.000
 -0.148 -0.006 0.989 0.000
 0.000 0.000 0.000 1.000)
Target Pos: 
(0.988 -0.037 0.147 0.000
 0.036 0.999 0.011 0.000
 -0.148 -0.006 0.989 0.000
 0.000 0.000 0.000 1.000)


TimeStamp: 1.3886330127716064
Pointerpos: 
(0.988 -0.037 0.147 0.000
 0.036 0.999 0.011 0.000
 -0.148 -0.006 0.989 0.000
 0.000 0.000 0.000 1.000)
Target Pos: 
(0.988 -0.037 0.147 0.000
 0.036 0.999 0.011 0.000
 -0.148 -0.006 0.989 0.000
 0.000 0.000 0.000 1.000)


TimeStamp: 1.405311107635498
Pointerpos: 
(0.988 -0.037 0.147 0.000
 0.036 0.999 0.011 0.000
 -0.148 -0.006 0.989 0.000
 0.000 0.000 0.000 1.000)
Target Pos: 
(0.988 -0.037 0.147 0.000
 0.036 0.999 0.011 0.000
 -0.148 -0.006 0.989 0.000
 0.000 0.000 0.000 1.000)


TimeStamp: 1.421985149383545
Pointerpos: 
(0.988 -0.037 0.147 0.000
 0.036 0.999 0.011 0.000
 -0.148 -0.006 0.989 0.000
 0.000 0.000 0.000 1.000)
Target Pos: 
(0.988 -0.037 0.147 0.000
 0.036 0.999 0.011 0.000
 -0.148 -0.006 0.989 0.000
 0.000 0.000 0.000 1.000)


TimeStamp: 1.438662052154541
Pointerpos: 
(0.988 -0.037 0.147 0.000
 0.036 0.999 0.011 0.000
 -0.148 -0.006 0.989 0.000
 0.000 0.000 0.000 1.000)
Target Pos: 
(0.988 -0.037 0.147 0.000
 0.036 0.999 0.011 0.000
 -0.148 -0.006 0.989 0.000
 0.000 0.000 0.000 1.000)


TimeStamp: 1.4553380012512207
Pointerpos: 
(0.988 -0.037 0.147 0.000
 0.036 0.999 0.011 0.000
 -0.148 -0.006 0.989 0.000
 0.000 0.000 0.000 1.000)
Target Pos: 
(0.988 -0.037 0.147 0.000
 0.036 0.999 0.011 0.000
 -0.148 -0.006 0.989 0.000
 0.000 0.000 0.000 1.000)


TimeStamp: 1.4720101356506348
Pointerpos: 
(0.988 -0.037 0.147 0.000
 0.036 0.999 0.011 0.000
 -0.148 -0.006 0.989 0.000
 0.000 0.000 0.000 1.000)
Target Pos: 
(0.988 -0.037 0.147 0.000
 0.036 0.999 0.011 0.000
 -0.148 -0.006 0.989 0.000
 0.000 0.000 0.000 1.000)


TimeStamp: 1.4886960983276367
Pointerpos: 
(0.988 -0.037 0.147 0.000
 0.036 0.999 0.011 0.000
 -0.148 -0.006 0.989 0.000
 0.000 0.000 0.000 1.000)
Target Pos: 
(0.988 -0.037 0.147 0.000
 0.036 0.999 0.011 0.000
 -0.148 -0.006 0.989 0.000
 0.000 0.000 0.000 1.000)


TimeStamp: 1.50537109375
Pointerpos: 
(0.988 -0.037 0.147 0.000
 0.036 0.999 0.011 0.000
 -0.148 -0.006 0.989 0.000
 0.000 0.000 0.000 1.000)
Target Pos: 
(0.988 -0.037 0.147 0.000
 0.036 0.999 0.011 0.000
 -0.148 -0.006 0.989 0.000
 0.000 0.000 0.000 1.000)


TimeStamp: 1.5220530033111572
Pointerpos: 
(0.988 -0.037 0.147 0.000
 0.036 0.999 0.011 0.000
 -0.148 -0.006 0.989 0.000
 0.000 0.000 0.000 1.000)
Target Pos: 
(0.988 -0.037 0.147 0.000
 0.036 0.999 0.011 0.000
 -0.148 -0.006 0.989 0.000
 0.000 0.000 0.000 1.000)


TimeStamp: 1.5387251377105713
Pointerpos: 
(0.988 -0.037 0.147 0.000
 0.036 0.999 0.011 0.000
 -0.148 -0.006 0.989 0.000
 0.000 0.000 0.000 1.000)
Target Pos: 
(0.988 -0.037 0.147 0.000
 0.036 0.999 0.011 0.000
 -0.148 -0.006 0.989 0.000
 0.000 0.000 0.000 1.000)


TimeStamp: 1.5554230213165283
Pointerpos: 
(0.988 -0.037 0.147 0.000
 0.036 0.999 0.011 0.000
 -0.148 -0.006 0.989 0.000
 0.000 0.000 0.000 1.000)
Target Pos: 
(0.988 -0.037 0.147 0.000
 0.036 0.999 0.011 0.000
 -0.148 -0.006 0.989 0.000
 0.000 0.000 0.000 1.000)


TimeStamp: 1.5720889568328857
Pointerpos: 
(0.988 -0.037 0.147 0.000
 0.036 0.999 0.011 0.000
 -0.148 -0.006 0.989 0.000
 0.000 0.000 0.000 1.000)
Target Pos: 
(0.988 -0.037 0.147 0.000
 0.036 0.999 0.011 0.000
 -0.148 -0.006 0.989 0.000
 0.000 0.000 0.000 1.000)


TimeStamp: 1.5887501239776611
Pointerpos: 
(0.988 -0.037 0.147 0.000
 0.036 0.999 0.011 0.000
 -0.148 -0.006 0.989 0.000
 0.000 0.000 0.000 1.000)
Target Pos: 
(0.988 -0.037 0.147 0.000
 0.036 0.999 0.011 0.000
 -0.148 -0.006 0.989 0.000
 0.000 0.000 0.000 1.000)


TimeStamp: 1.605417013168335
Pointerpos: 
(0.988 -0.037 0.147 0.000
 0.036 0.999 0.011 0.000
 -0.148 -0.006 0.989 0.000
 0.000 0.000 0.000 1.000)
Target Pos: 
(0.988 -0.037 0.147 0.000
 0.036 0.999 0.011 0.000
 -0.148 -0.006 0.989 0.000
 0.000 0.000 0.000 1.000)


TimeStamp: 1.6221089363098145
Pointerpos: 
(0.988 -0.037 0.147 0.000
 0.036 0.999 0.011 0.000
 -0.148 -0.006 0.989 0.000
 0.000 0.000 0.000 1.000)
Target Pos: 
(0.988 -0.037 0.147 0.000
 0.036 0.999 0.011 0.000
 -0.148 -0.006 0.989 0.000
 0.000 0.000 0.000 1.000)


TimeStamp: 1.6387860774993896
Pointerpos: 
(0.988 -0.037 0.147 0.000
 0.036 0.999 0.011 0.000
 -0.148 -0.006 0.989 0.000
 0.000 0.000 0.000 1.000)
Target Pos: 
(0.988 -0.037 0.147 0.000
 0.036 0.999 0.011 0.000
 -0.148 -0.006 0.989 0.000
 0.000 0.000 0.000 1.000)


TimeStamp: 1.6554601192474365
Pointerpos: 
(0.988 -0.037 0.147 0.000
 0.036 0.999 0.011 0.000
 -0.148 -0.006 0.989 0.000
 0.000 0.000 0.000 1.000)
Target Pos: 
(0.988 -0.037 0.147 0.000
 0.036 0.999 0.011 0.000
 -0.148 -0.006 0.989 0.000
 0.000 0.000 0.000 1.000)


TimeStamp: 1.672140121459961
Pointerpos: 
(0.988 -0.037 0.147 0.000
 0.036 0.999 0.011 0.000
 -0.148 -0.006 0.989 0.000
 0.000 0.000 0.000 1.000)
Target Pos: 
(0.988 -0.037 0.147 0.000
 0.036 0.999 0.011 0.000
 -0.148 -0.006 0.989 0.000
 0.000 0.000 0.000 1.000)


TimeStamp: 1.6888189315795898
Pointerpos: 
(0.988 -0.037 0.147 0.000
 0.036 0.999 0.011 0.000
 -0.148 -0.006 0.989 0.000
 0.000 0.000 0.000 1.000)
Target Pos: 
(0.988 -0.037 0.147 0.000
 0.036 0.999 0.011 0.000
 -0.148 -0.006 0.989 0.000
 0.000 0.000 0.000 1.000)


TimeStamp: 1.7054941654205322
Pointerpos: 
(0.988 -0.037 0.147 0.000
 0.036 0.999 0.011 0.000
 -0.148 -0.006 0.989 0.000
 0.000 0.000 0.000 1.000)
Target Pos: 
(0.988 -0.037 0.147 0.000
 0.036 0.999 0.011 0.000
 -0.148 -0.006 0.989 0.000
 0.000 0.000 0.000 1.000)


TimeStamp: 1.7221739292144775
Pointerpos: 
(0.988 -0.037 0.147 0.000
 0.036 0.999 0.011 0.000
 -0.148 -0.006 0.989 0.000
 0.000 0.000 0.000 1.000)
Target Pos: 
(0.988 -0.037 0.147 0.000
 0.036 0.999 0.011 0.000
 -0.148 -0.006 0.989 0.000
 0.000 0.000 0.000 1.000)


TimeStamp: 1.7388501167297363
Pointerpos: 
(0.988 -0.037 0.147 0.000
 0.036 0.999 0.011 0.000
 -0.148 -0.006 0.989 0.000
 0.000 0.000 0.000 1.000)
Target Pos: 
(0.988 -0.037 0.147 0.000
 0.036 0.999 0.011 0.000
 -0.148 -0.006 0.989 0.000
 0.000 0.000 0.000 1.000)


TimeStamp: 1.7555079460144043
Pointerpos: 
(0.988 -0.037 0.147 0.000
 0.036 0.999 0.011 0.000
 -0.148 -0.006 0.989 0.000
 0.000 0.000 0.000 1.000)
Target Pos: 
(0.988 -0.037 0.147 0.000
 0.036 0.999 0.011 0.000
 -0.148 -0.006 0.989 0.000
 0.000 0.000 0.000 1.000)


TimeStamp: 1.772202968597412
Pointerpos: 
(0.988 -0.037 0.147 0.000
 0.036 0.999 0.011 0.000
 -0.148 -0.006 0.989 0.000
 0.000 0.000 0.000 1.000)
Target Pos: 
(0.988 -0.037 0.147 0.000
 0.036 0.999 0.011 0.000
 -0.148 -0.006 0.989 0.000
 0.000 0.000 0.000 1.000)


TimeStamp: 1.7888741493225098
Pointerpos: 
(0.988 -0.037 0.147 0.000
 0.036 0.999 0.011 0.000
 -0.148 -0.006 0.989 0.000
 0.000 0.000 0.000 1.000)
Target Pos: 
(0.988 -0.037 0.147 0.000
 0.036 0.999 0.011 0.000
 -0.148 -0.006 0.989 0.000
 0.000 0.000 0.000 1.000)


TimeStamp: 1.8055500984191895
Pointerpos: 
(0.988 -0.037 0.147 0.000
 0.036 0.999 0.011 0.000
 -0.148 -0.006 0.989 0.000
 0.000 0.000 0.000 1.000)
Target Pos: 
(0.988 -0.037 0.147 0.000
 0.036 0.999 0.011 0.000
 -0.148 -0.006 0.989 0.000
 0.000 0.000 0.000 1.000)


TimeStamp: 1.8222260475158691
Pointerpos: 
(0.988 -0.037 0.147 0.000
 0.036 0.999 0.011 0.000
 -0.148 -0.006 0.989 0.000
 0.000 0.000 0.000 1.000)
Target Pos: 
(0.988 -0.037 0.147 0.000
 0.036 0.999 0.011 0.000
 -0.148 -0.006 0.989 0.000
 0.000 0.000 0.000 1.000)


TimeStamp: 1.8389050960540771
Pointerpos: 
(0.988 -0.037 0.147 0.000
 0.036 0.999 0.011 0.000
 -0.148 -0.006 0.989 0.000
 0.000 0.000 0.000 1.000)
Target Pos: 
(0.988 -0.037 0.147 0.000
 0.036 0.999 0.011 0.000
 -0.148 -0.006 0.989 0.000
 0.000 0.000 0.000 1.000)


TimeStamp: 1.855579137802124
Pointerpos: 
(0.988 -0.037 0.147 0.000
 0.036 0.999 0.011 0.000
 -0.148 -0.006 0.989 0.000
 0.000 0.000 0.000 1.000)
Target Pos: 
(0.988 -0.037 0.147 0.000
 0.036 0.999 0.011 0.000
 -0.148 -0.006 0.989 0.000
 0.000 0.000 0.000 1.000)


TimeStamp: 1.8722519874572754
Pointerpos: 
(0.988 -0.037 0.147 0.000
 0.036 0.999 0.011 0.000
 -0.148 -0.006 0.989 0.000
 0.000 0.000 0.000 1.000)
Target Pos: 
(0.988 -0.037 0.147 0.000
 0.036 0.999 0.011 0.000
 -0.148 -0.006 0.989 0.000
 0.000 0.000 0.000 1.000)


TimeStamp: 1.888927936553955
Pointerpos: 
(0.988 -0.037 0.147 0.000
 0.036 0.999 0.011 0.000
 -0.148 -0.006 0.989 0.000
 0.000 0.000 0.000 1.000)
Target Pos: 
(0.988 -0.037 0.147 0.000
 0.036 0.999 0.011 0.000
 -0.148 -0.006 0.989 0.000
 0.000 0.000 0.000 1.000)


TimeStamp: 1.905583143234253
Pointerpos: 
(0.988 -0.037 0.147 0.000
 0.036 0.999 0.011 0.000
 -0.148 -0.006 0.989 0.000
 0.000 0.000 0.000 1.000)
Target Pos: 
(0.988 -0.037 0.147 0.000
 0.036 0.999 0.011 0.000
 -0.148 -0.006 0.989 0.000
 0.000 0.000 0.000 1.000)


TimeStamp: 1.9222710132598877
Pointerpos: 
(0.988 -0.037 0.147 0.000
 0.036 0.999 0.011 0.000
 -0.148 -0.006 0.989 0.000
 0.000 0.000 0.000 1.000)
Target Pos: 
(0.988 -0.037 0.147 0.000
 0.036 0.999 0.011 0.000
 -0.148 -0.006 0.989 0.000
 0.000 0.000 0.000 1.000)


TimeStamp: 1.9389240741729736
Pointerpos: 
(0.988 -0.037 0.147 0.000
 0.036 0.999 0.011 0.000
 -0.148 -0.006 0.989 0.000
 0.000 0.000 0.000 1.000)
Target Pos: 
(0.988 -0.037 0.147 0.000
 0.036 0.999 0.011 0.000
 -0.148 -0.006 0.989 0.000
 0.000 0.000 0.000 1.000)


TimeStamp: 1.9556190967559814
Pointerpos: 
(0.988 -0.037 0.147 0.000
 0.036 0.999 0.011 0.000
 -0.148 -0.006 0.989 0.000
 0.000 0.000 0.000 1.000)
Target Pos: 
(0.988 -0.037 0.147 0.000
 0.036 0.999 0.011 0.000
 -0.148 -0.006 0.989 0.000
 0.000 0.000 0.000 1.000)


TimeStamp: 1.9722950458526611
Pointerpos: 
(0.988 -0.037 0.147 0.000
 0.036 0.999 0.011 0.000
 -0.148 -0.006 0.989 0.000
 0.000 0.000 0.000 1.000)
Target Pos: 
(0.988 -0.037 0.147 0.000
 0.036 0.999 0.011 0.000
 -0.148 -0.006 0.989 0.000
 0.000 0.000 0.000 1.000)


TimeStamp: 1.9889740943908691
Pointerpos: 
(0.988 -0.037 0.147 0.000
 0.036 0.999 0.011 0.000
 -0.148 -0.006 0.989 0.000
 0.000 0.000 0.000 1.000)
Target Pos: 
(0.988 -0.037 0.147 0.000
 0.036 0.999 0.011 0.000
 -0.148 -0.006 0.989 0.000
 0.000 0.000 0.000 1.000)


TimeStamp: 2.0056581497192383
Pointerpos: 
(0.988 -0.037 0.147 0.000
 0.036 0.999 0.011 0.000
 -0.148 -0.006 0.989 0.000
 0.000 0.000 0.000 1.000)
Target Pos: 
(0.988 -0.037 0.147 0.000
 0.036 0.999 0.011 0.000
 -0.148 -0.006 0.989 0.000
 0.000 0.000 0.000 1.000)


TimeStamp: 2.0223381519317627
Pointerpos: 
(0.988 -0.037 0.147 0.000
 0.036 0.999 0.011 0.000
 -0.148 -0.006 0.989 0.000
 0.000 0.000 0.000 1.000)
Target Pos: 
(0.988 -0.037 0.147 0.000
 0.036 0.999 0.011 0.000
 -0.148 -0.006 0.989 0.000
 0.000 0.000 0.000 1.000)


TimeStamp: 2.0389840602874756
Pointerpos: 
(0.988 -0.037 0.147 0.000
 0.036 0.999 0.011 0.000
 -0.148 -0.006 0.989 0.000
 0.000 0.000 0.000 1.000)
Target Pos: 
(0.988 -0.037 0.147 0.000
 0.036 0.999 0.011 0.000
 -0.148 -0.006 0.989 0.000
 0.000 0.000 0.000 1.000)


TimeStamp: 2.055669069290161
Pointerpos: 
(0.988 -0.037 0.147 0.000
 0.036 0.999 0.011 0.000
 -0.148 -0.006 0.989 0.000
 0.000 0.000 0.000 1.000)
Target Pos: 
(0.988 -0.037 0.147 0.000
 0.036 0.999 0.011 0.000
 -0.148 -0.006 0.989 0.000
 0.000 0.000 0.000 1.000)


TimeStamp: 2.0723459720611572
Pointerpos: 
(0.988 -0.037 0.147 0.000
 0.036 0.999 0.011 0.000
 -0.148 -0.006 0.989 0.000
 0.000 0.000 0.000 1.000)
Target Pos: 
(0.988 -0.037 0.147 0.000
 0.036 0.999 0.011 0.000
 -0.148 -0.006 0.989 0.000
 0.000 0.000 0.000 1.000)


TimeStamp: 2.0890250205993652
Pointerpos: 
(0.988 -0.037 0.147 0.000
 0.036 0.999 0.011 0.000
 -0.148 -0.006 0.989 0.000
 0.000 0.000 0.000 1.000)
Target Pos: 
(0.988 -0.037 0.147 0.000
 0.036 0.999 0.011 0.000
 -0.148 -0.006 0.989 0.000
 0.000 0.000 0.000 1.000)


TimeStamp: 2.105699062347412
Pointerpos: 
(0.988 -0.037 0.147 0.000
 0.036 0.999 0.011 0.000
 -0.148 -0.006 0.989 0.000
 0.000 0.000 0.000 1.000)
Target Pos: 
(0.988 -0.037 0.147 0.000
 0.036 0.999 0.011 0.000
 -0.148 -0.006 0.989 0.000
 0.000 0.000 0.000 1.000)


TimeStamp: 2.122386932373047
Pointerpos: 
(0.988 -0.037 0.147 0.000
 0.036 0.999 0.011 0.000
 -0.148 -0.006 0.989 0.000
 0.000 0.000 0.000 1.000)
Target Pos: 
(0.988 -0.037 0.147 0.000
 0.036 0.999 0.011 0.000
 -0.148 -0.006 0.989 0.000
 0.000 0.000 0.000 1.000)


TimeStamp: 2.139052152633667
Pointerpos: 
(0.988 -0.037 0.147 0.000
 0.036 0.999 0.011 0.000
 -0.148 -0.006 0.989 0.000
 0.000 0.000 0.000 1.000)
Target Pos: 
(0.988 -0.037 0.147 0.000
 0.036 0.999 0.011 0.000
 -0.148 -0.006 0.989 0.000
 0.000 0.000 0.000 1.000)


TimeStamp: 2.1557271480560303
Pointerpos: 
(0.988 -0.037 0.147 0.000
 0.036 0.999 0.011 0.000
 -0.148 -0.006 0.989 0.000
 0.000 0.000 0.000 1.000)
Target Pos: 
(0.988 -0.037 0.147 0.000
 0.036 0.999 0.011 0.000
 -0.148 -0.006 0.989 0.000
 0.000 0.000 0.000 1.000)


TimeStamp: 2.1724021434783936
Pointerpos: 
(0.988 -0.037 0.147 0.000
 0.036 0.999 0.011 0.000
 -0.148 -0.006 0.989 0.000
 0.000 0.000 0.000 1.000)
Target Pos: 
(0.988 -0.037 0.147 0.000
 0.036 0.999 0.011 0.000
 -0.148 -0.006 0.989 0.000
 0.000 0.000 0.000 1.000)


TimeStamp: 2.189082145690918
Pointerpos: 
(0.988 -0.037 0.147 0.000
 0.036 0.999 0.011 0.000
 -0.148 -0.006 0.989 0.000
 0.000 0.000 0.000 1.000)
Target Pos: 
(0.988 -0.037 0.147 0.000
 0.036 0.999 0.011 0.000
 -0.148 -0.006 0.989 0.000
 0.000 0.000 0.000 1.000)


TimeStamp: 2.2057580947875977
Pointerpos: 
(0.988 -0.037 0.147 0.000
 0.036 0.999 0.011 0.000
 -0.148 -0.006 0.989 0.000
 0.000 0.000 0.000 1.000)
Target Pos: 
(0.988 -0.037 0.147 0.000
 0.036 0.999 0.011 0.000
 -0.148 -0.006 0.989 0.000
 0.000 0.000 0.000 1.000)


TimeStamp: 2.222445011138916
Pointerpos: 
(0.988 -0.037 0.147 0.000
 0.036 0.999 0.011 0.000
 -0.148 -0.006 0.989 0.000
 0.000 0.000 0.000 1.000)
Target Pos: 
(0.988 -0.037 0.147 0.000
 0.036 0.999 0.011 0.000
 -0.148 -0.006 0.989 0.000
 0.000 0.000 0.000 1.000)


TimeStamp: 2.239108085632324
Pointerpos: 
(0.988 -0.037 0.147 0.000
 0.036 0.999 0.011 0.000
 -0.148 -0.006 0.989 0.000
 0.000 0.000 0.000 1.000)
Target Pos: 
(0.988 -0.037 0.147 0.000
 0.036 0.999 0.011 0.000
 -0.148 -0.006 0.989 0.000
 0.000 0.000 0.000 1.000)


TimeStamp: 2.2557859420776367
Pointerpos: 
(0.988 -0.037 0.147 0.000
 0.036 0.999 0.011 0.000
 -0.148 -0.006 0.989 0.000
 0.000 0.000 0.000 1.000)
Target Pos: 
(0.988 -0.037 0.147 0.000
 0.036 0.999 0.011 0.000
 -0.148 -0.006 0.989 0.000
 0.000 0.000 0.000 1.000)


TimeStamp: 2.2724640369415283
Pointerpos: 
(0.988 -0.037 0.147 0.000
 0.036 0.999 0.011 0.000
 -0.148 -0.006 0.989 0.000
 0.000 0.000 0.000 1.000)
Target Pos: 
(0.988 -0.037 0.147 0.000
 0.036 0.999 0.011 0.000
 -0.148 -0.006 0.989 0.000
 0.000 0.000 0.000 1.000)


TimeStamp: 2.2891409397125244
Pointerpos: 
(0.988 -0.037 0.147 0.000
 0.036 0.999 0.011 0.000
 -0.148 -0.006 0.989 0.000
 0.000 0.000 0.000 1.000)
Target Pos: 
(0.988 -0.037 0.147 0.000
 0.036 0.999 0.011 0.000
 -0.148 -0.006 0.989 0.000
 0.000 0.000 0.000 1.000)


TimeStamp: 2.3058149814605713
Pointerpos: 
(0.988 -0.037 0.147 0.000
 0.036 0.999 0.011 0.000
 -0.148 -0.006 0.989 0.000
 0.000 0.000 0.000 1.000)
Target Pos: 
(0.988 -0.037 0.147 0.000
 0.036 0.999 0.011 0.000
 -0.148 -0.006 0.989 0.000
 0.000 0.000 0.000 1.000)


TimeStamp: 2.3225040435791016
Pointerpos: 
(0.988 -0.037 0.147 0.000
 0.036 0.999 0.011 0.000
 -0.148 -0.006 0.989 0.000
 0.000 0.000 0.000 1.000)
Target Pos: 
(0.988 -0.037 0.147 0.000
 0.036 0.999 0.011 0.000
 -0.148 -0.006 0.989 0.000
 0.000 0.000 0.000 1.000)


TimeStamp: 2.339164972305298
Pointerpos: 
(0.988 -0.037 0.147 0.000
 0.036 0.999 0.011 0.000
 -0.148 -0.006 0.989 0.000
 0.000 0.000 0.000 1.000)
Target Pos: 
(0.988 -0.037 0.147 0.000
 0.036 0.999 0.011 0.000
 -0.148 -0.006 0.989 0.000
 0.000 0.000 0.000 1.000)


TimeStamp: 2.355842113494873
Pointerpos: 
(0.988 -0.037 0.147 0.000
 0.036 0.999 0.011 0.000
 -0.148 -0.006 0.989 0.000
 0.000 0.000 0.000 1.000)
Target Pos: 
(0.988 -0.037 0.147 0.000
 0.036 0.999 0.011 0.000
 -0.148 -0.006 0.989 0.000
 0.000 0.000 0.000 1.000)


TimeStamp: 2.372519016265869
Pointerpos: 
(0.988 -0.037 0.147 0.000
 0.036 0.999 0.011 0.000
 -0.148 -0.006 0.989 0.000
 0.000 0.000 0.000 1.000)
Target Pos: 
(0.988 -0.037 0.147 0.000
 0.036 0.999 0.011 0.000
 -0.148 -0.006 0.989 0.000
 0.000 0.000 0.000 1.000)


TimeStamp: 2.389198064804077
Pointerpos: 
(0.988 -0.037 0.147 0.000
 0.036 0.999 0.011 0.000
 -0.148 -0.006 0.989 0.000
 0.000 0.000 0.000 1.000)
Target Pos: 
(0.988 -0.037 0.147 0.000
 0.036 0.999 0.011 0.000
 -0.148 -0.006 0.989 0.000
 0.000 0.000 0.000 1.000)


TimeStamp: 2.4058749675750732
Pointerpos: 
(0.988 -0.037 0.147 0.000
 0.036 0.999 0.011 0.000
 -0.148 -0.006 0.989 0.000
 0.000 0.000 0.000 1.000)
Target Pos: 
(0.988 -0.037 0.147 0.000
 0.036 0.999 0.011 0.000
 -0.148 -0.006 0.989 0.000
 0.000 0.000 0.000 1.000)


TimeStamp: 2.422560930252075
Pointerpos: 
(0.988 -0.037 0.147 0.000
 0.036 0.999 0.011 0.000
 -0.148 -0.006 0.989 0.000
 0.000 0.000 0.000 1.000)
Target Pos: 
(0.988 -0.037 0.147 0.000
 0.036 0.999 0.011 0.000
 -0.148 -0.006 0.989 0.000
 0.000 0.000 0.000 1.000)


TimeStamp: 2.4392240047454834
Pointerpos: 
(0.988 -0.037 0.147 0.000
 0.036 0.999 0.011 0.000
 -0.148 -0.006 0.989 0.000
 0.000 0.000 0.000 1.000)
Target Pos: 
(0.988 -0.037 0.147 0.000
 0.036 0.999 0.011 0.000
 -0.148 -0.006 0.989 0.000
 0.000 0.000 0.000 1.000)


TimeStamp: 2.455902099609375
Pointerpos: 
(0.988 -0.037 0.147 0.000
 0.036 0.999 0.011 0.000
 -0.148 -0.006 0.989 0.000
 0.000 0.000 0.000 1.000)
Target Pos: 
(0.988 -0.037 0.147 0.000
 0.036 0.999 0.011 0.000
 -0.148 -0.006 0.989 0.000
 0.000 0.000 0.000 1.000)


TimeStamp: 2.4725780487060547
Pointerpos: 
(0.988 -0.037 0.147 0.000
 0.036 0.999 0.011 0.000
 -0.148 -0.006 0.989 0.000
 0.000 0.000 0.000 1.000)
Target Pos: 
(0.988 -0.037 0.147 0.000
 0.036 0.999 0.011 0.000
 -0.148 -0.006 0.989 0.000
 0.000 0.000 0.000 1.000)


TimeStamp: 2.4892539978027344
Pointerpos: 
(0.988 -0.037 0.147 0.000
 0.036 0.999 0.011 0.000
 -0.148 -0.006 0.989 0.000
 0.000 0.000 0.000 1.000)
Target Pos: 
(0.988 -0.037 0.147 0.000
 0.036 0.999 0.011 0.000
 -0.148 -0.006 0.989 0.000
 0.000 0.000 0.000 1.000)


TimeStamp: 2.505932092666626
Pointerpos: 
(0.988 -0.037 0.147 0.000
 0.036 0.999 0.011 0.000
 -0.148 -0.006 0.989 0.000
 0.000 0.000 0.000 1.000)
Target Pos: 
(0.988 -0.037 0.147 0.000
 0.036 0.999 0.011 0.000
 -0.148 -0.006 0.989 0.000
 0.000 0.000 0.000 1.000)


TimeStamp: 2.5226171016693115
Pointerpos: 
(0.988 -0.037 0.147 0.000
 0.036 0.999 0.011 0.000
 -0.148 -0.006 0.989 0.000
 0.000 0.000 0.000 1.000)
Target Pos: 
(0.988 -0.037 0.147 0.000
 0.036 0.999 0.011 0.000
 -0.148 -0.006 0.989 0.000
 0.000 0.000 0.000 1.000)


TimeStamp: 2.5392849445343018
Pointerpos: 
(0.988 -0.037 0.147 0.000
 0.036 0.999 0.011 0.000
 -0.148 -0.006 0.989 0.000
 0.000 0.000 0.000 1.000)
Target Pos: 
(0.988 -0.037 0.147 0.000
 0.036 0.999 0.011 0.000
 -0.148 -0.006 0.989 0.000
 0.000 0.000 0.000 1.000)


TimeStamp: 2.555954933166504
Pointerpos: 
(0.988 -0.037 0.147 0.000
 0.036 0.999 0.011 0.000
 -0.148 -0.006 0.989 0.000
 0.000 0.000 0.000 1.000)
Target Pos: 
(0.988 -0.037 0.147 0.000
 0.036 0.999 0.011 0.000
 -0.148 -0.006 0.989 0.000
 0.000 0.000 0.000 1.000)


TimeStamp: 2.572615146636963
Pointerpos: 
(0.988 -0.037 0.147 0.000
 0.036 0.999 0.011 0.000
 -0.148 -0.006 0.989 0.000
 0.000 0.000 0.000 1.000)
Target Pos: 
(0.988 -0.037 0.147 0.000
 0.036 0.999 0.011 0.000
 -0.148 -0.006 0.989 0.000
 0.000 0.000 0.000 1.000)


TimeStamp: 2.589282989501953
Pointerpos: 
(0.988 -0.037 0.147 0.000
 0.036 0.999 0.011 0.000
 -0.148 -0.006 0.989 0.000
 0.000 0.000 0.000 1.000)
Target Pos: 
(0.988 -0.037 0.147 0.000
 0.036 0.999 0.011 0.000
 -0.148 -0.006 0.989 0.000
 0.000 0.000 0.000 1.000)


TimeStamp: 2.605976104736328
Pointerpos: 
(0.988 -0.037 0.147 0.000
 0.036 0.999 0.011 0.000
 -0.148 -0.006 0.989 0.000
 0.000 0.000 0.000 1.000)
Target Pos: 
(0.988 -0.037 0.147 0.000
 0.036 0.999 0.011 0.000
 -0.148 -0.006 0.989 0.000
 0.000 0.000 0.000 1.000)


TimeStamp: 2.622652053833008
Pointerpos: 
(0.988 -0.037 0.147 0.000
 0.036 0.999 0.011 0.000
 -0.148 -0.006 0.989 0.000
 0.000 0.000 0.000 1.000)
Target Pos: 
(0.988 -0.037 0.147 0.000
 0.036 0.999 0.011 0.000
 -0.148 -0.006 0.989 0.000
 0.000 0.000 0.000 1.000)


TimeStamp: 2.639328956604004
Pointerpos: 
(0.988 -0.037 0.147 0.000
 0.036 0.999 0.011 0.000
 -0.148 -0.006 0.989 0.000
 0.000 0.000 0.000 1.000)
Target Pos: 
(0.988 -0.037 0.147 0.000
 0.036 0.999 0.011 0.000
 -0.148 -0.006 0.989 0.000
 0.000 0.000 0.000 1.000)


TimeStamp: 2.656008005142212
Pointerpos: 
(0.988 -0.037 0.147 0.000
 0.036 0.999 0.011 0.000
 -0.148 -0.006 0.989 0.000
 0.000 0.000 0.000 1.000)
Target Pos: 
(0.988 -0.037 0.147 0.000
 0.036 0.999 0.011 0.000
 -0.148 -0.006 0.989 0.000
 0.000 0.000 0.000 1.000)


TimeStamp: 2.6726861000061035
Pointerpos: 
(0.988 -0.037 0.147 0.000
 0.036 0.999 0.011 0.000
 -0.148 -0.006 0.989 0.000
 0.000 0.000 0.000 1.000)
Target Pos: 
(0.988 -0.037 0.147 0.000
 0.036 0.999 0.011 0.000
 -0.148 -0.006 0.989 0.000
 0.000 0.000 0.000 1.000)


TimeStamp: 2.6893410682678223
Pointerpos: 
(0.988 -0.037 0.147 0.000
 0.036 0.999 0.011 0.000
 -0.148 -0.006 0.989 0.000
 0.000 0.000 0.000 1.000)
Target Pos: 
(0.988 -0.037 0.147 0.000
 0.036 0.999 0.011 0.000
 -0.148 -0.006 0.989 0.000
 0.000 0.000 0.000 1.000)


TimeStamp: 2.706031084060669
Pointerpos: 
(0.988 -0.037 0.147 0.000
 0.036 0.999 0.011 0.000
 -0.148 -0.006 0.989 0.000
 0.000 0.000 0.000 1.000)
Target Pos: 
(0.988 -0.037 0.147 0.000
 0.036 0.999 0.011 0.000
 -0.148 -0.006 0.989 0.000
 0.000 0.000 0.000 1.000)


TimeStamp: 2.722702980041504
Pointerpos: 
(0.988 -0.037 0.147 0.000
 0.036 0.999 0.011 0.000
 -0.148 -0.006 0.989 0.000
