TimeStamp: 0.01942920684814453
Pointerpos: 
(0.997 -0.047 -0.063 0.000
 0.026 0.952 -0.306 0.000
 0.074 0.303 0.950 0.000
 0.000 0.000 0.000 1.000)
Target Pos: 
(0.997 -0.047 -0.063 0.000
 0.026 0.952 -0.306 0.000
 0.074 0.303 0.950 0.000
 0.000 0.000 0.000 1.000)


TimeStamp: 0.2294480800628662
Pointerpos: 
(0.998 -0.043 -0.054 0.000
 0.025 0.952 -0.305 0.000
 0.064 0.303 0.951 0.000
 0.000 0.000 0.000 1.000)
Target Pos: 
(0.998 -0.043 -0.054 0.000
 0.025 0.952 -0.305 0.000
 0.064 0.303 0.951 0.000
 0.000 0.000 0.000 1.000)


TimeStamp: 0.24574708938598633
Pointerpos: 
(0.998 -0.044 -0.047 0.000
 0.028 0.953 -0.301 0.000
 0.058 0.299 0.953 0.000
 0.000 0.000 0.000 1.000)
Target Pos: 
(0.998 -0.044 -0.047 0.000
 0.028 0.953 -0.301 0.000
 0.058 0.299 0.953 0.000
 0.000 0.000 0.000 1.000)


TimeStamp: 0.2638661861419678
Pointerpos: 
(0.998 -0.044 -0.044 0.000
 0.028 0.954 -0.299 0.000
 0.055 0.297 0.953 0.000
 0.000 0.000 0.000 1.000)
Target Pos: 
(0.998 -0.044 -0.044 0.000
 0.028 0.954 -0.299 0.000
 0.055 0.297 0.953 0.000
 0.000 0.000 0.000 1.000)


TimeStamp: 0.280224084854126
Pointerpos: 
(0.998 -0.044 -0.041 0.000
 0.030 0.955 -0.295 0.000
 0.052 0.293 0.955 0.000
 0.000 0.000 0.000 1.000)
Target Pos: 
(0.998 -0.044 -0.041 0.000
 0.030 0.955 -0.295 0.000
 0.052 0.293 0.955 0.000
 0.000 0.000 0.000 1.000)


TimeStamp: 0.29677915573120117
Pointerpos: 
(0.998 -0.043 -0.040 0.000
 0.030 0.956 -0.291 0.000
 0.051 0.289 0.956 0.000
 0.000 0.000 0.000 1.000)
Target Pos: 
(0.998 -0.043 -0.040 0.000
 0.030 0.956 -0.291 0.000
 0.051 0.289 0.956 0.000
 0.000 0.000 0.000 1.000)


TimeStamp: 0.3134491443634033
Pointerpos: 
(0.998 -0.040 -0.045 0.000
 0.025 0.956 -0.293 0.000
 0.055 0.291 0.955 0.000
 0.000 0.000 0.000 1.000)
Target Pos: 
(0.998 -0.040 -0.045 0.000
 0.025 0.956 -0.293 0.000
 0.055 0.291 0.955 0.000
 0.000 0.000 0.000 1.000)


TimeStamp: 0.3299601078033447
Pointerpos: 
(0.998 -0.036 -0.048 0.000
 0.020 0.956 -0.294 0.000
 0.057 0.293 0.955 0.000
 0.000 0.000 0.000 1.000)
Target Pos: 
(0.998 -0.036 -0.048 0.000
 0.020 0.956 -0.294 0.000
 0.057 0.293 0.955 0.000
 0.000 0.000 0.000 1.000)


TimeStamp: 0.3465750217437744
Pointerpos: 
(0.998 -0.035 -0.049 0.000
 0.019 0.956 -0.293 0.000
 0.057 0.292 0.955 0.000
 0.000 0.000 0.000 1.000)
Target Pos: 
(0.998 -0.035 -0.049 0.000
 0.019 0.956 -0.293 0.000
 0.057 0.292 0.955 0.000
 0.000 0.000 0.000 1.000)


TimeStamp: 0.36331915855407715
Pointerpos: 
(0.998 -0.034 -0.050 0.000
 0.018 0.956 -0.293 0.000
 0.058 0.292 0.955 0.000
 0.000 0.000 0.000 1.000)
Target Pos: 
(0.998 -0.034 -0.050 0.000
 0.018 0.956 -0.293 0.000
 0.058 0.292 0.955 0.000
 0.000 0.000 0.000 1.000)


TimeStamp: 0.3799300193786621
Pointerpos: 
(0.998 -0.035 -0.049 0.000
 0.019 0.956 -0.294 0.000
 0.057 0.292 0.955 0.000
 0.000 0.000 0.000 1.000)
Target Pos: 
(0.998 -0.035 -0.049 0.000
 0.019 0.956 -0.294 0.000
 0.057 0.292 0.955 0.000
 0.000 0.000 0.000 1.000)


TimeStamp: 0.3964982032775879
Pointerpos: 
(0.998 -0.035 -0.048 0.000
 0.020 0.955 -0.295 0.000
 0.056 0.294 0.954 0.000
 0.000 0.000 0.000 1.000)
Target Pos: 
(0.998 -0.035 -0.048 0.000
 0.020 0.955 -0.295 0.000
 0.056 0.294 0.954 0.000
 0.000 0.000 0.000 1.000)


TimeStamp: 0.4132351875305176
Pointerpos: 
(0.998 -0.037 -0.046 0.000
 0.022 0.954 -0.298 0.000
 0.055 0.296 0.953 0.000
 0.000 0.000 0.000 1.000)
Target Pos: 
(0.998 -0.037 -0.046 0.000
 0.022 0.954 -0.298 0.000
 0.055 0.296 0.953 0.000
 0.000 0.000 0.000 1.000)


TimeStamp: 0.42999911308288574
Pointerpos: 
(0.998 -0.042 -0.038 0.000
 0.029 0.955 -0.296 0.000
 0.049 0.295 0.954 0.000
 0.000 0.000 0.000 1.000)
Target Pos: 
(0.998 -0.042 -0.038 0.000
 0.029 0.955 -0.296 0.000
 0.049 0.295 0.954 0.000
 0.000 0.000 0.000 1.000)


TimeStamp: 0.4466581344604492
Pointerpos: 
(0.998 -0.044 -0.038 0.000
 0.031 0.954 -0.299 0.000
 0.049 0.297 0.954 0.000
 0.000 0.000 0.000 1.000)
Target Pos: 
(0.998 -0.044 -0.038 0.000
 0.031 0.954 -0.299 0.000
 0.049 0.297 0.954 0.000
 0.000 0.000 0.000 1.000)


TimeStamp: 0.46338605880737305
Pointerpos: 
(0.998 -0.047 -0.042 0.000
 0.032 0.951 -0.308 0.000
 0.054 0.306 0.951 0.000
 0.000 0.000 0.000 1.000)
Target Pos: 
(0.998 -0.047 -0.042 0.000
 0.032 0.951 -0.308 0.000
 0.054 0.306 0.951 0.000
 0.000 0.000 0.000 1.000)


TimeStamp: 0.480053186416626
Pointerpos: 
(0.998 -0.047 -0.042 0.000
 0.032 0.950 -0.310 0.000
 0.055 0.308 0.950 0.000
 0.000 0.000 0.000 1.000)
Target Pos: 
(0.998 -0.047 -0.042 0.000
 0.032 0.950 -0.310 0.000
 0.055 0.308 0.950 0.000
 0.000 0.000 0.000 1.000)


TimeStamp: 0.4967319965362549
Pointerpos: 
(0.998 -0.047 -0.043 0.000
 0.031 0.950 -0.310 0.000
 0.056 0.308 0.950 0.000
 0.000 0.000 0.000 1.000)
Target Pos: 
(0.998 -0.047 -0.043 0.000
 0.031 0.950 -0.310 0.000
 0.056 0.308 0.950 0.000
 0.000 0.000 0.000 1.000)


TimeStamp: 0.5134150981903076
Pointerpos: 
(0.998 -0.047 -0.045 0.000
 0.031 0.950 -0.311 0.000
 0.058 0.309 0.949 0.000
 0.000 0.000 0.000 1.000)
Target Pos: 
(0.998 -0.047 -0.045 0.000
 0.031 0.950 -0.311 0.000
 0.058 0.309 0.949 0.000
 0.000 0.000 0.000 1.000)


TimeStamp: 0.5300991535186768
Pointerpos: 
(0.998 -0.048 -0.046 0.000
 0.031 0.950 -0.312 0.000
 0.058 0.310 0.949 0.000
 0.000 0.000 0.000 1.000)
Target Pos: 
(0.998 -0.048 -0.046 0.000
 0.031 0.950 -0.312 0.000
 0.058 0.310 0.949 0.000
 0.000 0.000 0.000 1.000)


TimeStamp: 0.5467851161956787
Pointerpos: 
(0.998 -0.048 -0.047 0.000
 0.031 0.949 -0.312 0.000
 0.059 0.310 0.949 0.000
 0.000 0.000 0.000 1.000)
Target Pos: 
(0.998 -0.048 -0.047 0.000
 0.031 0.949 -0.312 0.000
 0.059 0.310 0.949 0.000
 0.000 0.000 0.000 1.000)


TimeStamp: 0.5634920597076416
Pointerpos: 
(0.998 -0.048 -0.048 0.000
 0.031 0.949 -0.313 0.000
 0.060 0.311 0.948 0.000
 0.000 0.000 0.000 1.000)
Target Pos: 
(0.998 -0.048 -0.048 0.000
 0.031 0.949 -0.313 0.000
 0.060 0.311 0.948 0.000
 0.000 0.000 0.000 1.000)


TimeStamp: 0.5801830291748047
Pointerpos: 
(0.998 -0.049 -0.048 0.000
 0.031 0.949 -0.313 0.000
 0.061 0.311 0.949 0.000
 0.000 0.000 0.000 1.000)
Target Pos: 
(0.998 -0.049 -0.048 0.000
 0.031 0.949 -0.313 0.000
 0.061 0.311 0.949 0.000
 0.000 0.000 0.000 1.000)


TimeStamp: 0.5969231128692627
Pointerpos: 
(0.998 -0.050 -0.048 0.000
 0.032 0.949 -0.313 0.000
 0.061 0.311 0.948 0.000
 0.000 0.000 0.000 1.000)
Target Pos: 
(0.998 -0.050 -0.048 0.000
 0.032 0.949 -0.313 0.000
 0.061 0.311 0.948 0.000
 0.000 0.000 0.000 1.000)


TimeStamp: 0.6135561466217041
Pointerpos: 
(0.998 -0.050 -0.048 0.000
 0.033 0.949 -0.313 0.000
 0.061 0.311 0.949 0.000
 0.000 0.000 0.000 1.000)
Target Pos: 
(0.998 -0.050 -0.048 0.000
 0.033 0.949 -0.313 0.000
 0.061 0.311 0.949 0.000
 0.000 0.000 0.000 1.000)


TimeStamp: 0.630256175994873
Pointerpos: 
(0.998 -0.051 -0.046 0.000
 0.034 0.949 -0.312 0.000
 0.060 0.310 0.949 0.000
 0.000 0.000 0.000 1.000)
Target Pos: 
(0.998 -0.051 -0.046 0.000
 0.034 0.949 -0.312 0.000
 0.060 0.310 0.949 0.000
 0.000 0.000 0.000 1.000)


TimeStamp: 0.6469411849975586
Pointerpos: 
(0.998 -0.052 -0.039 0.000
 0.037 0.950 -0.310 0.000
 0.053 0.307 0.950 0.000
 0.000 0.000 0.000 1.000)
Target Pos: 
(0.998 -0.052 -0.039 0.000
 0.037 0.950 -0.310 0.000
 0.053 0.307 0.950 0.000
 0.000 0.000 0.000 1.000)


TimeStamp: 0.6636190414428711
Pointerpos: 
(0.998 -0.052 -0.035 0.000
 0.039 0.950 -0.309 0.000
 0.049 0.307 0.950 0.000
 0.000 0.000 0.000 1.000)
Target Pos: 
(0.998 -0.052 -0.035 0.000
 0.039 0.950 -0.309 0.000
 0.049 0.307 0.950 0.000
 0.000 0.000 0.000 1.000)


TimeStamp: 0.6802949905395508
Pointerpos: 
(0.998 -0.052 -0.032 0.000
 0.039 0.950 -0.310 0.000
 0.046 0.308 0.950 0.000
 0.000 0.000 0.000 1.000)
Target Pos: 
(0.998 -0.052 -0.032 0.000
 0.039 0.950 -0.310 0.000
 0.046 0.308 0.950 0.000
 0.000 0.000 0.000 1.000)


TimeStamp: 0.6968450546264648
Pointerpos: 
(0.998 -0.051 -0.028 0.000
 0.040 0.950 -0.310 0.000
 0.043 0.309 0.950 0.000
 0.000 0.000 0.000 1.000)
Target Pos: 
(0.998 -0.051 -0.028 0.000
 0.040 0.950 -0.310 0.000
 0.043 0.309 0.950 0.000
 0.000 0.000 0.000 1.000)


TimeStamp: 0.7135300636291504
Pointerpos: 
(0.998 -0.050 -0.027 0.000
 0.040 0.950 -0.311 0.000
 0.041 0.309 0.950 0.000
 0.000 0.000 0.000 1.000)
Target Pos: 
(0.998 -0.050 -0.027 0.000
 0.040 0.950 -0.311 0.000
 0.041 0.309 0.950 0.000
 0.000 0.000 0.000 1.000)


TimeStamp: 0.7303910255432129
Pointerpos: 
(0.998 -0.050 -0.027 0.000
 0.039 0.950 -0.311 0.000
 0.041 0.310 0.950 0.000
 0.000 0.000 0.000 1.000)
Target Pos: 
(0.998 -0.050 -0.027 0.000
 0.039 0.950 -0.311 0.000
 0.041 0.310 0.950 0.000
 0.000 0.000 0.000 1.000)


TimeStamp: 0.7470340728759766
Pointerpos: 
(0.998 -0.050 -0.028 0.000
 0.039 0.949 -0.311 0.000
 0.042 0.310 0.950 0.000
 0.000 0.000 0.000 1.000)
Target Pos: 
(0.998 -0.050 -0.028 0.000
 0.039 0.949 -0.311 0.000
 0.042 0.310 0.950 0.000
 0.000 0.000 0.000 1.000)


TimeStamp: 0.763700008392334
Pointerpos: 
(0.998 -0.050 -0.028 0.000
 0.039 0.949 -0.312 0.000
 0.042 0.310 0.950 0.000
 0.000 0.000 0.000 1.000)
Target Pos: 
(0.998 -0.050 -0.028 0.000
 0.039 0.949 -0.312 0.000
 0.042 0.310 0.950 0.000
 0.000 0.000 0.000 1.000)


TimeStamp: 0.7819540500640869
Pointerpos: 
(0.998 -0.051 -0.028 0.000
 0.039 0.949 -0.313 0.000
 0.042 0.312 0.949 0.000
 0.000 0.000 0.000 1.000)
Target Pos: 
(0.998 -0.051 -0.028 0.000
 0.039 0.949 -0.313 0.000
 0.042 0.312 0.949 0.000
 0.000 0.000 0.000 1.000)


TimeStamp: 0.797065019607544
Pointerpos: 
(0.998 -0.051 -0.028 0.000
 0.040 0.949 -0.314 0.000
 0.042 0.313 0.949 0.000
 0.000 0.000 0.000 1.000)
Target Pos: 
(0.998 -0.051 -0.028 0.000
 0.040 0.949 -0.314 0.000
 0.042 0.313 0.949 0.000
 0.000 0.000 0.000 1.000)


TimeStamp: 0.8137850761413574
Pointerpos: 
(0.998 -0.051 -0.027 0.000
 0.040 0.948 -0.315 0.000
 0.042 0.313 0.949 0.000
 0.000 0.000 0.000 1.000)
Target Pos: 
(0.998 -0.051 -0.027 0.000
 0.040 0.948 -0.315 0.000
 0.042 0.313 0.949 0.000
 0.000 0.000 0.000 1.000)


TimeStamp: 0.8304719924926758
Pointerpos: 
(0.998 -0.052 -0.027 0.000
 0.041 0.948 -0.317 0.000
 0.042 0.315 0.948 0.000
 0.000 0.000 0.000 1.000)
Target Pos: 
(0.998 -0.052 -0.027 0.000
 0.041 0.948 -0.317 0.000
 0.042 0.315 0.948 0.000
 0.000 0.000 0.000 1.000)


TimeStamp: 0.8470911979675293
Pointerpos: 
(0.998 -0.052 -0.028 0.000
 0.041 0.947 -0.318 0.000
 0.043 0.316 0.948 0.000
 0.000 0.000 0.000 1.000)
Target Pos: 
(0.998 -0.052 -0.028 0.000
 0.041 0.947 -0.318 0.000
 0.043 0.316 0.948 0.000
 0.000 0.000 0.000 1.000)


TimeStamp: 0.8638570308685303
Pointerpos: 
(0.998 -0.052 -0.028 0.000
 0.040 0.947 -0.319 0.000
 0.044 0.317 0.947 0.000
 0.000 0.000 0.000 1.000)
Target Pos: 
(0.998 -0.052 -0.028 0.000
 0.040 0.947 -0.319 0.000
 0.044 0.317 0.947 0.000
 0.000 0.000 0.000 1.000)


TimeStamp: 0.8805310726165771
Pointerpos: 
(0.998 -0.052 -0.031 0.000
 0.039 0.947 -0.320 0.000
 0.045 0.318 0.947 0.000
 0.000 0.000 0.000 1.000)
Target Pos: 
(0.998 -0.052 -0.031 0.000
 0.039 0.947 -0.320 0.000
 0.045 0.318 0.947 0.000
 0.000 0.000 0.000 1.000)


TimeStamp: 0.8972420692443848
Pointerpos: 
(0.998 -0.052 -0.032 0.000
 0.039 0.946 -0.321 0.000
 0.047 0.319 0.947 0.000
 0.000 0.000 0.000 1.000)
Target Pos: 
(0.998 -0.052 -0.032 0.000
 0.039 0.946 -0.321 0.000
 0.047 0.319 0.947 0.000
 0.000 0.000 0.000 1.000)


TimeStamp: 0.9139041900634766
Pointerpos: 
(0.998 -0.052 -0.033 0.000
 0.038 0.946 -0.321 0.000
 0.048 0.319 0.947 0.000
 0.000 0.000 0.000 1.000)
Target Pos: 
(0.998 -0.052 -0.033 0.000
 0.038 0.946 -0.321 0.000
 0.048 0.319 0.947 0.000
 0.000 0.000 0.000 1.000)


TimeStamp: 0.9305970668792725
Pointerpos: 
(0.998 -0.052 -0.034 0.000
 0.038 0.946 -0.321 0.000
 0.049 0.319 0.946 0.000
 0.000 0.000 0.000 1.000)
Target Pos: 
(0.998 -0.052 -0.034 0.000
 0.038 0.946 -0.321 0.000
 0.049 0.319 0.946 0.000
 0.000 0.000 0.000 1.000)


TimeStamp: 0.9471361637115479
Pointerpos: 
(0.998 -0.051 -0.035 0.000
 0.037 0.946 -0.321 0.000
 0.050 0.319 0.947 0.000
 0.000 0.000 0.000 1.000)
Target Pos: 
(0.998 -0.051 -0.035 0.000
 0.037 0.946 -0.321 0.000
 0.050 0.319 0.947 0.000
 0.000 0.000 0.000 1.000)


TimeStamp: 0.963961124420166
Pointerpos: 
(0.998 -0.051 -0.035 0.000
 0.037 0.947 -0.320 0.000
 0.050 0.318 0.947 0.000
 0.000 0.000 0.000 1.000)
Target Pos: 
(0.998 -0.051 -0.035 0.000
 0.037 0.947 -0.320 0.000
 0.050 0.318 0.947 0.000
 0.000 0.000 0.000 1.000)


TimeStamp: 0.9806210994720459
Pointerpos: 
(0.998 -0.050 -0.035 0.000
 0.036 0.947 -0.319 0.000
 0.049 0.317 0.947 0.000
 0.000 0.000 0.000 1.000)
Target Pos: 
(0.998 -0.050 -0.035 0.000
 0.036 0.947 -0.319 0.000
 0.049 0.317 0.947 0.000
 0.000 0.000 0.000 1.000)


TimeStamp: 0.9971849918365479
Pointerpos: 
(0.998 -0.050 -0.035 0.000
 0.036 0.947 -0.318 0.000
 0.048 0.316 0.947 0.000
 0.000 0.000 0.000 1.000)
Target Pos: 
(0.998 -0.050 -0.035 0.000
 0.036 0.947 -0.318 0.000
 0.048 0.316 0.947 0.000
 0.000 0.000 0.000 1.000)


TimeStamp: 1.0138590335845947
Pointerpos: 
(0.998 -0.049 -0.033 0.000
 0.036 0.948 -0.317 0.000
 0.046 0.315 0.948 0.000
 0.000 0.000 0.000 1.000)
Target Pos: 
(0.998 -0.049 -0.033 0.000
 0.036 0.948 -0.317 0.000
 0.046 0.315 0.948 0.000
 0.000 0.000 0.000 1.000)


TimeStamp: 1.0305352210998535
Pointerpos: 
(0.998 -0.048 -0.032 0.000
 0.036 0.948 -0.316 0.000
 0.045 0.314 0.948 0.000
 0.000 0.000 0.000 1.000)
Target Pos: 
(0.998 -0.048 -0.032 0.000
 0.036 0.948 -0.316 0.000
 0.045 0.314 0.948 0.000
 0.000 0.000 0.000 1.000)


TimeStamp: 1.0472121238708496
Pointerpos: 
(0.998 -0.048 -0.030 0.000
 0.036 0.948 -0.315 0.000
 0.044 0.314 0.949 0.000
 0.000 0.000 0.000 1.000)
Target Pos: 
(0.998 -0.048 -0.030 0.000
 0.036 0.948 -0.315 0.000
 0.044 0.314 0.949 0.000
 0.000 0.000 0.000 1.000)


TimeStamp: 1.0640180110931396
Pointerpos: 
(0.999 -0.047 -0.027 0.000
 0.036 0.949 -0.314 0.000
 0.041 0.313 0.949 0.000
 0.000 0.000 0.000 1.000)
Target Pos: 
(0.999 -0.047 -0.027 0.000
 0.036 0.949 -0.314 0.000
 0.041 0.313 0.949 0.000
 0.000 0.000 0.000 1.000)


TimeStamp: 1.0805771350860596
Pointerpos: 
(0.999 -0.046 -0.026 0.000
 0.035 0.949 -0.314 0.000
 0.039 0.313 0.949 0.000
 0.000 0.000 0.000 1.000)
Target Pos: 
(0.999 -0.046 -0.026 0.000
 0.035 0.949 -0.314 0.000
 0.039 0.313 0.949 0.000
 0.000 0.000 0.000 1.000)


TimeStamp: 1.0972611904144287
Pointerpos: 
(0.999 -0.045 -0.024 0.000
 0.035 0.949 -0.314 0.000
 0.037 0.313 0.949 0.000
 0.000 0.000 0.000 1.000)
Target Pos: 
(0.999 -0.045 -0.024 0.000
 0.035 0.949 -0.314 0.000
 0.037 0.313 0.949 0.000
 0.000 0.000 0.000 1.000)


TimeStamp: 1.113943099975586
Pointerpos: 
(0.999 -0.045 -0.023 0.000
 0.035 0.949 -0.313 0.000
 0.036 0.312 0.949 0.000
 0.000 0.000 0.000 1.000)
Target Pos: 
(0.999 -0.045 -0.023 0.000
 0.035 0.949 -0.313 0.000
 0.036 0.312 0.949 0.000
 0.000 0.000 0.000 1.000)


TimeStamp: 1.1306111812591553
Pointerpos: 
(0.999 -0.045 -0.023 0.000
 0.035 0.949 -0.313 0.000
 0.035 0.312 0.950 0.000
 0.000 0.000 0.000 1.000)
Target Pos: 
(0.999 -0.045 -0.023 0.000
 0.035 0.949 -0.313 0.000
 0.035 0.312 0.950 0.000
 0.000 0.000 0.000 1.000)


TimeStamp: 1.1472761631011963
Pointerpos: 
(0.999 -0.046 -0.022 0.000
 0.037 0.949 -0.312 0.000
 0.036 0.311 0.950 0.000
 0.000 0.000 0.000 1.000)
Target Pos: 
(0.999 -0.046 -0.022 0.000
 0.037 0.949 -0.312 0.000
 0.036 0.311 0.950 0.000
 0.000 0.000 0.000 1.000)


TimeStamp: 1.1639671325683594
Pointerpos: 
(0.999 -0.049 -0.022 0.000
 0.039 0.949 -0.313 0.000
 0.037 0.311 0.950 0.000
 0.000 0.000 0.000 1.000)
Target Pos: 
(0.999 -0.049 -0.022 0.000
 0.039 0.949 -0.313 0.000
 0.037 0.311 0.950 0.000
 0.000 0.000 0.000 1.000)


TimeStamp: 1.1806561946868896
Pointerpos: 
(0.998 -0.051 -0.022 0.000
 0.042 0.949 -0.313 0.000
 0.037 0.311 0.950 0.000
 0.000 0.000 0.000 1.000)
Target Pos: 
(0.998 -0.051 -0.022 0.000
 0.042 0.949 -0.313 0.000
 0.037 0.311 0.950 0.000
 0.000 0.000 0.000 1.000)


TimeStamp: 1.1973211765289307
Pointerpos: 
(0.998 -0.055 -0.023 0.000
 0.045 0.948 -0.314 0.000
 0.039 0.313 0.949 0.000
 0.000 0.000 0.000 1.000)
Target Pos: 
(0.998 -0.055 -0.023 0.000
 0.045 0.948 -0.314 0.000
 0.039 0.313 0.949 0.000
 0.000 0.000 0.000 1.000)


TimeStamp: 1.2140212059020996
Pointerpos: 
(0.998 -0.055 -0.024 0.000
 0.045 0.948 -0.315 0.000
 0.040 0.313 0.949 0.000
 0.000 0.000 0.000 1.000)
Target Pos: 
(0.998 -0.055 -0.024 0.000
 0.045 0.948 -0.315 0.000
 0.040 0.313 0.949 0.000
 0.000 0.000 0.000 1.000)


TimeStamp: 1.230679988861084
Pointerpos: 
(0.998 -0.055 -0.024 0.000
 0.045 0.948 -0.316 0.000
 0.041 0.314 0.949 0.000
 0.000 0.000 0.000 1.000)
Target Pos: 
(0.998 -0.055 -0.024 0.000
 0.045 0.948 -0.316 0.000
 0.041 0.314 0.949 0.000
 0.000 0.000 0.000 1.000)


TimeStamp: 1.2473580837249756
Pointerpos: 
(0.998 -0.056 -0.026 0.000
 0.045 0.948 -0.317 0.000
 0.042 0.315 0.948 0.000
 0.000 0.000 0.000 1.000)
Target Pos: 
(0.998 -0.056 -0.026 0.000
 0.045 0.948 -0.317 0.000
 0.042 0.315 0.948 0.000
 0.000 0.000 0.000 1.000)


TimeStamp: 1.2640371322631836
Pointerpos: 
(0.998 -0.056 -0.027 0.000
 0.045 0.947 -0.317 0.000
 0.043 0.315 0.948 0.000
 0.000 0.000 0.000 1.000)
Target Pos: 
(0.998 -0.056 -0.027 0.000
 0.045 0.947 -0.317 0.000
 0.043 0.315 0.948 0.000
 0.000 0.000 0.000 1.000)


TimeStamp: 1.2807161808013916
Pointerpos: 
(0.998 -0.056 -0.028 0.000
 0.045 0.947 -0.317 0.000
 0.044 0.316 0.948 0.000
 0.000 0.000 0.000 1.000)
Target Pos: 
(0.998 -0.056 -0.028 0.000
 0.045 0.947 -0.317 0.000
 0.044 0.316 0.948 0.000
 0.000 0.000 0.000 1.000)


TimeStamp: 1.2973930835723877
Pointerpos: 
(0.998 -0.057 -0.029 0.000
 0.045 0.947 -0.318 0.000
 0.046 0.316 0.948 0.000
 0.000 0.000 0.000 1.000)
Target Pos: 
(0.998 -0.057 -0.029 0.000
 0.045 0.947 -0.318 0.000
 0.046 0.316 0.948 0.000
 0.000 0.000 0.000 1.000)


TimeStamp: 1.3140881061553955
Pointerpos: 
(0.998 -0.058 -0.030 0.000
 0.045 0.947 -0.319 0.000
 0.047 0.317 0.947 0.000
 0.000 0.000 0.000 1.000)
Target Pos: 
(0.998 -0.058 -0.030 0.000
 0.045 0.947 -0.319 0.000
 0.047 0.317 0.947 0.000
 0.000 0.000 0.000 1.000)


TimeStamp: 1.3307321071624756
Pointerpos: 
(0.998 -0.058 -0.030 0.000
 0.045 0.946 -0.320 0.000
 0.047 0.318 0.947 0.000
 0.000 0.000 0.000 1.000)
Target Pos: 
(0.998 -0.058 -0.030 0.000
 0.045 0.946 -0.320 0.000
 0.047 0.318 0.947 0.000
 0.000 0.000 0.000 1.000)


TimeStamp: 1.347433090209961
Pointerpos: 
(0.998 -0.059 -0.030 0.000
 0.046 0.946 -0.322 0.000
 0.048 0.320 0.946 0.000
 0.000 0.000 0.000 1.000)
Target Pos: 
(0.998 -0.059 -0.030 0.000
 0.046 0.946 -0.322 0.000
 0.048 0.320 0.946 0.000
 0.000 0.000 0.000 1.000)


TimeStamp: 1.3641011714935303
Pointerpos: 
(0.998 -0.061 -0.030 0.000
 0.048 0.945 -0.324 0.000
 0.048 0.322 0.946 0.000
 0.000 0.000 0.000 1.000)
Target Pos: 
(0.998 -0.061 -0.030 0.000
 0.048 0.945 -0.324 0.000
 0.048 0.322 0.946 0.000
 0.000 0.000 0.000 1.000)


TimeStamp: 1.3807790279388428
Pointerpos: 
(0.998 -0.063 -0.031 0.000
 0.050 0.944 -0.327 0.000
 0.049 0.325 0.945 0.000
 0.000 0.000 0.000 1.000)
Target Pos: 
(0.998 -0.063 -0.031 0.000
 0.050 0.944 -0.327 0.000
 0.049 0.325 0.945 0.000
 0.000 0.000 0.000 1.000)


TimeStamp: 1.3974552154541016
Pointerpos: 
(0.997 -0.064 -0.031 0.000
 0.050 0.943 -0.329 0.000
 0.050 0.326 0.944 0.000
 0.000 0.000 0.000 1.000)
Target Pos: 
(0.997 -0.064 -0.031 0.000
 0.050 0.943 -0.329 0.000
 0.050 0.326 0.944 0.000
 0.000 0.000 0.000 1.000)


TimeStamp: 1.4141511917114258
Pointerpos: 
(0.997 -0.064 -0.032 0.000
 0.050 0.942 -0.331 0.000
 0.051 0.328 0.943 0.000
 0.000 0.000 0.000 1.000)
Target Pos: 
(0.997 -0.064 -0.032 0.000
 0.050 0.942 -0.331 0.000
 0.051 0.328 0.943 0.000
 0.000 0.000 0.000 1.000)


TimeStamp: 1.4308171272277832
Pointerpos: 
(0.997 -0.063 -0.035 0.000
 0.047 0.941 -0.336 0.000
 0.054 0.334 0.941 0.000
 0.000 0.000 0.000 1.000)
Target Pos: 
(0.997 -0.063 -0.035 0.000
 0.047 0.941 -0.336 0.000
 0.054 0.334 0.941 0.000
 0.000 0.000 0.000 1.000)


TimeStamp: 1.44749116897583
Pointerpos: 
(0.997 -0.062 -0.036 0.000
 0.046 0.940 -0.339 0.000
 0.055 0.336 0.940 0.000
 0.000 0.000 0.000 1.000)
Target Pos: 
(0.997 -0.062 -0.036 0.000
 0.046 0.940 -0.339 0.000
 0.055 0.336 0.940 0.000
 0.000 0.000 0.000 1.000)


TimeStamp: 1.4641730785369873
Pointerpos: 
(0.997 -0.066 -0.035 0.000
 0.050 0.939 -0.339 0.000
 0.056 0.337 0.940 0.000
 0.000 0.000 0.000 1.000)
Target Pos: 
(0.997 -0.066 -0.035 0.000
 0.050 0.939 -0.339 0.000
 0.056 0.337 0.940 0.000
 0.000 0.000 0.000 1.000)


TimeStamp: 1.480849027633667
Pointerpos: 
(0.997 -0.074 -0.035 0.000
 0.058 0.941 -0.334 0.000
 0.057 0.331 0.942 0.000
 0.000 0.000 0.000 1.000)
Target Pos: 
(0.997 -0.074 -0.035 0.000
 0.058 0.941 -0.334 0.000
 0.057 0.331 0.942 0.000
 0.000 0.000 0.000 1.000)


TimeStamp: 1.4975221157073975
Pointerpos: 
(0.996 -0.088 -0.033 0.000
 0.072 0.943 -0.324 0.000
 0.060 0.320 0.946 0.000
 0.000 0.000 0.000 1.000)
Target Pos: 
(0.996 -0.088 -0.033 0.000
 0.072 0.943 -0.324 0.000
 0.060 0.320 0.946 0.000
 0.000 0.000 0.000 1.000)


TimeStamp: 1.5142121315002441
Pointerpos: 
(0.994 -0.107 -0.035 0.000
 0.090 0.945 -0.315 0.000
 0.067 0.310 0.948 0.000
 0.000 0.000 0.000 1.000)
Target Pos: 
(0.994 -0.107 -0.035 0.000
 0.090 0.945 -0.315 0.000
 0.067 0.310 0.948 0.000
 0.000 0.000 0.000 1.000)


TimeStamp: 1.530879020690918
Pointerpos: 
(0.992 -0.120 -0.042 0.000
 0.101 0.945 -0.311 0.000
 0.077 0.304 0.949 0.000
 0.000 0.000 0.000 1.000)
Target Pos: 
(0.992 -0.120 -0.042 0.000
 0.101 0.945 -0.311 0.000
 0.077 0.304 0.949 0.000
 0.000 0.000 0.000 1.000)


TimeStamp: 1.547563076019287
Pointerpos: 
(0.990 -0.134 -0.050 0.000
 0.112 0.944 -0.310 0.000
 0.089 0.301 0.950 0.000
 0.000 0.000 0.000 1.000)
Target Pos: 
(0.990 -0.134 -0.050 0.000
 0.112 0.944 -0.310 0.000
 0.089 0.301 0.950 0.000
 0.000 0.000 0.000 1.000)


TimeStamp: 1.5642402172088623
Pointerpos: 
(0.986 -0.157 -0.054 0.000
 0.132 0.940 -0.314 0.000
 0.100 0.302 0.948 0.000
 0.000 0.000 0.000 1.000)
Target Pos: 
(0.986 -0.157 -0.054 0.000
 0.132 0.940 -0.314 0.000
 0.100 0.302 0.948 0.000
 0.000 0.000 0.000 1.000)


TimeStamp: 1.5809152126312256
Pointerpos: 
(0.984 -0.172 -0.051 0.000
 0.147 0.937 -0.318 0.000
 0.102 0.305 0.947 0.000
 0.000 0.000 0.000 1.000)
Target Pos: 
(0.984 -0.172 -0.051 0.000
 0.147 0.937 -0.318 0.000
 0.102 0.305 0.947 0.000
 0.000 0.000 0.000 1.000)


TimeStamp: 1.5975971221923828
Pointerpos: 
(0.981 -0.191 -0.042 0.000
 0.168 0.932 -0.321 0.000
 0.100 0.307 0.946 0.000
 0.000 0.000 0.000 1.000)
Target Pos: 
(0.981 -0.191 -0.042 0.000
 0.168 0.932 -0.321 0.000
 0.100 0.307 0.946 0.000
 0.000 0.000 0.000 1.000)


TimeStamp: 1.6142840385437012
Pointerpos: 
(0.971 -0.238 -0.029 0.000
 0.217 0.924 -0.315 0.000
 0.102 0.299 0.949 0.000
 0.000 0.000 0.000 1.000)
Target Pos: 
(0.971 -0.238 -0.029 0.000
 0.217 0.924 -0.315 0.000
 0.102 0.299 0.949 0.000
 0.000 0.000 0.000 1.000)


TimeStamp: 1.6309540271759033
Pointerpos: 
(0.963 -0.269 -0.025 0.000
 0.249 0.919 -0.307 0.000
 0.106 0.289 0.951 0.000
 0.000 0.000 0.000 1.000)
Target Pos: 
(0.963 -0.269 -0.025 0.000
 0.249 0.919 -0.307 0.000
 0.106 0.289 0.951 0.000
 0.000 0.000 0.000 1.000)


TimeStamp: 1.6476330757141113
Pointerpos: 
(0.958 -0.286 -0.034 0.000
 0.263 0.917 -0.301 0.000
 0.117 0.279 0.953 0.000
 0.000 0.000 0.000 1.000)
Target Pos: 
(0.958 -0.286 -0.034 0.000
 0.263 0.917 -0.301 0.000
 0.117 0.279 0.953 0.000
 0.000 0.000 0.000 1.000)


TimeStamp: 1.6643080711364746
Pointerpos: 
(0.962 -0.265 -0.069 0.000
 0.236 0.929 -0.285 0.000
 0.140 0.258 0.956 0.000
 0.000 0.000 0.000 1.000)
Target Pos: 
(0.962 -0.265 -0.069 0.000
 0.236 0.929 -0.285 0.000
 0.140 0.258 0.956 0.000
 0.000 0.000 0.000 1.000)


TimeStamp: 1.6809790134429932
Pointerpos: 
(0.972 -0.194 -0.131 0.000
 0.157 0.956 -0.246 0.000
 0.173 0.219 0.960 0.000
 0.000 0.000 0.000 1.000)
Target Pos: 
(0.972 -0.194 -0.131 0.000
 0.157 0.956 -0.246 0.000
 0.173 0.219 0.960 0.000
 0.000 0.000 0.000 1.000)


TimeStamp: 1.6976611614227295
Pointerpos: 
(0.976 -0.146 -0.158 0.000
 0.110 0.969 -0.220 0.000
 0.186 0.198 0.963 0.000
 0.000 0.000 0.000 1.000)
Target Pos: 
(0.976 -0.146 -0.158 0.000
 0.110 0.969 -0.220 0.000
 0.186 0.198 0.963 0.000
 0.000 0.000 0.000 1.000)


TimeStamp: 1.7143471240997314
Pointerpos: 
(0.978 -0.126 -0.169 0.000
 0.089 0.973 -0.212 0.000
 0.191 0.192 0.963 0.000
 0.000 0.000 0.000 1.000)
Target Pos: 
(0.978 -0.126 -0.169 0.000
 0.089 0.973 -0.212 0.000
 0.191 0.192 0.963 0.000
 0.000 0.000 0.000 1.000)


TimeStamp: 1.7310211658477783
Pointerpos: 
(0.978 -0.116 -0.173 0.000
 0.080 0.976 -0.203 0.000
 0.192 0.184 0.964 0.000
 0.000 0.000 0.000 1.000)
Target Pos: 
(0.978 -0.116 -0.173 0.000
 0.080 0.976 -0.203 0.000
 0.192 0.184 0.964 0.000
 0.000 0.000 0.000 1.000)


TimeStamp: 1.7476940155029297
Pointerpos: 
(0.979 -0.113 -0.170 0.000
 0.082 0.980 -0.181 0.000
 0.187 0.163 0.969 0.000
 0.000 0.000 0.000 1.000)
Target Pos: 
(0.979 -0.113 -0.170 0.000
 0.082 0.980 -0.181 0.000
 0.187 0.163 0.969 0.000
 0.000 0.000 0.000 1.000)


TimeStamp: 1.764374017715454
Pointerpos: 
(0.979 -0.112 -0.169 0.000
 0.086 0.984 -0.157 0.000
 0.183 0.139 0.973 0.000
 0.000 0.000 0.000 1.000)
Target Pos: 
(0.979 -0.112 -0.169 0.000
 0.086 0.984 -0.157 0.000
 0.183 0.139 0.973 0.000
 0.000 0.000 0.000 1.000)


TimeStamp: 1.781048059463501
Pointerpos: 
(0.980 -0.107 -0.170 0.000
 0.086 0.988 -0.126 0.000
 0.181 0.109 0.977 0.000
 0.000 0.000 0.000 1.000)
Target Pos: 
(0.980 -0.107 -0.170 0.000
 0.086 0.988 -0.126 0.000
 0.181 0.109 0.977 0.000
 0.000 0.000 0.000 1.000)


TimeStamp: 1.7977190017700195
Pointerpos: 
(0.981 -0.080 -0.174 0.000
 0.069 0.995 -0.066 0.000
 0.179 0.052 0.982 0.000
 0.000 0.000 0.000 1.000)
Target Pos: 
(0.981 -0.080 -0.174 0.000
 0.069 0.995 -0.066 0.000
 0.179 0.052 0.982 0.000
 0.000 0.000 0.000 1.000)


TimeStamp: 1.8143911361694336
Pointerpos: 
(0.983 -0.048 -0.176 0.000
 0.045 0.999 -0.022 0.000
 0.177 0.013 0.984 0.000
 0.000 0.000 0.000 1.000)
Target Pos: 
(0.983 -0.048 -0.176 0.000
 0.045 0.999 -0.022 0.000
 0.177 0.013 0.984 0.000
 0.000 0.000 0.000 1.000)


TimeStamp: 1.831050157546997
Pointerpos: 
(0.984 -0.017 -0.175 0.000
 0.020 1.000 0.016 0.000
 0.175 -0.019 0.984 0.000
 0.000 0.000 0.000 1.000)
Target Pos: 
(0.984 -0.017 -0.175 0.000
 0.020 1.000 0.016 0.000
 0.175 -0.019 0.984 0.000
 0.000 0.000 0.000 1.000)


TimeStamp: 1.8477301597595215
Pointerpos: 
(0.987 0.002 -0.163 0.000
 0.006 0.999 0.047 0.000
 0.163 -0.047 0.985 0.000
 0.000 0.000 0.000 1.000)
Target Pos: 
(0.987 0.002 -0.163 0.000
 0.006 0.999 0.047 0.000
 0.163 -0.047 0.985 0.000
 0.000 0.000 0.000 1.000)


TimeStamp: 1.8644161224365234
Pointerpos: 
(0.988 -0.009 -0.154 0.000
 0.016 0.999 0.046 0.000
 0.153 -0.048 0.987 0.000
 0.000 0.000 0.000 1.000)
Target Pos: 
(0.988 -0.009 -0.154 0.000
 0.016 0.999 0.046 0.000
 0.153 -0.048 0.987 0.000
 0.000 0.000 0.000 1.000)


TimeStamp: 1.8810951709747314
Pointerpos: 
(0.988 -0.034 -0.148 0.000
 0.039 0.999 0.034 0.000
 0.147 -0.039 0.988 0.000
 0.000 0.000 0.000 1.000)
Target Pos: 
(0.988 -0.034 -0.148 0.000
 0.039 0.999 0.034 0.000
 0.147 -0.039 0.988 0.000
 0.000 0.000 0.000 1.000)


TimeStamp: 1.8977711200714111
Pointerpos: 
(0.986 -0.074 -0.148 0.000
 0.076 0.997 0.011 0.000
 0.147 -0.022 0.989 0.000
 0.000 0.000 0.000 1.000)
Target Pos: 
(0.986 -0.074 -0.148 0.000
 0.076 0.997 0.011 0.000
 0.147 -0.022 0.989 0.000
 0.000 0.000 0.000 1.000)


TimeStamp: 1.9144279956817627
Pointerpos: 
(0.981 -0.102 -0.162 0.000
 0.103 0.995 -0.001 0.000
 0.162 -0.015 0.987 0.000
 0.000 0.000 0.000 1.000)
Target Pos: 
(0.981 -0.102 -0.162 0.000
 0.103 0.995 -0.001 0.000
 0.162 -0.015 0.987 0.000
 0.000 0.000 0.000 1.000)


TimeStamp: 1.9311461448669434
Pointerpos: 
(0.979 -0.103 -0.175 0.000
 0.106 0.994 0.005 0.000
 0.174 -0.023 0.984 0.000
 0.000 0.000 0.000 1.000)
Target Pos: 
(0.979 -0.103 -0.175 0.000
 0.106 0.994 0.005 0.000
 0.174 -0.023 0.984 0.000
 0.000 0.000 0.000 1.000)


TimeStamp: 1.9478180408477783
Pointerpos: 
(0.979 -0.095 -0.178 0.000
 0.099 0.995 0.017 0.000
 0.176 -0.034 0.984 0.000
 0.000 0.000 0.000 1.000)
Target Pos: 
(0.979 -0.095 -0.178 0.000
 0.099 0.995 0.017 0.000
 0.176 -0.034 0.984 0.000
 0.000 0.000 0.000 1.000)


TimeStamp: 1.9644970893859863
Pointerpos: 
(0.981 -0.075 -0.177 0.000
 0.082 0.996 0.034 0.000
 0.174 -0.047 0.984 0.000
 0.000 0.000 0.000 1.000)
Target Pos: 
(0.981 -0.075 -0.177 0.000
 0.082 0.996 0.034 0.000
 0.174 -0.047 0.984 0.000
 0.000 0.000 0.000 1.000)


TimeStamp: 1.981173038482666
Pointerpos: 
(0.985 -0.042 -0.168 0.000
 0.052 0.997 0.051 0.000
 0.165 -0.059 0.984 0.000
 0.000 0.000 0.000 1.000)
Target Pos: 
(0.985 -0.042 -0.168 0.000
 0.052 0.997 0.051 0.000
 0.165 -0.059 0.984 0.000
 0.000 0.000 0.000 1.000)


TimeStamp: 1.9978501796722412
Pointerpos: 
(0.987 -0.027 -0.158 0.000
 0.036 0.998 0.055 0.000
 0.156 -0.060 0.986 0.000
 0.000 0.000 0.000 1.000)
Target Pos: 
(0.987 -0.027 -0.158 0.000
 0.036 0.998 0.055 0.000
 0.156 -0.060 0.986 0.000
 0.000 0.000 0.000 1.000)


TimeStamp: 2.014496088027954
Pointerpos: 
(0.989 -0.025 -0.145 0.000
 0.033 0.998 0.052 0.000
 0.143 -0.056 0.988 0.000
 0.000 0.000 0.000 1.000)
Target Pos: 
(0.989 -0.025 -0.145 0.000
 0.033 0.998 0.052 0.000
 0.143 -0.056 0.988 0.000
 0.000 0.000 0.000 1.000)


TimeStamp: 2.0311601161956787
Pointerpos: 
(0.991 -0.050 -0.126 0.000
 0.056 0.998 0.042 0.000
 0.123 -0.049 0.991 0.000
 0.000 0.000 0.000 1.000)
Target Pos: 
(0.991 -0.050 -0.126 0.000
 0.056 0.998 0.042 0.000
 0.123 -0.049 0.991 0.000
 0.000 0.000 0.000 1.000)


TimeStamp: 2.047866106033325
Pointerpos: 
(0.990 -0.077 -0.115 0.000
 0.081 0.996 0.034 0.000
 0.112 -0.043 0.993 0.000
 0.000 0.000 0.000 1.000)
Target Pos: 
(0.990 -0.077 -0.115 0.000
 0.081 0.996 0.034 0.000
 0.112 -0.043 0.993 0.000
 0.000 0.000 0.000 1.000)


TimeStamp: 2.064521074295044
Pointerpos: 
(0.989 -0.104 -0.106 0.000
 0.107 0.994 0.025 0.000
 0.103 -0.036 0.994 0.000
 0.000 0.000 0.000 1.000)
Target Pos: 
(0.989 -0.104 -0.106 0.000
 0.107 0.994 0.025 0.000
 0.103 -0.036 0.994 0.000
 0.000 0.000 0.000 1.000)


TimeStamp: 2.0812160968780518
Pointerpos: 
(0.986 -0.131 -0.100 0.000
 0.133 0.991 0.019 0.000
 0.097 -0.032 0.995 0.000
 0.000 0.000 0.000 1.000)
Target Pos: 
(0.986 -0.131 -0.100 0.000
 0.133 0.991 0.019 0.000
 0.097 -0.032 0.995 0.000
 0.000 0.000 0.000 1.000)


TimeStamp: 2.0979042053222656
Pointerpos: 
(0.986 -0.135 -0.099 0.000
 0.137 0.990 0.016 0.000
 0.096 -0.029 0.995 0.000
 0.000 0.000 0.000 1.000)
Target Pos: 
(0.986 -0.135 -0.099 0.000
 0.137 0.990 0.016 0.000
 0.096 -0.029 0.995 0.000
 0.000 0.000 0.000 1.000)


TimeStamp: 2.114567995071411
Pointerpos: 
(0.987 -0.126 -0.098 0.000
 0.128 0.992 0.016 0.000
 0.095 -0.028 0.995 0.000
 0.000 0.000 0.000 1.000)
Target Pos: 
(0.987 -0.126 -0.098 0.000
 0.128 0.992 0.016 0.000
 0.095 -0.028 0.995 0.000
 0.000 0.000 0.000 1.000)


TimeStamp: 2.131249189376831
Pointerpos: 
(0.991 -0.098 -0.093 0.000
 0.100 0.995 0.017 0.000
 0.091 -0.026 0.996 0.000
 0.000 0.000 0.000 1.000)
Target Pos: 
(0.991 -0.098 -0.093 0.000
 0.100 0.995 0.017 0.000
 0.091 -0.026 0.996 0.000
 0.000 0.000 0.000 1.000)


TimeStamp: 2.147935152053833
Pointerpos: 
(0.995 -0.061 -0.080 0.000
 0.063 0.998 0.026 0.000
 0.078 -0.031 0.996 0.000
 0.000 0.000 0.000 1.000)
Target Pos: 
(0.995 -0.061 -0.080 0.000
 0.063 0.998 0.026 0.000
 0.078 -0.031 0.996 0.000
 0.000 0.000 0.000 1.000)


TimeStamp: 2.1645760536193848
Pointerpos: 
(0.997 -0.047 -0.065 0.000
 0.049 0.998 0.033 0.000
 0.063 -0.036 0.997 0.000
 0.000 0.000 0.000 1.000)
Target Pos: 
(0.997 -0.047 -0.065 0.000
 0.049 0.998 0.033 0.000
 0.063 -0.036 0.997 0.000
 0.000 0.000 0.000 1.000)


TimeStamp: 2.1812381744384766
Pointerpos: 
(0.998 -0.044 -0.055 0.000
 0.046 0.998 0.035 0.000
 0.053 -0.037 0.998 0.000
 0.000 0.000 0.000 1.000)
Target Pos: 
(0.998 -0.044 -0.055 0.000
 0.046 0.998 0.035 0.000
 0.053 -0.037 0.998 0.000
 0.000 0.000 0.000 1.000)


TimeStamp: 2.197968006134033
Pointerpos: 
(0.998 -0.050 -0.047 0.000
 0.051 0.998 0.031 0.000
 0.045 -0.033 0.998 0.000
 0.000 0.000 0.000 1.000)
Target Pos: 
(0.998 -0.050 -0.047 0.000
 0.051 0.998 0.031 0.000
 0.045 -0.033 0.998 0.000
 0.000 0.000 0.000 1.000)


TimeStamp: 2.214616060256958
Pointerpos: 
(0.997 -0.057 -0.045 0.000
 0.058 0.998 0.027 0.000
 0.043 -0.029 0.999 0.000
 0.000 0.000 0.000 1.000)
Target Pos: 
(0.997 -0.057 -0.045 0.000
 0.058 0.998 0.027 0.000
 0.043 -0.029 0.999 0.000
 0.000 0.000 0.000 1.000)


TimeStamp: 2.231295108795166
Pointerpos: 
(0.997 -0.065 -0.043 0.000
 0.066 0.998 0.024 0.000
 0.042 -0.026 0.999 0.000
 0.000 0.000 0.000 1.000)
Target Pos: 
(0.997 -0.065 -0.043 0.000
 0.066 0.998 0.024 0.000
 0.042 -0.026 0.999 0.000
 0.000 0.000 0.000 1.000)


TimeStamp: 2.247965097427368
Pointerpos: 
(0.996 -0.079 -0.039 0.000
 0.079 0.997 0.019 0.000
 0.037 -0.022 0.999 0.000
 0.000 0.000 0.000 1.000)
Target Pos: 
(0.996 -0.079 -0.039 0.000
 0.079 0.997 0.019 0.000
 0.037 -0.022 0.999 0.000
 0.000 0.000 0.000 1.000)


TimeStamp: 2.264644145965576
Pointerpos: 
(0.996 -0.088 -0.034 0.000
 0.088 0.996 0.019 0.000
 0.032 -0.022 0.999 0.000
 0.000 0.000 0.000 1.000)
Target Pos: 
(0.996 -0.088 -0.034 0.000
 0.088 0.996 0.019 0.000
 0.032 -0.022 0.999 0.000
 0.000 0.000 0.000 1.000)


TimeStamp: 2.2813191413879395
Pointerpos: 
(0.995 -0.093 -0.027 0.000
 0.094 0.995 0.021 0.000
 0.025 -0.023 0.999 0.000
 0.000 0.000 0.000 1.000)
Target Pos: 
(0.995 -0.093 -0.027 0.000
 0.094 0.995 0.021 0.000
 0.025 -0.023 0.999 0.000
 0.000 0.000 0.000 1.000)


TimeStamp: 2.2980051040649414
Pointerpos: 
(0.995 -0.094 -0.018 0.000
 0.094 0.995 0.025 0.000
 0.016 -0.026 1.000 0.000
 0.000 0.000 0.000 1.000)
Target Pos: 
(0.995 -0.094 -0.018 0.000
 0.094 0.995 0.025 0.000
 0.016 -0.026 1.000 0.000
 0.000 0.000 0.000 1.000)


TimeStamp: 2.3146610260009766
Pointerpos: 
(0.996 -0.090 -0.016 0.000
 0.091 0.996 0.027 0.000
 0.013 -0.028 1.000 0.000
 0.000 0.000 0.000 1.000)
Target Pos: 
(0.996 -0.090 -0.016 0.000
 0.091 0.996 0.027 0.000
 0.013 -0.028 1.000 0.000
 0.000 0.000 0.000 1.000)


TimeStamp: 2.3313210010528564
Pointerpos: 
(0.996 -0.087 -0.015 0.000
 0.088 0.996 0.029 0.000
 0.013 -0.030 0.999 0.000
 0.000 0.000 0.000 1.000)
Target Pos: 
(0.996 -0.087 -0.015 0.000
 0.088 0.996 0.029 0.000
 0.013 -0.030 0.999 0.000
 0.000 0.000 0.000 1.000)


TimeStamp: 2.3480160236358643
Pointerpos: 
(0.996 -0.087 -0.015 0.000
 0.088 0.996 0.029 0.000
 0.013 -0.030 0.999 0.000
 0.000 0.000 0.000 1.000)
Target Pos: 
(0.996 -0.087 -0.015 0.000
 0.088 0.996 0.029 0.000
 0.013 -0.030 0.999 0.000
 0.000 0.000 0.000 1.000)


TimeStamp: 2.3647069931030273
Pointerpos: 
(0.996 -0.091 -0.014 0.000
 0.092 0.995 0.027 0.000
 0.011 -0.028 1.000 0.000
 0.000 0.000 0.000 1.000)
Target Pos: 
(0.996 -0.091 -0.014 0.000
 0.092 0.995 0.027 0.000
 0.011 -0.028 1.000 0.000
 0.000 0.000 0.000 1.000)


TimeStamp: 2.3813750743865967
Pointerpos: 
(0.995 -0.096 -0.013 0.000
 0.096 0.995 0.025 0.000
 0.011 -0.027 1.000 0.000
 0.000 0.000 0.000 1.000)
Target Pos: 
(0.995 -0.096 -0.013 0.000
 0.096 0.995 0.025 0.000
 0.011 -0.027 1.000 0.000
 0.000 0.000 0.000 1.000)


TimeStamp: 2.3980660438537598
Pointerpos: 
(0.995 -0.102 -0.009 0.000
 0.103 0.994 0.026 0.000
 0.006 -0.027 1.000 0.000
 0.000 0.000 0.000 1.000)
Target Pos: 
(0.995 -0.102 -0.009 0.000
 0.103 0.994 0.026 0.000
 0.006 -0.027 1.000 0.000
 0.000 0.000 0.000 1.000)


TimeStamp: 2.4147300720214844
Pointerpos: 
(0.995 -0.102 -0.005 0.000
 0.103 0.994 0.027 0.000
 0.002 -0.028 1.000 0.000
 0.000 0.000 0.000 1.000)
Target Pos: 
(0.995 -0.102 -0.005 0.000
 0.103 0.994 0.027 0.000
 0.002 -0.028 1.000 0.000
 0.000 0.000 0.000 1.000)


TimeStamp: 2.431410074234009
Pointerpos: 
(0.995 -0.101 0.003 0.000
 0.101 0.995 0.028 0.000
 -0.005 -0.028 1.000 0.000
 0.000 0.000 0.000 1.000)
Target Pos: 
(0.995 -0.101 0.003 0.000
 0.101 0.995 0.028 0.000
 -0.005 -0.028 1.000 0.000
 0.000 0.000 0.000 1.000)


TimeStamp: 2.448091983795166
Pointerpos: 
(0.995 -0.100 0.008 0.000
 0.099 0.995 0.029 0.000
 -0.010 -0.028 1.000 0.000
 0.000 0.000 0.000 1.000)
Target Pos: 
(0.995 -0.100 0.008 0.000
 0.099 0.995 0.029 0.000
 -0.010 -0.028 1.000 0.000
 0.000 0.000 0.000 1.000)


TimeStamp: 2.4647581577301025
Pointerpos: 
(0.995 -0.100 0.010 0.000
 0.099 0.995 0.030 0.000
 -0.013 -0.028 1.000 0.000
 0.000 0.000 0.000 1.000)
Target Pos: 
(0.995 -0.100 0.010 0.000
 0.099 0.995 0.030 0.000
 -0.013 -0.028 1.000 0.000
 0.000 0.000 0.000 1.000)


TimeStamp: 2.4814341068267822
Pointerpos: 
(0.995 -0.101 0.010 0.000
 0.100 0.995 0.029 0.000
 -0.013 -0.028 1.000 0.000
 0.000 0.000 0.000 1.000)
Target Pos: 
(0.995 -0.101 0.010 0.000
 0.100 0.995 0.029 0.000
 -0.013 -0.028 1.000 0.000
 0.000 0.000 0.000 1.000)


TimeStamp: 2.49812912940979
Pointerpos: 
(0.995 -0.102 0.009 0.000
 0.102 0.994 0.027 0.000
 -0.012 -0.026 1.000 0.000
 0.000 0.000 0.000 1.000)
Target Pos: 
(0.995 -0.102 0.009 0.000
 0.102 0.994 0.027 0.000
 -0.012 -0.026 1.000 0.000
 0.000 0.000 0.000 1.000)


TimeStamp: 2.5147831439971924
Pointerpos: 
(0.995 -0.103 0.009 0.000
 0.102 0.994 0.026 0.000
 -0.011 -0.025 1.000 0.000
 0.000 0.000 0.000 1.000)
Target Pos: 
(0.995 -0.103 0.009 0.000
 0.102 0.994 0.026 0.000
 -0.011 -0.025 1.000 0.000
 0.000 0.000 0.000 1.000)


TimeStamp: 2.531464099884033
Pointerpos: 
(0.995 -0.103 0.011 0.000
 0.103 0.994 0.022 0.000
 -0.014 -0.021 1.000 0.000
 0.000 0.000 0.000 1.000)
Target Pos: 
(0.995 -0.103 0.011 0.000
 0.103 0.994 0.022 0.000
 -0.014 -0.021 1.000 0.000
 0.000 0.000 0.000 1.000)


TimeStamp: 2.548107147216797
Pointerpos: 
(0.995 -0.102 0.013 0.000
 0.102 0.995 0.021 0.000
 -0.015 -0.020 1.000 0.000
 0.000 0.000 0.000 1.000)
Target Pos: 
(0.995 -0.102 0.013 0.000
 0.102 0.995 0.021 0.000
 -0.015 -0.020 1.000 0.000
 0.000 0.000 0.000 1.000)


TimeStamp: 2.5648131370544434
Pointerpos: 
(0.995 -0.102 0.013 0.000
 0.101 0.995 0.022 0.000
 -0.015 -0.020 1.000 0.000
 0.000 0.000 0.000 1.000)
Target Pos: 
(0.995 -0.102 0.013 0.000
 0.101 0.995 0.022 0.000
 -0.015 -0.020 1.000 0.000
 0.000 0.000 0.000 1.000)


TimeStamp: 2.5814812183380127
Pointerpos: 
(0.995 -0.100 0.011 0.000
 0.099 0.995 0.025 0.000
 -0.014 -0.024 1.000 0.000
 0.000 0.000 0.000 1.000)
Target Pos: 
(0.995 -0.100 0.011 0.000
 0.099 0.995 0.025 0.000
 -0.014 -0.024 1.000 0.000
 0.000 0.000 0.000 1.000)


TimeStamp: 2.5981621742248535
Pointerpos: 
(0.995 -0.099 0.009 0.000
 0.098 0.995 0.027 0.000
 -0.011 -0.026 1.000 0.000
 0.000 0.000 0.000 1.000)
Target Pos: 
(0.995 -0.099 0.009 0.000
 0.098 0.995 0.027 0.000
 -0.011 -0.026 1.000 0.000
 0.000 0.000 0.000 1.000)


TimeStamp: 2.614838123321533
Pointerpos: 
(0.995 -0.097 0.005 0.000
 0.097 0.995 0.027 0.000
 -0.008 -0.027 1.000 0.000
 0.000 0.000 0.000 1.000)
Target Pos: 
(0.995 -0.097 0.005 0.000
 0.097 0.995 0.027 0.000
 -0.008 -0.027 1.000 0.000
 0.000 0.000 0.000 1.000)


TimeStamp: 2.631547212600708
Pointerpos: 
(0.995 -0.097 0.000 0.000
 0.097 0.995 0.020 0.000
 -0.002 -0.020 1.000 0.000
 0.000 0.000 0.000 1.000)
Target Pos: 
(0.995 -0.097 0.000 0.000
 0.097 0.995 0.020 0.000
 -0.002 -0.020 1.000 0.000
 0.000 0.000 0.000 1.000)


TimeStamp: 2.6481971740722656
Pointerpos: 
(0.995 -0.097 0.001 0.000
 0.097 0.995 0.017 0.000
 -0.002 -0.017 1.000 0.000
 0.000 0.000 0.000 1.000)
Target Pos: 
(0.995 -0.097 0.001 0.000
 0.097 0.995 0.017 0.000
 -0.002 -0.017 1.000 0.000
 0.000 0.000 0.000 1.000)


TimeStamp: 2.6648731231689453
Pointerpos: 
(0.995 -0.098 0.001 0.000
 0.098 0.995 0.015 0.000
 -0.003 -0.015 1.000 0.000
 0.000 0.000 0.000 1.000)
Target Pos: 
(0.995 -0.098 0.001 0.000
 0.098 0.995 0.015 0.000
 -0.003 -0.015 1.000 0.000
 0.000 0.000 0.000 1.000)


TimeStamp: 2.6815450191497803
Pointerpos: 
(0.995 -0.097 0.000 0.000
 0.097 0.995 0.014 0.000
 -0.002 -0.014 1.000 0.000
 0.000 0.000 0.000 1.000)
Target Pos: 
(0.995 -0.097 0.000 0.000
 0.097 0.995 0.014 0.000
 -0.002 -0.014 1.000 0.000
 0.000 0.000 0.000 1.000)


TimeStamp: 2.6982290744781494
Pointerpos: 
(0.995 -0.096 -0.001 0.000
 0.096 0.995 0.014 0.000
 -0.000 -0.014 1.000 0.000
 0.000 0.000 0.000 1.000)
Target Pos: 
(0.995 -0.096 -0.001 0.000
 0.096 0.995 0.014 0.000
 -0.000 -0.014 1.000 0.000
 0.000 0.000 0.000 1.000)


TimeStamp: 2.7148990631103516
Pointerpos: 
(0.996 -0.094 -0.004 0.000
 0.094 0.996 0.014 0.000
 0.003 -0.014 1.000 0.000
