TimeStamp: 0.020484209060668945
Pointerpos: 
(0.878 -0.032 0.478 -0.160
 0.028 0.999 0.014 -0.211
 -0.478 0.001 0.878 -0.005
 0.000 0.000 0.000 1.000)
Target Pos: 
(0.001 0.000 0.000 -0.175
 0.000 0.001 0.000 0.000
 0.000 0.000 0.001 0.000
 0.000 0.000 0.000 1.000)


TimeStamp: 0.277468204498291
Pointerpos: 
(0.878 -0.032 0.478 -0.160
 0.028 0.999 0.014 -0.211
 -0.478 0.001 0.878 -0.005
 0.000 0.000 0.000 1.000)
Target Pos: 
(0.001 0.000 0.000 -0.175
 0.000 0.001 0.000 0.000
 0.000 0.000 0.001 0.000
 0.000 0.000 0.000 1.000)


TimeStamp: 0.2937800884246826
Pointerpos: 
(0.878 -0.032 0.478 -0.160
 0.028 0.999 0.014 -0.211
 -0.478 0.001 0.878 -0.005
 0.000 0.000 0.000 1.000)
Target Pos: 
(0.001 0.000 0.000 -0.175
 0.000 0.001 0.000 0.000
 0.000 0.000 0.001 0.000
 0.000 0.000 0.000 1.000)


TimeStamp: 0.31069111824035645
Pointerpos: 
(0.878 -0.032 0.478 -0.160
 0.028 0.999 0.014 -0.211
 -0.478 0.001 0.878 -0.005
 0.000 0.000 0.000 1.000)
Target Pos: 
(0.001 0.000 0.000 -0.175
 0.000 0.001 0.000 0.000
 0.000 0.000 0.001 0.000
 0.000 0.000 0.000 1.000)


TimeStamp: 0.32718920707702637
Pointerpos: 
(0.878 -0.032 0.478 -0.160
 0.028 0.999 0.014 -0.211
 -0.478 0.001 0.878 -0.005
 0.000 0.000 0.000 1.000)
Target Pos: 
(0.001 0.000 0.000 -0.175
 0.000 0.001 0.000 0.000
 0.000 0.000 0.001 0.000
 0.000 0.000 0.000 1.000)


TimeStamp: 0.34392714500427246
Pointerpos: 
(0.878 -0.032 0.478 -0.160
 0.028 0.999 0.014 -0.211
 -0.478 0.001 0.878 -0.005
 0.000 0.000 0.000 1.000)
Target Pos: 
(0.001 0.000 0.000 -0.175
 0.000 0.001 0.000 0.000
 0.000 0.000 0.001 0.000
 0.000 0.000 0.000 1.000)


TimeStamp: 0.3605821132659912
Pointerpos: 
(0.878 -0.032 0.478 -0.160
 0.028 0.999 0.014 -0.211
 -0.478 0.001 0.878 -0.005
 0.000 0.000 0.000 1.000)
Target Pos: 
(0.001 0.000 0.000 -0.175
 0.000 0.001 0.000 0.000
 0.000 0.000 0.001 0.000
 0.000 0.000 0.000 1.000)


TimeStamp: 0.3773341178894043
Pointerpos: 
(0.878 -0.032 0.478 -0.160
 0.028 0.999 0.014 -0.211
 -0.478 0.001 0.878 -0.005
 0.000 0.000 0.000 1.000)
Target Pos: 
(0.001 0.000 0.000 -0.175
 0.000 0.001 0.000 0.000
 0.000 0.000 0.001 0.000
 0.000 0.000 0.000 1.000)


TimeStamp: 0.39397120475769043
Pointerpos: 
(0.878 -0.032 0.478 -0.160
 0.028 0.999 0.014 -0.211
 -0.478 0.001 0.878 -0.005
 0.000 0.000 0.000 1.000)
Target Pos: 
(0.001 0.000 0.000 -0.175
 0.000 0.001 0.000 0.000
 0.000 0.000 0.001 0.000
 0.000 0.000 0.000 1.000)


TimeStamp: 0.41063404083251953
Pointerpos: 
(0.878 -0.032 0.478 -0.160
 0.028 0.999 0.014 -0.211
 -0.478 0.001 0.878 -0.005
 0.000 0.000 0.000 1.000)
Target Pos: 
(0.001 0.000 0.000 -0.175
 0.000 0.001 0.000 0.000
 0.000 0.000 0.001 0.000
 0.000 0.000 0.000 1.000)


TimeStamp: 0.42717599868774414
Pointerpos: 
(0.878 -0.032 0.478 -0.160
 0.028 0.999 0.014 -0.211
 -0.478 0.001 0.878 -0.005
 0.000 0.000 0.000 1.000)
Target Pos: 
(0.001 0.000 0.000 -0.175
 0.000 0.001 0.000 0.000
 0.000 0.000 0.001 0.000
 0.000 0.000 0.000 1.000)


TimeStamp: 0.44390201568603516
Pointerpos: 
(0.878 -0.032 0.478 -0.160
 0.028 0.999 0.014 -0.211
 -0.478 0.001 0.878 -0.005
 0.000 0.000 0.000 1.000)
Target Pos: 
(0.001 0.000 0.000 -0.175
 0.000 0.001 0.000 0.000
 0.000 0.000 0.001 0.000
 0.000 0.000 0.000 1.000)


TimeStamp: 0.4607231616973877
Pointerpos: 
(0.878 -0.032 0.478 -0.160
 0.028 0.999 0.014 -0.211
 -0.478 0.001 0.878 -0.005
 0.000 0.000 0.000 1.000)
Target Pos: 
(0.001 0.000 0.000 -0.175
 0.000 0.001 0.000 0.000
 0.000 0.000 0.001 0.000
 0.000 0.000 0.000 1.000)


TimeStamp: 0.4773721694946289
Pointerpos: 
(0.878 -0.032 0.478 -0.160
 0.028 0.999 0.014 -0.211
 -0.478 0.001 0.878 -0.005
 0.000 0.000 0.000 1.000)
Target Pos: 
(0.001 0.000 0.000 -0.175
 0.000 0.001 0.000 0.000
 0.000 0.000 0.001 0.000
 0.000 0.000 0.000 1.000)


TimeStamp: 0.49480700492858887
Pointerpos: 
(0.878 -0.032 0.478 -0.160
 0.028 0.999 0.014 -0.211
 -0.478 0.001 0.878 -0.005
 0.000 0.000 0.000 1.000)
Target Pos: 
(0.001 0.000 0.000 -0.175
 0.000 0.001 0.000 0.000
 0.000 0.000 0.001 0.000
 0.000 0.000 0.000 1.000)


TimeStamp: 0.5107622146606445
Pointerpos: 
(0.878 -0.032 0.478 -0.160
 0.028 0.999 0.014 -0.211
 -0.478 0.001 0.878 -0.005
 0.000 0.000 0.000 1.000)
Target Pos: 
(0.001 0.000 0.000 -0.175
 0.000 0.001 0.000 0.000
 0.000 0.000 0.001 0.000
 0.000 0.000 0.000 1.000)


TimeStamp: 0.527501106262207
Pointerpos: 
(0.878 -0.032 0.478 -0.160
 0.028 0.999 0.014 -0.211
 -0.478 0.001 0.878 -0.005
 0.000 0.000 0.000 1.000)
Target Pos: 
(0.001 0.000 0.000 -0.175
 0.000 0.001 0.000 0.000
 0.000 0.000 0.001 0.000
 0.000 0.000 0.000 1.000)


TimeStamp: 0.5443851947784424
Pointerpos: 
(0.878 -0.032 0.478 -0.160
 0.028 0.999 0.014 -0.211
 -0.478 0.001 0.878 -0.005
 0.000 0.000 0.000 1.000)
Target Pos: 
(0.001 0.000 0.000 -0.175
 0.000 0.001 0.000 0.000
 0.000 0.000 0.001 0.000
 0.000 0.000 0.000 1.000)


TimeStamp: 0.5610041618347168
Pointerpos: 
(0.878 -0.032 0.478 -0.160
 0.028 0.999 0.014 -0.211
 -0.478 0.001 0.878 -0.005
 0.000 0.000 0.000 1.000)
Target Pos: 
(0.001 0.000 0.000 -0.175
 0.000 0.001 0.000 0.000
 0.000 0.000 0.001 0.000
 0.000 0.000 0.000 1.000)


TimeStamp: 0.5776770114898682
Pointerpos: 
(0.878 -0.032 0.478 -0.160
 0.028 0.999 0.014 -0.211
 -0.478 0.001 0.878 -0.005
 0.000 0.000 0.000 1.000)
Target Pos: 
(0.001 0.000 0.000 -0.175
 0.000 0.001 0.000 0.000
 0.000 0.000 0.001 0.000
 0.000 0.000 0.000 1.000)


TimeStamp: 0.5943591594696045
Pointerpos: 
(0.878 -0.032 0.478 -0.160
 0.028 0.999 0.014 -0.211
 -0.478 0.001 0.878 -0.005
 0.000 0.000 0.000 1.000)
Target Pos: 
(0.001 0.000 0.000 -0.175
 0.000 0.001 0.000 0.000
 0.000 0.000 0.001 0.000
 0.000 0.000 0.000 1.000)


TimeStamp: 0.6110680103302002
Pointerpos: 
(0.878 -0.032 0.478 -0.160
 0.028 0.999 0.014 -0.211
 -0.478 0.001 0.878 -0.005
 0.000 0.000 0.000 1.000)
Target Pos: 
(0.001 0.000 0.000 -0.175
 0.000 0.001 0.000 0.000
 0.000 0.000 0.001 0.000
 0.000 0.000 0.000 1.000)


TimeStamp: 0.6278281211853027
Pointerpos: 
(0.878 -0.032 0.478 -0.160
 0.028 0.999 0.014 -0.211
 -0.478 0.001 0.878 -0.005
 0.000 0.000 0.000 1.000)
Target Pos: 
(0.001 0.000 0.000 -0.175
 0.000 0.001 0.000 0.000
 0.000 0.000 0.001 0.000
 0.000 0.000 0.000 1.000)


TimeStamp: 0.6444370746612549
Pointerpos: 
(0.878 -0.032 0.478 -0.160
 0.028 0.999 0.014 -0.211
 -0.478 0.001 0.878 -0.005
 0.000 0.000 0.000 1.000)
Target Pos: 
(0.001 0.000 0.000 -0.175
 0.000 0.001 0.000 0.000
 0.000 0.000 0.001 0.000
 0.000 0.000 0.000 1.000)


TimeStamp: 0.6611440181732178
Pointerpos: 
(0.878 -0.032 0.478 -0.160
 0.028 0.999 0.014 -0.211
 -0.478 0.001 0.878 -0.005
 0.000 0.000 0.000 1.000)
Target Pos: 
(0.001 0.000 0.000 -0.175
 0.000 0.001 0.000 0.000
 0.000 0.000 0.001 0.000
 0.000 0.000 0.000 1.000)


TimeStamp: 0.6778240203857422
Pointerpos: 
(0.878 -0.032 0.478 -0.160
 0.028 0.999 0.014 -0.211
 -0.478 0.001 0.878 -0.005
 0.000 0.000 0.000 1.000)
Target Pos: 
(0.001 0.000 0.000 -0.175
 0.000 0.001 0.000 0.000
 0.000 0.000 0.001 0.000
 0.000 0.000 0.000 1.000)


TimeStamp: 0.6945140361785889
Pointerpos: 
(0.878 -0.032 0.478 -0.160
 0.028 0.999 0.014 -0.211
 -0.478 0.001 0.878 -0.005
 0.000 0.000 0.000 1.000)
Target Pos: 
(0.001 0.000 0.000 -0.175
 0.000 0.001 0.000 0.000
 0.000 0.000 0.001 0.000
 0.000 0.000 0.000 1.000)


TimeStamp: 0.7114322185516357
Pointerpos: 
(0.878 -0.032 0.478 -0.160
 0.028 0.999 0.014 -0.211
 -0.478 0.001 0.878 -0.005
 0.000 0.000 0.000 1.000)
Target Pos: 
(0.001 0.000 0.000 -0.175
 0.000 0.001 0.000 0.000
 0.000 0.000 0.001 0.000
 0.000 0.000 0.000 1.000)


TimeStamp: 0.7279620170593262
Pointerpos: 
(0.878 -0.032 0.478 -0.160
 0.028 0.999 0.014 -0.211
 -0.478 0.001 0.878 -0.005
 0.000 0.000 0.000 1.000)
Target Pos: 
(0.001 0.000 0.000 -0.175
 0.000 0.001 0.000 0.000
 0.000 0.000 0.001 0.000
 0.000 0.000 0.000 1.000)


TimeStamp: 0.7452380657196045
Pointerpos: 
(0.878 -0.032 0.478 -0.160
 0.028 0.999 0.014 -0.211
 -0.478 0.001 0.878 -0.005
 0.000 0.000 0.000 1.000)
Target Pos: 
(0.001 0.000 0.000 -0.175
 0.000 0.001 0.000 0.000
 0.000 0.000 0.001 0.000
 0.000 0.000 0.000 1.000)


TimeStamp: 0.7612700462341309
Pointerpos: 
(0.878 -0.032 0.478 -0.160
 0.028 0.999 0.014 -0.211
 -0.478 0.001 0.878 -0.005
 0.000 0.000 0.000 1.000)
Target Pos: 
(0.001 0.000 0.000 -0.175
 0.000 0.001 0.000 0.000
 0.000 0.000 0.001 0.000
 0.000 0.000 0.000 1.000)


TimeStamp: 0.7779691219329834
Pointerpos: 
(0.878 -0.032 0.478 -0.160
 0.028 0.999 0.014 -0.211
 -0.478 0.001 0.878 -0.005
 0.000 0.000 0.000 1.000)
Target Pos: 
(0.001 0.000 0.000 -0.175
 0.000 0.001 0.000 0.000
 0.000 0.000 0.001 0.000
 0.000 0.000 0.000 1.000)


TimeStamp: 0.7945990562438965
Pointerpos: 
(0.878 -0.032 0.478 -0.160
 0.028 0.999 0.014 -0.211
 -0.478 0.001 0.878 -0.005
 0.000 0.000 0.000 1.000)
Target Pos: 
(0.001 0.000 0.000 -0.175
 0.000 0.001 0.000 0.000
 0.000 0.000 0.001 0.000
 0.000 0.000 0.000 1.000)


TimeStamp: 0.8113090991973877
Pointerpos: 
(0.878 -0.032 0.478 -0.160
 0.028 0.999 0.014 -0.211
 -0.478 0.001 0.878 -0.005
 0.000 0.000 0.000 1.000)
Target Pos: 
(0.001 0.000 0.000 -0.175
 0.000 0.001 0.000 0.000
 0.000 0.000 0.001 0.000
 0.000 0.000 0.000 1.000)


TimeStamp: 0.8280131816864014
Pointerpos: 
(0.878 -0.032 0.478 -0.160
 0.028 0.999 0.014 -0.211
 -0.478 0.001 0.878 -0.005
 0.000 0.000 0.000 1.000)
Target Pos: 
(0.001 0.000 0.000 -0.175
 0.000 0.001 0.000 0.000
 0.000 0.000 0.001 0.000
 0.000 0.000 0.000 1.000)


TimeStamp: 0.8447270393371582
Pointerpos: 
(0.878 -0.032 0.478 -0.160
 0.028 0.999 0.014 -0.211
 -0.478 0.001 0.878 -0.005
 0.000 0.000 0.000 1.000)
Target Pos: 
(0.001 0.000 0.000 -0.175
 0.000 0.001 0.000 0.000
 0.000 0.000 0.001 0.000
 0.000 0.000 0.000 1.000)


TimeStamp: 0.8613390922546387
Pointerpos: 
(0.878 -0.032 0.478 -0.160
 0.028 0.999 0.014 -0.211
 -0.478 0.001 0.878 -0.005
 0.000 0.000 0.000 1.000)
Target Pos: 
(0.001 0.000 0.000 -0.175
 0.000 0.001 0.000 0.000
 0.000 0.000 0.001 0.000
 0.000 0.000 0.000 1.000)


TimeStamp: 0.8788790702819824
Pointerpos: 
(0.878 -0.032 0.478 -0.160
 0.028 0.999 0.014 -0.211
 -0.478 0.001 0.878 -0.005
 0.000 0.000 0.000 1.000)
Target Pos: 
(0.001 0.000 0.000 -0.175
 0.000 0.001 0.000 0.000
 0.000 0.000 0.001 0.000
 0.000 0.000 0.000 1.000)


TimeStamp: 0.8948800563812256
Pointerpos: 
(0.878 -0.032 0.478 -0.160
 0.028 0.999 0.014 -0.211
 -0.478 0.001 0.878 -0.005
 0.000 0.000 0.000 1.000)
Target Pos: 
(0.001 0.000 0.000 -0.175
 0.000 0.001 0.000 0.000
 0.000 0.000 0.001 0.000
 0.000 0.000 0.000 1.000)


TimeStamp: 0.9115262031555176
Pointerpos: 
(0.878 -0.032 0.478 -0.160
 0.028 0.999 0.014 -0.211
 -0.478 0.001 0.878 -0.005
 0.000 0.000 0.000 1.000)
Target Pos: 
(0.001 0.000 0.000 -0.175
 0.000 0.001 0.000 0.000
 0.000 0.000 0.001 0.000
 0.000 0.000 0.000 1.000)


TimeStamp: 0.9281871318817139
Pointerpos: 
(0.878 -0.032 0.478 -0.160
 0.028 0.999 0.014 -0.211
 -0.478 0.001 0.878 -0.005
 0.000 0.000 0.000 1.000)
Target Pos: 
(0.001 0.000 0.000 -0.175
 0.000 0.001 0.000 0.000
 0.000 0.000 0.001 0.000
 0.000 0.000 0.000 1.000)


TimeStamp: 0.9452471733093262
Pointerpos: 
(0.878 -0.032 0.478 -0.160
 0.028 0.999 0.014 -0.211
 -0.478 0.001 0.878 -0.005
 0.000 0.000 0.000 1.000)
Target Pos: 
(0.001 0.000 0.000 -0.175
 0.000 0.001 0.000 0.000
 0.000 0.000 0.001 0.000
 0.000 0.000 0.000 1.000)


TimeStamp: 0.9617681503295898
Pointerpos: 
(0.878 -0.032 0.478 -0.160
 0.028 0.999 0.014 -0.211
 -0.478 0.001 0.878 -0.005
 0.000 0.000 0.000 1.000)
Target Pos: 
(0.001 0.000 0.000 -0.175
 0.000 0.001 0.000 0.000
 0.000 0.000 0.001 0.000
 0.000 0.000 0.000 1.000)


TimeStamp: 0.978600025177002
Pointerpos: 
(0.878 -0.032 0.478 -0.160
 0.028 0.999 0.014 -0.211
 -0.478 0.001 0.878 -0.005
 0.000 0.000 0.000 1.000)
Target Pos: 
(0.001 0.000 0.000 -0.175
 0.000 0.001 0.000 0.000
 0.000 0.000 0.001 0.000
 0.000 0.000 0.000 1.000)


TimeStamp: 0.9953150749206543
Pointerpos: 
(0.878 -0.032 0.478 -0.160
 0.028 0.999 0.014 -0.211
 -0.478 0.001 0.878 -0.005
 0.000 0.000 0.000 1.000)
Target Pos: 
(0.001 0.000 0.000 -0.175
 0.000 0.001 0.000 0.000
 0.000 0.000 0.001 0.000
 0.000 0.000 0.000 1.000)


TimeStamp: 1.0118491649627686
Pointerpos: 
(0.878 -0.032 0.478 -0.160
 0.028 0.999 0.014 -0.211
 -0.478 0.001 0.878 -0.005
 0.000 0.000 0.000 1.000)
Target Pos: 
(0.001 0.000 0.000 -0.175
 0.000 0.001 0.000 0.000
 0.000 0.000 0.001 0.000
 0.000 0.000 0.000 1.000)


TimeStamp: 1.0285241603851318
Pointerpos: 
(0.878 -0.032 0.478 -0.160
 0.028 0.999 0.014 -0.211
 -0.478 0.001 0.878 -0.005
 0.000 0.000 0.000 1.000)
Target Pos: 
(0.001 0.000 0.000 -0.175
 0.000 0.001 0.000 0.000
 0.000 0.000 0.001 0.000
 0.000 0.000 0.000 1.000)


TimeStamp: 1.0452179908752441
Pointerpos: 
(0.878 -0.032 0.478 -0.160
 0.028 0.999 0.014 -0.211
 -0.478 0.001 0.878 -0.005
 0.000 0.000 0.000 1.000)
Target Pos: 
(0.001 0.000 0.000 -0.175
 0.000 0.001 0.000 0.000
 0.000 0.000 0.001 0.000
 0.000 0.000 0.000 1.000)


TimeStamp: 1.0618820190429688
Pointerpos: 
(0.878 -0.032 0.478 -0.160
 0.028 0.999 0.014 -0.211
 -0.478 0.001 0.878 -0.005
 0.000 0.000 0.000 1.000)
Target Pos: 
(0.001 0.000 0.000 -0.175
 0.000 0.001 0.000 0.000
 0.000 0.000 0.001 0.000
 0.000 0.000 0.000 1.000)


TimeStamp: 1.0785551071166992
Pointerpos: 
(0.878 -0.032 0.478 -0.160
 0.028 0.999 0.014 -0.211
 -0.478 0.001 0.878 -0.005
 0.000 0.000 0.000 1.000)
Target Pos: 
(0.001 0.000 0.000 -0.175
 0.000 0.001 0.000 0.000
 0.000 0.000 0.001 0.000
 0.000 0.000 0.000 1.000)


TimeStamp: 1.0952961444854736
Pointerpos: 
(0.878 -0.032 0.478 -0.160
 0.028 0.999 0.014 -0.211
 -0.478 0.001 0.878 -0.005
 0.000 0.000 0.000 1.000)
Target Pos: 
(0.001 0.000 0.000 -0.175
 0.000 0.001 0.000 0.000
 0.000 0.000 0.001 0.000
 0.000 0.000 0.000 1.000)


TimeStamp: 1.1119050979614258
Pointerpos: 
(0.878 -0.032 0.478 -0.160
 0.028 0.999 0.014 -0.211
 -0.478 0.001 0.878 -0.005
 0.000 0.000 0.000 1.000)
Target Pos: 
(0.001 0.000 0.000 -0.175
 0.000 0.001 0.000 0.000
 0.000 0.000 0.001 0.000
 0.000 0.000 0.000 1.000)


TimeStamp: 1.1285960674285889
Pointerpos: 
(0.878 -0.032 0.478 -0.160
 0.028 0.999 0.014 -0.211
 -0.478 0.001 0.878 -0.005
 0.000 0.000 0.000 1.000)
Target Pos: 
(0.001 0.000 0.000 -0.175
 0.000 0.001 0.000 0.000
 0.000 0.000 0.001 0.000
 0.000 0.000 0.000 1.000)


TimeStamp: 1.1452891826629639
Pointerpos: 
(0.878 -0.032 0.478 -0.160
 0.028 0.999 0.014 -0.211
 -0.478 0.001 0.878 -0.005
 0.000 0.000 0.000 1.000)
Target Pos: 
(0.001 0.000 0.000 -0.175
 0.000 0.001 0.000 0.000
 0.000 0.000 0.001 0.000
 0.000 0.000 0.000 1.000)


TimeStamp: 1.161952018737793
Pointerpos: 
(0.878 -0.032 0.478 -0.160
 0.028 0.999 0.014 -0.211
 -0.478 0.001 0.878 -0.005
 0.000 0.000 0.000 1.000)
Target Pos: 
(0.001 0.000 0.000 -0.175
 0.000 0.001 0.000 0.000
 0.000 0.000 0.001 0.000
 0.000 0.000 0.000 1.000)


TimeStamp: 1.1786320209503174
Pointerpos: 
(0.878 -0.032 0.478 -0.160
 0.028 0.999 0.014 -0.211
 -0.478 0.001 0.878 -0.005
 0.000 0.000 0.000 1.000)
Target Pos: 
(0.001 0.000 0.000 -0.175
 0.000 0.001 0.000 0.000
 0.000 0.000 0.001 0.000
 0.000 0.000 0.000 1.000)


TimeStamp: 1.1953001022338867
Pointerpos: 
(0.878 -0.032 0.478 -0.160
 0.028 0.999 0.014 -0.211
 -0.478 0.001 0.878 -0.005
 0.000 0.000 0.000 1.000)
Target Pos: 
(0.001 0.000 0.000 -0.175
 0.000 0.001 0.000 0.000
 0.000 0.000 0.001 0.000
 0.000 0.000 0.000 1.000)


TimeStamp: 1.211989164352417
Pointerpos: 
(0.878 -0.032 0.478 -0.160
 0.028 0.999 0.014 -0.211
 -0.478 0.001 0.878 -0.005
 0.000 0.000 0.000 1.000)
Target Pos: 
(0.001 0.000 0.000 -0.175
 0.000 0.001 0.000 0.000
 0.000 0.000 0.001 0.000
 0.000 0.000 0.000 1.000)


TimeStamp: 1.2282721996307373
Pointerpos: 
(0.878 -0.032 0.478 -0.160
 0.028 0.999 0.014 -0.211
 -0.478 0.001 0.878 -0.005
 0.000 0.000 0.000 1.000)
Target Pos: 
(0.001 0.000 0.000 -0.175
 0.000 0.001 0.000 0.000
 0.000 0.000 0.001 0.000
 0.000 0.000 0.000 1.000)


TimeStamp: 1.2449510097503662
Pointerpos: 
(0.878 -0.032 0.478 -0.160
 0.028 0.999 0.014 -0.211
 -0.478 0.001 0.878 -0.005
 0.000 0.000 0.000 1.000)
Target Pos: 
(0.001 0.000 0.000 -0.175
 0.000 0.001 0.000 0.000
 0.000 0.000 0.001 0.000
 0.000 0.000 0.000 1.000)


TimeStamp: 1.2616159915924072
Pointerpos: 
(0.878 -0.032 0.478 -0.160
 0.028 0.999 0.014 -0.211
 -0.478 0.001 0.878 -0.005
 0.000 0.000 0.000 1.000)
Target Pos: 
(0.001 0.000 0.000 -0.175
 0.000 0.001 0.000 0.000
 0.000 0.000 0.001 0.000
 0.000 0.000 0.000 1.000)


TimeStamp: 1.2782959938049316
Pointerpos: 
(0.878 -0.032 0.478 -0.160
 0.028 0.999 0.014 -0.211
 -0.478 0.001 0.878 -0.005
 0.000 0.000 0.000 1.000)
Target Pos: 
(0.001 0.000 0.000 -0.175
 0.000 0.001 0.000 0.000
 0.000 0.000 0.001 0.000
 0.000 0.000 0.000 1.000)


TimeStamp: 1.294970989227295
Pointerpos: 
(0.878 -0.032 0.478 -0.160
 0.028 0.999 0.014 -0.211
 -0.478 0.001 0.878 -0.005
 0.000 0.000 0.000 1.000)
Target Pos: 
(0.001 0.000 0.000 -0.175
 0.000 0.001 0.000 0.000
 0.000 0.000 0.001 0.000
 0.000 0.000 0.000 1.000)


TimeStamp: 1.311643123626709
Pointerpos: 
(0.878 -0.032 0.478 -0.160
 0.028 0.999 0.014 -0.211
 -0.478 0.001 0.878 -0.005
 0.000 0.000 0.000 1.000)
Target Pos: 
(0.001 0.000 0.000 -0.175
 0.000 0.001 0.000 0.000
 0.000 0.000 0.001 0.000
 0.000 0.000 0.000 1.000)


TimeStamp: 1.32830810546875
Pointerpos: 
(0.878 -0.032 0.478 -0.160
 0.028 0.999 0.014 -0.211
 -0.478 0.001 0.878 -0.005
 0.000 0.000 0.000 1.000)
Target Pos: 
(0.001 0.000 0.000 -0.175
 0.000 0.001 0.000 0.000
 0.000 0.000 0.001 0.000
 0.000 0.000 0.000 1.000)


TimeStamp: 1.344985008239746
Pointerpos: 
(0.878 -0.032 0.478 -0.160
 0.028 0.999 0.014 -0.211
 -0.478 0.001 0.878 -0.005
 0.000 0.000 0.000 1.000)
Target Pos: 
(0.001 0.000 0.000 -0.175
 0.000 0.001 0.000 0.000
 0.000 0.000 0.001 0.000
 0.000 0.000 0.000 1.000)


TimeStamp: 1.361640214920044
Pointerpos: 
(0.878 -0.032 0.478 -0.160
 0.028 0.999 0.014 -0.211
 -0.478 0.001 0.878 -0.005
 0.000 0.000 0.000 1.000)
Target Pos: 
(0.001 0.000 0.000 -0.175
 0.000 0.001 0.000 0.000
 0.000 0.000 0.001 0.000
 0.000 0.000 0.000 1.000)


TimeStamp: 1.3783161640167236
Pointerpos: 
(0.878 -0.032 0.478 -0.160
 0.028 0.999 0.014 -0.211
 -0.478 0.001 0.878 -0.005
 0.000 0.000 0.000 1.000)
Target Pos: 
(0.001 0.000 0.000 -0.175
 0.000 0.001 0.000 0.000
 0.000 0.000 0.001 0.000
 0.000 0.000 0.000 1.000)


TimeStamp: 1.3949921131134033
Pointerpos: 
(0.878 -0.032 0.478 -0.160
 0.028 0.999 0.014 -0.211
 -0.478 0.001 0.878 -0.005
 0.000 0.000 0.000 1.000)
Target Pos: 
(0.001 0.000 0.000 -0.175
 0.000 0.001 0.000 0.000
 0.000 0.000 0.001 0.000
 0.000 0.000 0.000 1.000)


TimeStamp: 1.4116630554199219
Pointerpos: 
(0.878 -0.032 0.478 -0.160
 0.028 0.999 0.014 -0.211
 -0.478 0.001 0.878 -0.005
 0.000 0.000 0.000 1.000)
Target Pos: 
(0.001 0.000 0.000 -0.175
 0.000 0.001 0.000 0.000
 0.000 0.000 0.001 0.000
 0.000 0.000 0.000 1.000)


TimeStamp: 1.4283270835876465
Pointerpos: 
(0.878 -0.032 0.478 -0.160
 0.028 0.999 0.014 -0.211
 -0.478 0.001 0.878 -0.005
 0.000 0.000 0.000 1.000)
Target Pos: 
(0.001 0.000 0.000 -0.175
 0.000 0.001 0.000 0.000
 0.000 0.000 0.001 0.000
 0.000 0.000 0.000 1.000)


TimeStamp: 1.4450039863586426
Pointerpos: 
(0.878 -0.032 0.478 -0.160
 0.028 0.999 0.014 -0.211
 -0.478 0.001 0.878 -0.005
 0.000 0.000 0.000 1.000)
Target Pos: 
(0.001 0.000 0.000 -0.175
 0.000 0.001 0.000 0.000
 0.000 0.000 0.001 0.000
 0.000 0.000 0.000 1.000)


TimeStamp: 1.4616742134094238
Pointerpos: 
(0.878 -0.032 0.478 -0.160
 0.028 0.999 0.014 -0.211
 -0.478 0.001 0.878 -0.005
 0.000 0.000 0.000 1.000)
Target Pos: 
(0.001 0.000 0.000 -0.175
 0.000 0.001 0.000 0.000
 0.000 0.000 0.001 0.000
 0.000 0.000 0.000 1.000)


TimeStamp: 1.478349208831787
Pointerpos: 
(0.878 -0.032 0.478 -0.160
 0.028 0.999 0.014 -0.211
 -0.478 0.001 0.878 -0.005
 0.000 0.000 0.000 1.000)
Target Pos: 
(0.001 0.000 0.000 -0.175
 0.000 0.001 0.000 0.000
 0.000 0.000 0.001 0.000
 0.000 0.000 0.000 1.000)


TimeStamp: 1.4950320720672607
Pointerpos: 
(0.878 -0.032 0.478 -0.160
 0.028 0.999 0.014 -0.211
 -0.478 0.001 0.878 -0.005
 0.000 0.000 0.000 1.000)
Target Pos: 
(0.001 0.000 0.000 -0.175
 0.000 0.001 0.000 0.000
 0.000 0.000 0.001 0.000
 0.000 0.000 0.000 1.000)


TimeStamp: 1.5116820335388184
Pointerpos: 
(0.878 -0.032 0.478 -0.160
 0.028 0.999 0.014 -0.211
 -0.478 0.001 0.878 -0.005
 0.000 0.000 0.000 1.000)
Target Pos: 
(0.001 0.000 0.000 -0.175
 0.000 0.001 0.000 0.000
 0.000 0.000 0.001 0.000
 0.000 0.000 0.000 1.000)


TimeStamp: 1.5283780097961426
Pointerpos: 
(0.878 -0.032 0.478 -0.160
 0.028 0.999 0.014 -0.211
 -0.478 0.001 0.878 -0.005
 0.000 0.000 0.000 1.000)
Target Pos: 
(0.001 0.000 0.000 -0.175
 0.000 0.001 0.000 0.000
 0.000 0.000 0.001 0.000
 0.000 0.000 0.000 1.000)


TimeStamp: 1.5450561046600342
Pointerpos: 
(0.878 -0.032 0.478 -0.160
 0.028 0.999 0.014 -0.211
 -0.478 0.001 0.878 -0.005
 0.000 0.000 0.000 1.000)
Target Pos: 
(0.001 0.000 0.000 -0.175
 0.000 0.001 0.000 0.000
 0.000 0.000 0.001 0.000
 0.000 0.000 0.000 1.000)


TimeStamp: 1.5617361068725586
Pointerpos: 
(0.878 -0.032 0.478 -0.160
 0.028 0.999 0.014 -0.211
 -0.478 0.001 0.878 -0.005
 0.000 0.000 0.000 1.000)
Target Pos: 
(0.001 0.000 0.000 -0.175
 0.000 0.001 0.000 0.000
 0.000 0.000 0.001 0.000
 0.000 0.000 0.000 1.000)


TimeStamp: 1.5784111022949219
Pointerpos: 
(0.878 -0.032 0.478 -0.160
 0.028 0.999 0.014 -0.211
 -0.478 0.001 0.878 -0.005
 0.000 0.000 0.000 1.000)
Target Pos: 
(0.001 0.000 0.000 -0.175
 0.000 0.001 0.000 0.000
 0.000 0.000 0.001 0.000
 0.000 0.000 0.000 1.000)


TimeStamp: 1.5950911045074463
Pointerpos: 
(0.878 -0.032 0.478 -0.160
 0.028 0.999 0.014 -0.211
 -0.478 0.001 0.878 -0.005
 0.000 0.000 0.000 1.000)
Target Pos: 
(0.001 0.000 0.000 -0.175
 0.000 0.001 0.000 0.000
 0.000 0.000 0.001 0.000
 0.000 0.000 0.000 1.000)


TimeStamp: 1.6117680072784424
Pointerpos: 
(0.878 -0.032 0.478 -0.160
 0.028 0.999 0.014 -0.211
 -0.478 0.001 0.878 -0.005
 0.000 0.000 0.000 1.000)
Target Pos: 
(0.001 0.000 0.000 -0.175
 0.000 0.001 0.000 0.000
 0.000 0.000 0.001 0.000
 0.000 0.000 0.000 1.000)


TimeStamp: 1.6284430027008057
Pointerpos: 
(0.878 -0.032 0.478 -0.160
 0.028 0.999 0.014 -0.211
 -0.478 0.001 0.878 -0.005
 0.000 0.000 0.000 1.000)
Target Pos: 
(0.001 0.000 0.000 -0.175
 0.000 0.001 0.000 0.000
 0.000 0.000 0.001 0.000
 0.000 0.000 0.000 1.000)


TimeStamp: 1.6451220512390137
Pointerpos: 
(0.878 -0.032 0.478 -0.160
 0.028 0.999 0.014 -0.211
 -0.478 0.001 0.878 -0.005
 0.000 0.000 0.000 1.000)
Target Pos: 
(0.001 0.000 0.000 -0.175
 0.000 0.001 0.000 0.000
 0.000 0.000 0.001 0.000
 0.000 0.000 0.000 1.000)


TimeStamp: 1.6617980003356934
Pointerpos: 
(0.878 -0.032 0.478 -0.160
 0.028 0.999 0.014 -0.211
 -0.478 0.001 0.878 -0.005
 0.000 0.000 0.000 1.000)
Target Pos: 
(0.001 0.000 0.000 -0.175
 0.000 0.001 0.000 0.000
 0.000 0.000 0.001 0.000
 0.000 0.000 0.000 1.000)


TimeStamp: 1.6784641742706299
Pointerpos: 
(0.878 -0.032 0.478 -0.160
 0.028 0.999 0.014 -0.211
 -0.478 0.001 0.878 -0.005
 0.000 0.000 0.000 1.000)
Target Pos: 
(0.001 0.000 0.000 -0.175
 0.000 0.001 0.000 0.000
 0.000 0.000 0.001 0.000
 0.000 0.000 0.000 1.000)


TimeStamp: 1.6951310634613037
Pointerpos: 
(0.878 -0.032 0.478 -0.160
 0.028 0.999 0.014 -0.211
 -0.478 0.001 0.878 -0.005
 0.000 0.000 0.000 1.000)
Target Pos: 
(0.001 0.000 0.000 -0.175
 0.000 0.001 0.000 0.000
 0.000 0.000 0.001 0.000
 0.000 0.000 0.000 1.000)


TimeStamp: 1.7118051052093506
Pointerpos: 
(0.878 -0.032 0.478 -0.160
 0.028 0.999 0.014 -0.211
 -0.478 0.001 0.878 -0.005
 0.000 0.000 0.000 1.000)
Target Pos: 
(0.001 0.000 0.000 -0.175
 0.000 0.001 0.000 0.000
 0.000 0.000 0.001 0.000
 0.000 0.000 0.000 1.000)


TimeStamp: 1.728478193283081
Pointerpos: 
(0.878 -0.032 0.478 -0.160
 0.028 0.999 0.014 -0.211
 -0.478 0.001 0.878 -0.005
 0.000 0.000 0.000 1.000)
Target Pos: 
(0.001 0.000 0.000 -0.175
 0.000 0.001 0.000 0.000
 0.000 0.000 0.001 0.000
 0.000 0.000 0.000 1.000)


TimeStamp: 1.7451400756835938
Pointerpos: 
(0.878 -0.032 0.478 -0.160
 0.028 0.999 0.014 -0.211
 -0.478 0.001 0.878 -0.005
 0.000 0.000 0.000 1.000)
Target Pos: 
(0.001 0.000 0.000 -0.175
 0.000 0.001 0.000 0.000
 0.000 0.000 0.001 0.000
 0.000 0.000 0.000 1.000)


TimeStamp: 1.7618191242218018
Pointerpos: 
(0.878 -0.032 0.478 -0.160
 0.028 0.999 0.014 -0.211
 -0.478 0.001 0.878 -0.005
 0.000 0.000 0.000 1.000)
Target Pos: 
(0.001 0.000 0.000 -0.175
 0.000 0.001 0.000 0.000
 0.000 0.000 0.001 0.000
 0.000 0.000 0.000 1.000)


TimeStamp: 1.7784960269927979
Pointerpos: 
(0.878 -0.032 0.478 -0.160
 0.028 0.999 0.014 -0.211
 -0.478 0.001 0.878 -0.005
 0.000 0.000 0.000 1.000)
Target Pos: 
(0.001 0.000 0.000 -0.175
 0.000 0.001 0.000 0.000
 0.000 0.000 0.001 0.000
 0.000 0.000 0.000 1.000)


TimeStamp: 1.7951610088348389
Pointerpos: 
(0.878 -0.032 0.478 -0.160
 0.028 0.999 0.014 -0.211
 -0.478 0.001 0.878 -0.005
 0.000 0.000 0.000 1.000)
Target Pos: 
(0.001 0.000 0.000 -0.175
 0.000 0.001 0.000 0.000
 0.000 0.000 0.001 0.000
 0.000 0.000 0.000 1.000)


TimeStamp: 1.811833143234253
Pointerpos: 
(0.878 -0.032 0.478 -0.160
 0.028 0.999 0.014 -0.211
 -0.478 0.001 0.878 -0.005
 0.000 0.000 0.000 1.000)
Target Pos: 
(0.001 0.000 0.000 -0.175
 0.000 0.001 0.000 0.000
 0.000 0.000 0.001 0.000
 0.000 0.000 0.000 1.000)


TimeStamp: 1.8285131454467773
Pointerpos: 
(0.878 -0.032 0.478 -0.160
 0.028 0.999 0.014 -0.211
 -0.478 0.001 0.878 -0.005
 0.000 0.000 0.000 1.000)
Target Pos: 
(0.001 0.000 0.000 -0.175
 0.000 0.001 0.000 0.000
 0.000 0.000 0.001 0.000
 0.000 0.000 0.000 1.000)


TimeStamp: 1.8451731204986572
Pointerpos: 
(0.878 -0.032 0.478 -0.160
 0.028 0.999 0.014 -0.211
 -0.478 0.001 0.878 -0.005
 0.000 0.000 0.000 1.000)
Target Pos: 
(0.001 0.000 0.000 -0.175
 0.000 0.001 0.000 0.000
 0.000 0.000 0.001 0.000
 0.000 0.000 0.000 1.000)


TimeStamp: 1.8618381023406982
Pointerpos: 
(0.878 -0.032 0.478 -0.160
 0.028 0.999 0.014 -0.211
 -0.478 0.001 0.878 -0.005
 0.000 0.000 0.000 1.000)
Target Pos: 
(0.001 0.000 0.000 -0.175
 0.000 0.001 0.000 0.000
 0.000 0.000 0.001 0.000
 0.000 0.000 0.000 1.000)


TimeStamp: 1.8785290718078613
Pointerpos: 
(0.878 -0.032 0.478 -0.160
 0.028 0.999 0.014 -0.211
 -0.478 0.001 0.878 -0.005
 0.000 0.000 0.000 1.000)
Target Pos: 
(0.001 0.000 0.000 -0.175
 0.000 0.001 0.000 0.000
 0.000 0.000 0.001 0.000
 0.000 0.000 0.000 1.000)


TimeStamp: 1.8951911926269531
Pointerpos: 
(0.878 -0.032 0.478 -0.160
 0.028 0.999 0.014 -0.211
 -0.478 0.001 0.878 -0.005
 0.000 0.000 0.000 1.000)
Target Pos: 
(0.001 0.000 0.000 -0.175
 0.000 0.001 0.000 0.000
 0.000 0.000 0.001 0.000
 0.000 0.000 0.000 1.000)


TimeStamp: 1.9118661880493164
Pointerpos: 
(0.878 -0.032 0.478 -0.160
 0.028 0.999 0.014 -0.211
 -0.478 0.001 0.878 -0.005
 0.000 0.000 0.000 1.000)
Target Pos: 
(0.001 0.000 0.000 -0.175
 0.000 0.001 0.000 0.000
 0.000 0.000 0.001 0.000
 0.000 0.000 0.000 1.000)


TimeStamp: 1.928528070449829
Pointerpos: 
(0.878 -0.032 0.478 -0.160
 0.028 0.999 0.014 -0.211
 -0.478 0.001 0.878 -0.005
 0.000 0.000 0.000 1.000)
Target Pos: 
(0.001 0.000 0.000 -0.175
 0.000 0.001 0.000 0.000
 0.000 0.000 0.001 0.000
 0.000 0.000 0.000 1.000)


TimeStamp: 1.9452130794525146
Pointerpos: 
(0.878 -0.032 0.478 -0.160
 0.028 0.999 0.014 -0.211
 -0.478 0.001 0.878 -0.005
 0.000 0.000 0.000 1.000)
Target Pos: 
(0.001 0.000 0.000 -0.175
 0.000 0.001 0.000 0.000
 0.000 0.000 0.001 0.000
 0.000 0.000 0.000 1.000)


TimeStamp: 1.9618890285491943
Pointerpos: 
(0.878 -0.032 0.478 -0.160
 0.028 0.999 0.014 -0.211
 -0.478 0.001 0.878 -0.005
 0.000 0.000 0.000 1.000)
Target Pos: 
(0.001 0.000 0.000 -0.175
 0.000 0.001 0.000 0.000
 0.000 0.000 0.001 0.000
 0.000 0.000 0.000 1.000)


TimeStamp: 1.9785640239715576
Pointerpos: 
(0.878 -0.032 0.478 -0.160
 0.028 0.999 0.014 -0.211
 -0.478 0.001 0.878 -0.005
 0.000 0.000 0.000 1.000)
Target Pos: 
(0.001 0.000 0.000 -0.175
 0.000 0.001 0.000 0.000
 0.000 0.000 0.001 0.000
 0.000 0.000 0.000 1.000)


TimeStamp: 1.9952352046966553
Pointerpos: 
(0.878 -0.032 0.478 -0.160
 0.028 0.999 0.014 -0.211
 -0.478 0.001 0.878 -0.005
 0.000 0.000 0.000 1.000)
Target Pos: 
(0.001 0.000 0.000 -0.175
 0.000 0.001 0.000 0.000
 0.000 0.000 0.001 0.000
 0.000 0.000 0.000 1.000)


TimeStamp: 2.0119011402130127
Pointerpos: 
(0.878 -0.032 0.478 -0.160
 0.028 0.999 0.014 -0.211
 -0.478 0.001 0.878 -0.005
 0.000 0.000 0.000 1.000)
Target Pos: 
(0.001 0.000 0.000 -0.175
 0.000 0.001 0.000 0.000
 0.000 0.000 0.001 0.000
 0.000 0.000 0.000 1.000)


TimeStamp: 2.0285630226135254
Pointerpos: 
(0.878 -0.032 0.478 -0.160
 0.028 0.999 0.014 -0.211
 -0.478 0.001 0.878 -0.005
 0.000 0.000 0.000 1.000)
Target Pos: 
(0.001 0.000 0.000 -0.175
 0.000 0.001 0.000 0.000
 0.000 0.000 0.001 0.000
 0.000 0.000 0.000 1.000)


TimeStamp: 2.045246124267578
Pointerpos: 
(0.878 -0.032 0.478 -0.160
 0.028 0.999 0.014 -0.211
 -0.478 0.001 0.878 -0.005
 0.000 0.000 0.000 1.000)
Target Pos: 
(0.001 0.000 0.000 -0.175
 0.000 0.001 0.000 0.000
 0.000 0.000 0.001 0.000
 0.000 0.000 0.000 1.000)


TimeStamp: 2.0619192123413086
Pointerpos: 
(0.878 -0.032 0.478 -0.160
 0.028 0.999 0.014 -0.211
 -0.478 0.001 0.878 -0.005
 0.000 0.000 0.000 1.000)
Target Pos: 
(0.001 0.000 0.000 -0.175
 0.000 0.001 0.000 0.000
 0.000 0.000 0.001 0.000
 0.000 0.000 0.000 1.000)


TimeStamp: 2.078601121902466
Pointerpos: 
(0.878 -0.032 0.478 -0.160
 0.029 0.999 0.014 -0.211
 -0.478 0.001 0.878 -0.005
 0.000 0.000 0.000 1.000)
Target Pos: 
(0.001 0.000 0.000 -0.175
 0.000 0.001 0.000 0.000
 0.000 0.000 0.001 0.000
 0.000 0.000 0.000 1.000)


TimeStamp: 2.0952610969543457
Pointerpos: 
(0.878 -0.032 0.478 -0.160
 0.028 0.999 0.014 -0.211
 -0.478 0.001 0.878 -0.005
 0.000 0.000 0.000 1.000)
Target Pos: 
(0.001 0.000 0.000 -0.175
 0.000 0.001 0.000 0.000
 0.000 0.000 0.001 0.000
 0.000 0.000 0.000 1.000)


TimeStamp: 2.111945152282715
Pointerpos: 
(0.878 -0.032 0.478 -0.160
 0.028 0.999 0.014 -0.211
 -0.478 0.001 0.878 -0.005
 0.000 0.000 0.000 1.000)
Target Pos: 
(0.001 0.000 0.000 -0.175
 0.000 0.001 0.000 0.000
 0.000 0.000 0.001 0.000
 0.000 0.000 0.000 1.000)


TimeStamp: 2.1286070346832275
Pointerpos: 
(0.878 -0.032 0.478 -0.160
 0.028 0.999 0.014 -0.211
 -0.478 0.001 0.878 -0.005
 0.000 0.000 0.000 1.000)
Target Pos: 
(0.001 0.000 0.000 -0.175
 0.000 0.001 0.000 0.000
 0.000 0.000 0.001 0.000
 0.000 0.000 0.000 1.000)


TimeStamp: 2.145268201828003
Pointerpos: 
(0.878 -0.032 0.478 -0.160
 0.028 0.999 0.014 -0.211
 -0.478 0.001 0.878 -0.005
 0.000 0.000 0.000 1.000)
Target Pos: 
(0.001 0.000 0.000 -0.175
 0.000 0.001 0.000 0.000
 0.000 0.000 0.001 0.000
 0.000 0.000 0.000 1.000)


TimeStamp: 2.1619691848754883
Pointerpos: 
(0.878 -0.032 0.478 -0.160
 0.028 0.999 0.014 -0.211
 -0.478 0.001 0.878 -0.005
 0.000 0.000 0.000 1.000)
Target Pos: 
(0.001 0.000 0.000 -0.175
 0.000 0.001 0.000 0.000
 0.000 0.000 0.001 0.000
 0.000 0.000 0.000 1.000)


TimeStamp: 2.1786301136016846
Pointerpos: 
(0.878 -0.032 0.478 -0.160
 0.028 0.999 0.014 -0.211
 -0.478 0.001 0.878 -0.005
 0.000 0.000 0.000 1.000)
Target Pos: 
(0.001 0.000 0.000 -0.175
 0.000 0.001 0.000 0.000
 0.000 0.000 0.001 0.000
 0.000 0.000 0.000 1.000)


TimeStamp: 2.195291042327881
Pointerpos: 
(0.878 -0.032 0.478 -0.160
 0.028 0.999 0.014 -0.211
 -0.478 0.001 0.878 -0.005
 0.000 0.000 0.000 1.000)
Target Pos: 
(0.001 0.000 0.000 -0.175
 0.000 0.001 0.000 0.000
 0.000 0.000 0.001 0.000
 0.000 0.000 0.000 1.000)


TimeStamp: 2.2119622230529785
Pointerpos: 
(0.878 -0.032 0.478 -0.160
 0.028 0.999 0.014 -0.211
 -0.478 0.001 0.878 -0.005
 0.000 0.000 0.000 1.000)
Target Pos: 
(0.001 0.000 0.000 -0.175
 0.000 0.001 0.000 0.000
 0.000 0.000 0.001 0.000
 0.000 0.000 0.000 1.000)


TimeStamp: 2.22863507270813
Pointerpos: 
(0.878 -0.032 0.478 -0.160
 0.028 0.999 0.014 -0.211
 -0.478 0.001 0.878 -0.005
 0.000 0.000 0.000 1.000)
Target Pos: 
(0.001 0.000 0.000 -0.175
 0.000 0.001 0.000 0.000
 0.000 0.000 0.001 0.000
 0.000 0.000 0.000 1.000)


TimeStamp: 2.2453010082244873
Pointerpos: 
(0.878 -0.032 0.478 -0.160
 0.028 0.999 0.014 -0.211
 -0.478 0.001 0.878 -0.005
 0.000 0.000 0.000 1.000)
Target Pos: 
(0.001 0.000 0.000 -0.175
 0.000 0.001 0.000 0.000
 0.000 0.000 0.001 0.000
 0.000 0.000 0.000 1.000)


TimeStamp: 2.2619831562042236
Pointerpos: 
(0.878 -0.032 0.478 -0.160
 0.028 0.999 0.014 -0.211
 -0.478 0.001 0.878 -0.005
 0.000 0.000 0.000 1.000)
Target Pos: 
(0.001 0.000 0.000 -0.175
 0.000 0.001 0.000 0.000
 0.000 0.000 0.001 0.000
 0.000 0.000 0.000 1.000)


TimeStamp: 2.278663158416748
Pointerpos: 
(0.878 -0.032 0.478 -0.160
 0.028 0.999 0.014 -0.211
 -0.478 0.001 0.878 -0.005
 0.000 0.000 0.000 1.000)
Target Pos: 
(0.001 0.000 0.000 -0.175
 0.000 0.001 0.000 0.000
 0.000 0.000 0.001 0.000
 0.000 0.000 0.000 1.000)


TimeStamp: 2.295335054397583
Pointerpos: 
(0.878 -0.032 0.478 -0.160
 0.029 0.999 0.014 -0.211
 -0.478 0.001 0.878 -0.005
 0.000 0.000 0.000 1.000)
Target Pos: 
(0.001 0.000 0.000 -0.175
 0.000 0.001 0.000 0.000
 0.000 0.000 0.001 0.000
 0.000 0.000 0.000 1.000)


TimeStamp: 2.312007188796997
Pointerpos: 
(0.878 -0.032 0.478 -0.160
 0.029 0.999 0.014 -0.211
 -0.478 0.001 0.878 -0.005
 0.000 0.000 0.000 1.000)
Target Pos: 
(0.001 0.000 0.000 -0.175
 0.000 0.001 0.000 0.000
 0.000 0.000 0.001 0.000
 0.000 0.000 0.000 1.000)


TimeStamp: 2.3286712169647217
Pointerpos: 
(0.878 -0.032 0.478 -0.160
 0.029 0.999 0.014 -0.211
 -0.478 0.001 0.878 -0.005
 0.000 0.000 0.000 1.000)
Target Pos: 
(0.001 0.000 0.000 -0.175
 0.000 0.001 0.000 0.000
 0.000 0.000 0.001 0.000
 0.000 0.000 0.000 1.000)


TimeStamp: 2.3453421592712402
Pointerpos: 
(0.878 -0.032 0.478 -0.160
 0.029 0.999 0.014 -0.211
 -0.478 0.001 0.878 -0.005
 0.000 0.000 0.000 1.000)
Target Pos: 
(0.001 0.000 0.000 -0.175
 0.000 0.001 0.000 0.000
 0.000 0.000 0.001 0.000
 0.000 0.000 0.000 1.000)


TimeStamp: 2.3620200157165527
Pointerpos: 
(0.878 -0.032 0.478 -0.160
 0.029 0.999 0.014 -0.211
 -0.478 0.001 0.878 -0.005
 0.000 0.000 0.000 1.000)
Target Pos: 
(0.001 0.000 0.000 -0.175
 0.000 0.001 0.000 0.000
 0.000 0.000 0.001 0.000
 0.000 0.000 0.000 1.000)


TimeStamp: 2.3786871433258057
Pointerpos: 
(0.878 -0.032 0.478 -0.160
 0.028 0.999 0.014 -0.211
 -0.478 0.001 0.878 -0.005
 0.000 0.000 0.000 1.000)
Target Pos: 
(0.001 0.000 0.000 -0.175
 0.000 0.001 0.000 0.000
 0.000 0.000 0.001 0.000
 0.000 0.000 0.000 1.000)


TimeStamp: 2.3953630924224854
Pointerpos: 
(0.878 -0.032 0.478 -0.160
 0.029 0.999 0.014 -0.211
 -0.478 0.001 0.878 -0.005
 0.000 0.000 0.000 1.000)
Target Pos: 
(0.001 0.000 0.000 -0.175
 0.000 0.001 0.000 0.000
 0.000 0.000 0.001 0.000
 0.000 0.000 0.000 1.000)


TimeStamp: 2.4120311737060547
Pointerpos: 
(0.878 -0.032 0.478 -0.160
 0.029 0.999 0.014 -0.211
 -0.478 0.001 0.878 -0.005
 0.000 0.000 0.000 1.000)
Target Pos: 
(0.001 0.000 0.000 -0.175
 0.000 0.001 0.000 0.000
 0.000 0.000 0.001 0.000
 0.000 0.000 0.000 1.000)


TimeStamp: 2.428713083267212
Pointerpos: 
(0.878 -0.032 0.478 -0.160
 0.029 0.999 0.014 -0.211
 -0.478 0.001 0.878 -0.005
 0.000 0.000 0.000 1.000)
Target Pos: 
(0.001 0.000 0.000 -0.175
 0.000 0.001 0.000 0.000
 0.000 0.000 0.001 0.000
 0.000 0.000 0.000 1.000)


TimeStamp: 2.4453771114349365
Pointerpos: 
(0.878 -0.032 0.478 -0.160
 0.029 0.999 0.014 -0.211
 -0.478 0.001 0.878 -0.005
 0.000 0.000 0.000 1.000)
Target Pos: 
(0.001 0.000 0.000 -0.175
 0.000 0.001 0.000 0.000
 0.000 0.000 0.001 0.000
 0.000 0.000 0.000 1.000)


TimeStamp: 2.462055206298828
Pointerpos: 
(0.878 -0.032 0.478 -0.160
 0.029 0.999 0.014 -0.211
 -0.478 0.001 0.878 -0.005
 0.000 0.000 0.000 1.000)
Target Pos: 
(0.001 0.000 0.000 -0.175
 0.000 0.001 0.000 0.000
 0.000 0.000 0.001 0.000
 0.000 0.000 0.000 1.000)


TimeStamp: 2.4787211418151855
Pointerpos: 
(0.878 -0.032 0.478 -0.160
 0.029 0.999 0.014 -0.211
 -0.478 0.001 0.878 -0.005
 0.000 0.000 0.000 1.000)
Target Pos: 
(0.001 0.000 0.000 -0.175
 0.000 0.001 0.000 0.000
 0.000 0.000 0.001 0.000
 0.000 0.000 0.000 1.000)


TimeStamp: 2.495380163192749
Pointerpos: 
(0.878 -0.032 0.478 -0.160
 0.029 0.999 0.014 -0.211
 -0.478 0.001 0.878 -0.005
 0.000 0.000 0.000 1.000)
Target Pos: 
(0.001 0.000 0.000 -0.175
 0.000 0.001 0.000 0.000
 0.000 0.000 0.001 0.000
 0.000 0.000 0.000 1.000)


TimeStamp: 2.5120630264282227
Pointerpos: 
(0.878 -0.032 0.478 -0.160
 0.028 0.999 0.014 -0.211
 -0.478 0.001 0.878 -0.005
 0.000 0.000 0.000 1.000)
Target Pos: 
(0.001 0.000 0.000 -0.175
 0.000 0.001 0.000 0.000
 0.000 0.000 0.001 0.000
 0.000 0.000 0.000 1.000)


TimeStamp: 2.528736114501953
Pointerpos: 
(0.878 -0.032 0.478 -0.160
 0.029 0.999 0.014 -0.211
 -0.478 0.001 0.878 -0.005
 0.000 0.000 0.000 1.000)
Target Pos: 
(0.001 0.000 0.000 -0.175
 0.000 0.001 0.000 0.000
 0.000 0.000 0.001 0.000
 0.000 0.000 0.000 1.000)


TimeStamp: 2.54541015625
Pointerpos: 
(0.878 -0.032 0.478 -0.160
 0.029 0.999 0.014 -0.211
 -0.478 0.001 0.878 -0.005
 0.000 0.000 0.000 1.000)
Target Pos: 
(0.001 0.000 0.000 -0.175
 0.000 0.001 0.000 0.000
 0.000 0.000 0.001 0.000
 0.000 0.000 0.000 1.000)


TimeStamp: 2.5620791912078857
Pointerpos: 
(0.878 -0.032 0.478 -0.160
 0.029 0.999 0.014 -0.211
 -0.478 0.001 0.878 -0.005
 0.000 0.000 0.000 1.000)
Target Pos: 
(0.001 0.000 0.000 -0.175
 0.000 0.001 0.000 0.000
 0.000 0.000 0.001 0.000
 0.000 0.000 0.000 1.000)


TimeStamp: 2.5787601470947266
Pointerpos: 
(0.878 -0.032 0.478 -0.160
 0.028 0.999 0.014 -0.211
 -0.478 0.001 0.878 -0.005
 0.000 0.000 0.000 1.000)
Target Pos: 
(0.001 0.000 0.000 -0.175
 0.000 0.001 0.000 0.000
 0.000 0.000 0.001 0.000
 0.000 0.000 0.000 1.000)


TimeStamp: 2.595414161682129
Pointerpos: 
(0.878 -0.032 0.478 -0.160
 0.028 0.999 0.014 -0.211
 -0.478 0.001 0.878 -0.005
 0.000 0.000 0.000 1.000)
Target Pos: 
(0.001 0.000 0.000 -0.175
 0.000 0.001 0.000 0.000
 0.000 0.000 0.001 0.000
 0.000 0.000 0.000 1.000)


TimeStamp: 2.6120951175689697
Pointerpos: 
(0.878 -0.032 0.478 -0.160
 0.028 0.999 0.014 -0.211
 -0.478 0.001 0.878 -0.005
 0.000 0.000 0.000 1.000)
Target Pos: 
(0.001 0.000 0.000 -0.175
 0.000 0.001 0.000 0.000
 0.000 0.000 0.001 0.000
 0.000 0.000 0.000 1.000)


TimeStamp: 2.6287829875946045
Pointerpos: 
(0.878 -0.032 0.478 -0.160
 0.028 0.999 0.014 -0.211
 -0.478 0.001 0.878 -0.005
 0.000 0.000 0.000 1.000)
Target Pos: 
(0.001 0.000 0.000 -0.175
 0.000 0.001 0.000 0.000
 0.000 0.000 0.001 0.000
 0.000 0.000 0.000 1.000)


TimeStamp: 2.645462989807129
Pointerpos: 
(0.878 -0.032 0.478 -0.160
 0.028 0.999 0.014 -0.211
 -0.478 0.001 0.878 -0.005
 0.000 0.000 0.000 1.000)
Target Pos: 
(0.001 0.000 0.000 -0.175
 0.000 0.001 0.000 0.000
 0.000 0.000 0.001 0.000
 0.000 0.000 0.000 1.000)


TimeStamp: 2.662102222442627
Pointerpos: 
(0.878 -0.032 0.478 -0.160
 0.028 0.999 0.014 -0.211
 -0.478 0.001 0.878 -0.005
 0.000 0.000 0.000 1.000)
Target Pos: 
(0.001 0.000 0.000 -0.175
 0.000 0.001 0.000 0.000
 0.000 0.000 0.001 0.000
 0.000 0.000 0.000 1.000)


TimeStamp: 2.6787850856781006
Pointerpos: 
(0.878 -0.032 0.478 -0.160
 0.028 0.999 0.014 -0.211
 -0.478 0.001 0.878 -0.005
 0.000 0.000 0.000 1.000)
Target Pos: 
(0.001 0.000 0.000 -0.175
 0.000 0.001 0.000 0.000
 0.000 0.000 0.001 0.000
 0.000 0.000 0.000 1.000)


TimeStamp: 2.6954572200775146
Pointerpos: 
(0.878 -0.032 0.478 -0.160
 0.028 0.999 0.014 -0.211
 -0.478 0.001 0.878 -0.005
 0.000 0.000 0.000 1.000)
Target Pos: 
(0.001 0.000 0.000 -0.175
 0.000 0.001 0.000 0.000
 0.000 0.000 0.001 0.000
 0.000 0.000 0.000 1.000)


TimeStamp: 2.7121241092681885
Pointerpos: 
(0.878 -0.032 0.478 -0.160
 0.028 0.999 0.014 -0.211
 -0.478 0.001 0.878 -0.005
 0.000 0.000 0.000 1.000)
Target Pos: 
(0.001 0.000 0.000 -0.175
 0.000 0.001 0.000 0.000
 0.000 0.000 0.001 0.000
 0.000 0.000 0.000 1.000)


TimeStamp: 2.7288331985473633
Pointerpos: 
(0.878 -0.032 0.478 -0.160
 0.028 0.999 0.014 -0.211
 -0.478 0.001 0.878 -0.005
 0.000 0.000 0.000 1.000)
Target Pos: 
(0.001 0.000 0.000 -0.175
 0.000 0.001 0.000 0.000
 0.000 0.000 0.001 0.000
 0.000 0.000 0.000 1.000)


TimeStamp: 2.745483160018921
Pointerpos: 
(0.878 -0.032 0.478 -0.160
 0.028 0.999 0.014 -0.211
 -0.478 0.001 0.878 -0.005
 0.000 0.000 0.000 1.000)
Target Pos: 
(0.001 0.000 0.000 -0.175
 0.000 0.001 0.000 0.000
 0.000 0.000 0.001 0.000
 0.000 0.000 0.000 1.000)


TimeStamp: 2.762155055999756
Pointerpos: 
(0.878 -0.032 0.478 -0.160
 0.028 0.999 0.014 -0.211
 -0.478 0.001 0.878 -0.005
