TimeStamp: 0.048024892807006836
Pointerpos: 
(0.999 -0.041 0.022 0.031
 0.041 0.999 0.013 -0.211
 -0.023 -0.012 1.000 0.037
 0.000 0.000 0.000 1.000)
Target Pos: 
(0.001 0.000 0.000 -0.175
 0.000 0.001 0.000 0.000
 0.000 0.000 0.001 0.000
 0.000 0.000 0.000 1.000)


TimeStamp: 0.2385709285736084
Pointerpos: 
(0.999 -0.041 0.022 0.031
 0.041 0.999 0.013 -0.211
 -0.023 -0.012 1.000 0.037
 0.000 0.000 0.000 1.000)
Target Pos: 
(0.001 0.000 0.000 -0.175
 0.000 0.001 0.000 0.000
 0.000 0.000 0.001 0.000
 0.000 0.000 0.000 1.000)


TimeStamp: 0.25475597381591797
Pointerpos: 
(0.999 -0.041 0.022 0.031
 0.041 0.999 0.013 -0.211
 -0.023 -0.012 1.000 0.037
 0.000 0.000 0.000 1.000)
Target Pos: 
(0.001 0.000 0.000 -0.175
 0.000 0.001 0.000 0.000
 0.000 0.000 0.001 0.000
 0.000 0.000 0.000 1.000)


TimeStamp: 0.27239298820495605
Pointerpos: 
(0.999 -0.041 0.022 0.031
 0.041 0.999 0.013 -0.211
 -0.023 -0.012 1.000 0.037
 0.000 0.000 0.000 1.000)
Target Pos: 
(0.001 0.000 0.000 -0.175
 0.000 0.001 0.000 0.000
 0.000 0.000 0.001 0.000
 0.000 0.000 0.000 1.000)


TimeStamp: 0.28895092010498047
Pointerpos: 
(0.999 -0.041 0.022 0.031
 0.041 0.999 0.013 -0.211
 -0.023 -0.012 1.000 0.037
 0.000 0.000 0.000 1.000)
Target Pos: 
(0.001 0.000 0.000 -0.175
 0.000 0.001 0.000 0.000
 0.000 0.000 0.001 0.000
 0.000 0.000 0.000 1.000)


TimeStamp: 0.30497097969055176
Pointerpos: 
(0.999 -0.041 0.022 0.031
 0.041 0.999 0.013 -0.211
 -0.023 -0.012 1.000 0.037
 0.000 0.000 0.000 1.000)
Target Pos: 
(0.001 0.000 0.000 -0.175
 0.000 0.001 0.000 0.000
 0.000 0.000 0.001 0.000
 0.000 0.000 0.000 1.000)


TimeStamp: 0.3212919235229492
Pointerpos: 
(0.999 -0.041 0.022 0.031
 0.041 0.999 0.013 -0.211
 -0.023 -0.012 1.000 0.037
 0.000 0.000 0.000 1.000)
Target Pos: 
(0.001 0.000 0.000 -0.175
 0.000 0.001 0.000 0.000
 0.000 0.000 0.001 0.000
 0.000 0.000 0.000 1.000)


TimeStamp: 0.3379960060119629
Pointerpos: 
(0.999 -0.041 0.022 0.031
 0.041 0.999 0.013 -0.211
 -0.023 -0.012 1.000 0.037
 0.000 0.000 0.000 1.000)
Target Pos: 
(0.001 0.000 0.000 -0.175
 0.000 0.001 0.000 0.000
 0.000 0.000 0.001 0.000
 0.000 0.000 0.000 1.000)


TimeStamp: 0.3546469211578369
Pointerpos: 
(0.999 -0.041 0.022 0.031
 0.041 0.999 0.013 -0.211
 -0.023 -0.012 1.000 0.037
 0.000 0.000 0.000 1.000)
Target Pos: 
(0.001 0.000 0.000 -0.175
 0.000 0.001 0.000 0.000
 0.000 0.000 0.001 0.000
 0.000 0.000 0.000 1.000)


TimeStamp: 0.37137389183044434
Pointerpos: 
(0.999 -0.041 0.022 0.031
 0.041 0.999 0.013 -0.211
 -0.023 -0.012 1.000 0.037
 0.000 0.000 0.000 1.000)
Target Pos: 
(0.001 0.000 0.000 -0.175
 0.000 0.001 0.000 0.000
 0.000 0.000 0.001 0.000
 0.000 0.000 0.000 1.000)


TimeStamp: 0.38801097869873047
Pointerpos: 
(0.999 -0.041 0.022 0.031
 0.041 0.999 0.013 -0.211
 -0.023 -0.012 1.000 0.037
 0.000 0.000 0.000 1.000)
Target Pos: 
(0.001 0.000 0.000 -0.175
 0.000 0.001 0.000 0.000
 0.000 0.000 0.001 0.000
 0.000 0.000 0.000 1.000)


TimeStamp: 0.40454602241516113
Pointerpos: 
(0.999 -0.041 0.022 0.031
 0.041 0.999 0.013 -0.211
 -0.023 -0.012 1.000 0.037
 0.000 0.000 0.000 1.000)
Target Pos: 
(0.001 0.000 0.000 -0.175
 0.000 0.001 0.000 0.000
 0.000 0.000 0.001 0.000
 0.000 0.000 0.000 1.000)


TimeStamp: 0.4213418960571289
Pointerpos: 
(0.999 -0.041 0.022 0.031
 0.041 0.999 0.013 -0.211
 -0.023 -0.012 1.000 0.037
 0.000 0.000 0.000 1.000)
Target Pos: 
(0.001 0.000 0.000 -0.175
 0.000 0.001 0.000 0.000
 0.000 0.000 0.001 0.000
 0.000 0.000 0.000 1.000)


TimeStamp: 0.43801403045654297
Pointerpos: 
(0.999 -0.041 0.022 0.031
 0.041 0.999 0.013 -0.211
 -0.023 -0.012 1.000 0.037
 0.000 0.000 0.000 1.000)
Target Pos: 
(0.001 0.000 0.000 -0.175
 0.000 0.001 0.000 0.000
 0.000 0.000 0.001 0.000
 0.000 0.000 0.000 1.000)


TimeStamp: 0.4555208683013916
Pointerpos: 
(0.999 -0.041 0.022 0.031
 0.041 0.999 0.013 -0.211
 -0.023 -0.012 1.000 0.037
 0.000 0.000 0.000 1.000)
Target Pos: 
(0.001 0.000 0.000 -0.175
 0.000 0.001 0.000 0.000
 0.000 0.000 0.001 0.000
 0.000 0.000 0.000 1.000)


TimeStamp: 0.47217297554016113
Pointerpos: 
(0.999 -0.041 0.022 0.031
 0.041 0.999 0.013 -0.211
 -0.023 -0.012 1.000 0.037
 0.000 0.000 0.000 1.000)
Target Pos: 
(0.001 0.000 0.000 -0.175
 0.000 0.001 0.000 0.000
 0.000 0.000 0.001 0.000
 0.000 0.000 0.000 1.000)


TimeStamp: 0.48879003524780273
Pointerpos: 
(0.999 -0.041 0.022 0.031
 0.041 0.999 0.013 -0.211
 -0.023 -0.012 1.000 0.037
 0.000 0.000 0.000 1.000)
Target Pos: 
(0.001 0.000 0.000 -0.175
 0.000 0.001 0.000 0.000
 0.000 0.000 0.001 0.000
 0.000 0.000 0.000 1.000)


TimeStamp: 0.505483865737915
Pointerpos: 
(0.999 -0.041 0.022 0.031
 0.041 0.999 0.013 -0.211
 -0.023 -0.012 1.000 0.037
 0.000 0.000 0.000 1.000)
Target Pos: 
(0.001 0.000 0.000 -0.175
 0.000 0.001 0.000 0.000
 0.000 0.000 0.001 0.000
 0.000 0.000 0.000 1.000)


TimeStamp: 0.5221679210662842
Pointerpos: 
(0.999 -0.041 0.022 0.031
 0.041 0.999 0.013 -0.211
 -0.023 -0.012 1.000 0.037
 0.000 0.000 0.000 1.000)
Target Pos: 
(0.001 0.000 0.000 -0.175
 0.000 0.001 0.000 0.000
 0.000 0.000 0.001 0.000
 0.000 0.000 0.000 1.000)


TimeStamp: 0.5388469696044922
Pointerpos: 
(0.999 -0.041 0.022 0.031
 0.041 0.999 0.013 -0.211
 -0.023 -0.012 1.000 0.037
 0.000 0.000 0.000 1.000)
Target Pos: 
(0.001 0.000 0.000 -0.175
 0.000 0.001 0.000 0.000
 0.000 0.000 0.001 0.000
 0.000 0.000 0.000 1.000)


TimeStamp: 0.5564289093017578
Pointerpos: 
(0.999 -0.041 0.022 0.031
 0.041 0.999 0.013 -0.211
 -0.023 -0.012 1.000 0.037
 0.000 0.000 0.000 1.000)
Target Pos: 
(0.001 0.000 0.000 -0.175
 0.000 0.001 0.000 0.000
 0.000 0.000 0.001 0.000
 0.000 0.000 0.000 1.000)


TimeStamp: 0.5722320079803467
Pointerpos: 
(0.999 -0.041 0.022 0.031
 0.041 0.999 0.013 -0.211
 -0.023 -0.012 1.000 0.037
 0.000 0.000 0.000 1.000)
Target Pos: 
(0.001 0.000 0.000 -0.175
 0.000 0.001 0.000 0.000
 0.000 0.000 0.001 0.000
 0.000 0.000 0.000 1.000)


TimeStamp: 0.5889239311218262
Pointerpos: 
(0.999 -0.041 0.022 0.031
 0.041 0.999 0.013 -0.211
 -0.022 -0.012 1.000 0.037
 0.000 0.000 0.000 1.000)
Target Pos: 
(0.001 0.000 0.000 -0.175
 0.000 0.001 0.000 0.000
 0.000 0.000 0.001 0.000
 0.000 0.000 0.000 1.000)


TimeStamp: 0.6055889129638672
Pointerpos: 
(0.999 -0.041 0.022 0.031
 0.041 0.999 0.013 -0.211
 -0.022 -0.012 1.000 0.037
 0.000 0.000 0.000 1.000)
Target Pos: 
(0.001 0.000 0.000 -0.175
 0.000 0.001 0.000 0.000
 0.000 0.000 0.001 0.000
 0.000 0.000 0.000 1.000)


TimeStamp: 0.6222958564758301
Pointerpos: 
(0.999 -0.041 0.022 0.031
 0.041 0.999 0.013 -0.211
 -0.022 -0.012 1.000 0.037
 0.000 0.000 0.000 1.000)
Target Pos: 
(0.001 0.000 0.000 -0.175
 0.000 0.001 0.000 0.000
 0.000 0.000 0.001 0.000
 0.000 0.000 0.000 1.000)


TimeStamp: 0.6389749050140381
Pointerpos: 
(0.999 -0.041 0.022 0.031
 0.041 0.999 0.013 -0.211
 -0.022 -0.012 1.000 0.037
 0.000 0.000 0.000 1.000)
Target Pos: 
(0.001 0.000 0.000 -0.175
 0.000 0.001 0.000 0.000
 0.000 0.000 0.001 0.000
 0.000 0.000 0.000 1.000)


TimeStamp: 0.6556880474090576
Pointerpos: 
(0.999 -0.041 0.022 0.031
 0.041 0.999 0.013 -0.211
 -0.022 -0.012 1.000 0.037
 0.000 0.000 0.000 1.000)
Target Pos: 
(0.001 0.000 0.000 -0.175
 0.000 0.001 0.000 0.000
 0.000 0.000 0.001 0.000
 0.000 0.000 0.000 1.000)


TimeStamp: 0.6732008457183838
Pointerpos: 
(0.999 -0.041 0.022 0.031
 0.041 0.999 0.013 -0.211
 -0.022 -0.012 1.000 0.037
 0.000 0.000 0.000 1.000)
Target Pos: 
(0.001 0.000 0.000 -0.175
 0.000 0.001 0.000 0.000
 0.000 0.000 0.001 0.000
 0.000 0.000 0.000 1.000)


TimeStamp: 0.6890978813171387
Pointerpos: 
(0.999 -0.041 0.022 0.031
 0.041 0.999 0.013 -0.211
 -0.023 -0.012 1.000 0.037
 0.000 0.000 0.000 1.000)
Target Pos: 
(0.001 0.000 0.000 -0.175
 0.000 0.001 0.000 0.000
 0.000 0.000 0.001 0.000
 0.000 0.000 0.000 1.000)


TimeStamp: 0.708115816116333
Pointerpos: 
(0.999 -0.041 0.022 0.031
 0.041 0.999 0.013 -0.211
 -0.023 -0.012 1.000 0.037
 0.000 0.000 0.000 1.000)
Target Pos: 
(0.001 0.000 0.000 -0.175
 0.000 0.001 0.000 0.000
 0.000 0.000 0.001 0.000
 0.000 0.000 0.000 1.000)


TimeStamp: 0.7231559753417969
Pointerpos: 
(0.999 -0.041 0.022 0.031
 0.041 0.999 0.013 -0.211
 -0.023 -0.012 1.000 0.037
 0.000 0.000 0.000 1.000)
Target Pos: 
(0.001 0.000 0.000 -0.175
 0.000 0.001 0.000 0.000
 0.000 0.000 0.001 0.000
 0.000 0.000 0.000 1.000)


TimeStamp: 0.7398040294647217
Pointerpos: 
(0.999 -0.041 0.022 0.031
 0.041 0.999 0.013 -0.211
 -0.023 -0.012 1.000 0.037
 0.000 0.000 0.000 1.000)
Target Pos: 
(0.001 0.000 0.000 -0.175
 0.000 0.001 0.000 0.000
 0.000 0.000 0.001 0.000
 0.000 0.000 0.000 1.000)


TimeStamp: 0.7564740180969238
Pointerpos: 
(0.999 -0.041 0.022 0.031
 0.041 0.999 0.013 -0.211
 -0.023 -0.012 1.000 0.037
 0.000 0.000 0.000 1.000)
Target Pos: 
(0.001 0.000 0.000 -0.175
 0.000 0.001 0.000 0.000
 0.000 0.000 0.001 0.000
 0.000 0.000 0.000 1.000)


TimeStamp: 0.7731389999389648
Pointerpos: 
(0.999 -0.041 0.022 0.031
 0.041 0.999 0.013 -0.211
 -0.023 -0.012 1.000 0.037
 0.000 0.000 0.000 1.000)
Target Pos: 
(0.001 0.000 0.000 -0.175
 0.000 0.001 0.000 0.000
 0.000 0.000 0.001 0.000
 0.000 0.000 0.000 1.000)


TimeStamp: 0.7898249626159668
Pointerpos: 
(0.999 -0.041 0.022 0.031
 0.041 0.999 0.013 -0.211
 -0.023 -0.012 1.000 0.037
 0.000 0.000 0.000 1.000)
Target Pos: 
(0.001 0.000 0.000 -0.175
 0.000 0.001 0.000 0.000
 0.000 0.000 0.001 0.000
 0.000 0.000 0.000 1.000)


TimeStamp: 0.806520938873291
Pointerpos: 
(0.999 -0.041 0.022 0.031
 0.041 0.999 0.013 -0.211
 -0.023 -0.012 1.000 0.037
 0.000 0.000 0.000 1.000)
Target Pos: 
(0.001 0.000 0.000 -0.175
 0.000 0.001 0.000 0.000
 0.000 0.000 0.001 0.000
 0.000 0.000 0.000 1.000)


TimeStamp: 0.8232269287109375
Pointerpos: 
(0.999 -0.041 0.022 0.031
 0.041 0.999 0.013 -0.211
 -0.023 -0.012 1.000 0.037
 0.000 0.000 0.000 1.000)
Target Pos: 
(0.001 0.000 0.000 -0.175
 0.000 0.001 0.000 0.000
 0.000 0.000 0.001 0.000
 0.000 0.000 0.000 1.000)


TimeStamp: 0.8398809432983398
Pointerpos: 
(0.999 -0.041 0.022 0.031
 0.041 0.999 0.013 -0.211
 -0.022 -0.012 1.000 0.037
 0.000 0.000 0.000 1.000)
Target Pos: 
(0.001 0.000 0.000 -0.175
 0.000 0.001 0.000 0.000
 0.000 0.000 0.001 0.000
 0.000 0.000 0.000 1.000)


TimeStamp: 0.8578648567199707
Pointerpos: 
(0.999 -0.041 0.022 0.031
 0.041 0.999 0.013 -0.211
 -0.022 -0.012 1.000 0.037
 0.000 0.000 0.000 1.000)
Target Pos: 
(0.001 0.000 0.000 -0.175
 0.000 0.001 0.000 0.000
 0.000 0.000 0.001 0.000
 0.000 0.000 0.000 1.000)


TimeStamp: 0.8738079071044922
Pointerpos: 
(0.999 -0.041 0.022 0.031
 0.041 0.999 0.013 -0.211
 -0.022 -0.012 1.000 0.037
 0.000 0.000 0.000 1.000)
Target Pos: 
(0.001 0.000 0.000 -0.175
 0.000 0.001 0.000 0.000
 0.000 0.000 0.001 0.000
 0.000 0.000 0.000 1.000)


TimeStamp: 0.8904628753662109
Pointerpos: 
(0.999 -0.041 0.022 0.031
 0.041 0.999 0.013 -0.211
 -0.022 -0.012 1.000 0.037
 0.000 0.000 0.000 1.000)
Target Pos: 
(0.001 0.000 0.000 -0.175
 0.000 0.001 0.000 0.000
 0.000 0.000 0.001 0.000
 0.000 0.000 0.000 1.000)


TimeStamp: 0.9071149826049805
Pointerpos: 
(0.999 -0.041 0.022 0.031
 0.041 0.999 0.013 -0.211
 -0.022 -0.012 1.000 0.037
 0.000 0.000 0.000 1.000)
Target Pos: 
(0.001 0.000 0.000 -0.175
 0.000 0.001 0.000 0.000
 0.000 0.000 0.001 0.000
 0.000 0.000 0.000 1.000)


TimeStamp: 0.9238498210906982
Pointerpos: 
(0.999 -0.041 0.022 0.031
 0.041 0.999 0.013 -0.211
 -0.022 -0.012 1.000 0.037
 0.000 0.000 0.000 1.000)
Target Pos: 
(0.001 0.000 0.000 -0.175
 0.000 0.001 0.000 0.000
 0.000 0.000 0.001 0.000
 0.000 0.000 0.000 1.000)


TimeStamp: 0.9404230117797852
Pointerpos: 
(0.999 -0.041 0.022 0.031
 0.041 0.999 0.013 -0.211
 -0.022 -0.012 1.000 0.037
 0.000 0.000 0.000 1.000)
Target Pos: 
(0.001 0.000 0.000 -0.175
 0.000 0.001 0.000 0.000
 0.000 0.000 0.001 0.000
 0.000 0.000 0.000 1.000)


TimeStamp: 0.9572069644927979
Pointerpos: 
(0.999 -0.041 0.022 0.031
 0.041 0.999 0.013 -0.211
 -0.022 -0.012 1.000 0.037
 0.000 0.000 0.000 1.000)
Target Pos: 
(0.001 0.000 0.000 -0.175
 0.000 0.001 0.000 0.000
 0.000 0.000 0.001 0.000
 0.000 0.000 0.000 1.000)


TimeStamp: 0.9738898277282715
Pointerpos: 
(0.999 -0.041 0.022 0.031
 0.041 0.999 0.013 -0.211
 -0.022 -0.012 1.000 0.037
 0.000 0.000 0.000 1.000)
Target Pos: 
(0.001 0.000 0.000 -0.175
 0.000 0.001 0.000 0.000
 0.000 0.000 0.001 0.000
 0.000 0.000 0.000 1.000)


TimeStamp: 0.9904239177703857
Pointerpos: 
(0.999 -0.041 0.022 0.031
 0.041 0.999 0.013 -0.211
 -0.022 -0.012 1.000 0.037
 0.000 0.000 0.000 1.000)
Target Pos: 
(0.001 0.000 0.000 -0.175
 0.000 0.001 0.000 0.000
 0.000 0.000 0.001 0.000
 0.000 0.000 0.000 1.000)


TimeStamp: 1.0071148872375488
Pointerpos: 
(0.999 -0.041 0.022 0.031
 0.041 0.999 0.013 -0.211
 -0.022 -0.012 1.000 0.037
 0.000 0.000 0.000 1.000)
Target Pos: 
(0.001 0.000 0.000 -0.175
 0.000 0.001 0.000 0.000
 0.000 0.000 0.001 0.000
 0.000 0.000 0.000 1.000)


TimeStamp: 1.023803949356079
Pointerpos: 
(0.999 -0.041 0.022 0.031
 0.041 0.999 0.013 -0.211
 -0.022 -0.012 1.000 0.037
 0.000 0.000 0.000 1.000)
Target Pos: 
(0.001 0.000 0.000 -0.175
 0.000 0.001 0.000 0.000
 0.000 0.000 0.001 0.000
 0.000 0.000 0.000 1.000)


TimeStamp: 1.0404720306396484
Pointerpos: 
(0.999 -0.041 0.022 0.031
 0.041 0.999 0.013 -0.211
 -0.022 -0.012 1.000 0.037
 0.000 0.000 0.000 1.000)
Target Pos: 
(0.001 0.000 0.000 -0.175
 0.000 0.001 0.000 0.000
 0.000 0.000 0.001 0.000
 0.000 0.000 0.000 1.000)


TimeStamp: 1.057149887084961
Pointerpos: 
(0.999 -0.041 0.022 0.031
 0.041 0.999 0.013 -0.211
 -0.022 -0.012 1.000 0.037
 0.000 0.000 0.000 1.000)
Target Pos: 
(0.001 0.000 0.000 -0.175
 0.000 0.001 0.000 0.000
 0.000 0.000 0.001 0.000
 0.000 0.000 0.000 1.000)


TimeStamp: 1.073951005935669
Pointerpos: 
(0.999 -0.041 0.022 0.031
 0.041 0.999 0.013 -0.211
 -0.022 -0.012 1.000 0.037
 0.000 0.000 0.000 1.000)
Target Pos: 
(0.001 0.000 0.000 -0.175
 0.000 0.001 0.000 0.000
 0.000 0.000 0.001 0.000
 0.000 0.000 0.000 1.000)


TimeStamp: 1.0904860496520996
Pointerpos: 
(0.999 -0.041 0.022 0.031
 0.041 0.999 0.013 -0.211
 -0.022 -0.012 1.000 0.037
 0.000 0.000 0.000 1.000)
Target Pos: 
(0.001 0.000 0.000 -0.175
 0.000 0.001 0.000 0.000
 0.000 0.000 0.001 0.000
 0.000 0.000 0.000 1.000)


TimeStamp: 1.1071569919586182
Pointerpos: 
(0.999 -0.041 0.022 0.031
 0.041 0.999 0.013 -0.211
 -0.023 -0.012 1.000 0.037
 0.000 0.000 0.000 1.000)
Target Pos: 
(0.001 0.000 0.000 -0.175
 0.000 0.001 0.000 0.000
 0.000 0.000 0.001 0.000
 0.000 0.000 0.000 1.000)


TimeStamp: 1.1238410472869873
Pointerpos: 
(0.999 -0.041 0.022 0.031
 0.041 0.999 0.013 -0.211
 -0.023 -0.012 1.000 0.037
 0.000 0.000 0.000 1.000)
Target Pos: 
(0.001 0.000 0.000 -0.175
 0.000 0.001 0.000 0.000
 0.000 0.000 0.001 0.000
 0.000 0.000 0.000 1.000)


TimeStamp: 1.140516996383667
Pointerpos: 
(0.999 -0.041 0.022 0.031
 0.041 0.999 0.013 -0.211
 -0.023 -0.012 1.000 0.037
 0.000 0.000 0.000 1.000)
Target Pos: 
(0.001 0.000 0.000 -0.175
 0.000 0.001 0.000 0.000
 0.000 0.000 0.001 0.000
 0.000 0.000 0.000 1.000)


TimeStamp: 1.1571910381317139
Pointerpos: 
(0.999 -0.041 0.022 0.031
 0.041 0.999 0.013 -0.211
 -0.023 -0.012 1.000 0.037
 0.000 0.000 0.000 1.000)
Target Pos: 
(0.001 0.000 0.000 -0.175
 0.000 0.001 0.000 0.000
 0.000 0.000 0.001 0.000
 0.000 0.000 0.000 1.000)


TimeStamp: 1.1738688945770264
Pointerpos: 
(0.999 -0.041 0.022 0.031
 0.041 0.999 0.013 -0.211
 -0.023 -0.012 1.000 0.037
 0.000 0.000 0.000 1.000)
Target Pos: 
(0.001 0.000 0.000 -0.175
 0.000 0.001 0.000 0.000
 0.000 0.000 0.001 0.000
 0.000 0.000 0.000 1.000)


TimeStamp: 1.1905460357666016
Pointerpos: 
(0.999 -0.041 0.022 0.031
 0.041 0.999 0.013 -0.211
 -0.023 -0.012 1.000 0.037
 0.000 0.000 0.000 1.000)
Target Pos: 
(0.001 0.000 0.000 -0.175
 0.000 0.001 0.000 0.000
 0.000 0.000 0.001 0.000
 0.000 0.000 0.000 1.000)


TimeStamp: 1.2072298526763916
Pointerpos: 
(0.999 -0.041 0.022 0.031
 0.041 0.999 0.013 -0.211
 -0.023 -0.012 1.000 0.037
 0.000 0.000 0.000 1.000)
Target Pos: 
(0.001 0.000 0.000 -0.175
 0.000 0.001 0.000 0.000
 0.000 0.000 0.001 0.000
 0.000 0.000 0.000 1.000)


TimeStamp: 1.2239198684692383
Pointerpos: 
(0.999 -0.041 0.022 0.031
 0.041 0.999 0.013 -0.211
 -0.023 -0.012 1.000 0.037
 0.000 0.000 0.000 1.000)
Target Pos: 
(0.001 0.000 0.000 -0.175
 0.000 0.001 0.000 0.000
 0.000 0.000 0.001 0.000
 0.000 0.000 0.000 1.000)


TimeStamp: 1.2405829429626465
Pointerpos: 
(0.999 -0.041 0.022 0.031
 0.041 0.999 0.013 -0.211
 -0.023 -0.012 1.000 0.037
 0.000 0.000 0.000 1.000)
Target Pos: 
(0.001 0.000 0.000 -0.175
 0.000 0.001 0.000 0.000
 0.000 0.000 0.001 0.000
 0.000 0.000 0.000 1.000)


TimeStamp: 1.2572598457336426
Pointerpos: 
(0.999 -0.041 0.022 0.031
 0.041 0.999 0.013 -0.211
 -0.023 -0.012 1.000 0.037
 0.000 0.000 0.000 1.000)
Target Pos: 
(0.001 0.000 0.000 -0.175
 0.000 0.001 0.000 0.000
 0.000 0.000 0.001 0.000
 0.000 0.000 0.000 1.000)


TimeStamp: 1.273932933807373
Pointerpos: 
(0.999 -0.041 0.022 0.031
 0.041 0.999 0.013 -0.211
 -0.023 -0.012 1.000 0.037
 0.000 0.000 0.000 1.000)
Target Pos: 
(0.001 0.000 0.000 -0.175
 0.000 0.001 0.000 0.000
 0.000 0.000 0.001 0.000
 0.000 0.000 0.000 1.000)


TimeStamp: 1.2906129360198975
Pointerpos: 
(0.999 -0.041 0.022 0.031
 0.041 0.999 0.013 -0.211
 -0.023 -0.012 1.000 0.037
 0.000 0.000 0.000 1.000)
Target Pos: 
(0.001 0.000 0.000 -0.175
 0.000 0.001 0.000 0.000
 0.000 0.000 0.001 0.000
 0.000 0.000 0.000 1.000)


TimeStamp: 1.3072898387908936
Pointerpos: 
(0.999 -0.041 0.022 0.031
 0.041 0.999 0.013 -0.211
 -0.023 -0.012 1.000 0.037
 0.000 0.000 0.000 1.000)
Target Pos: 
(0.001 0.000 0.000 -0.175
 0.000 0.001 0.000 0.000
 0.000 0.000 0.001 0.000
 0.000 0.000 0.000 1.000)


TimeStamp: 1.3239789009094238
Pointerpos: 
(0.999 -0.041 0.022 0.031
 0.041 0.999 0.013 -0.211
 -0.023 -0.012 1.000 0.037
 0.000 0.000 0.000 1.000)
Target Pos: 
(0.001 0.000 0.000 -0.175
 0.000 0.001 0.000 0.000
 0.000 0.000 0.001 0.000
 0.000 0.000 0.000 1.000)


TimeStamp: 1.3406388759613037
Pointerpos: 
(0.999 -0.041 0.022 0.031
 0.041 0.999 0.013 -0.211
 -0.023 -0.012 1.000 0.037
 0.000 0.000 0.000 1.000)
Target Pos: 
(0.001 0.000 0.000 -0.175
 0.000 0.001 0.000 0.000
 0.000 0.000 0.001 0.000
 0.000 0.000 0.000 1.000)


TimeStamp: 1.3573148250579834
Pointerpos: 
(0.999 -0.041 0.022 0.031
 0.041 0.999 0.013 -0.211
 -0.023 -0.012 1.000 0.037
 0.000 0.000 0.000 1.000)
Target Pos: 
(0.001 0.000 0.000 -0.175
 0.000 0.001 0.000 0.000
 0.000 0.000 0.001 0.000
 0.000 0.000 0.000 1.000)


TimeStamp: 1.373992919921875
Pointerpos: 
(0.999 -0.041 0.022 0.031
 0.041 0.999 0.013 -0.211
 -0.023 -0.012 1.000 0.037
 0.000 0.000 0.000 1.000)
Target Pos: 
(0.001 0.000 0.000 -0.175
 0.000 0.001 0.000 0.000
 0.000 0.000 0.001 0.000
 0.000 0.000 0.000 1.000)


TimeStamp: 1.3906738758087158
Pointerpos: 
(0.999 -0.041 0.022 0.031
 0.041 0.999 0.013 -0.211
 -0.023 -0.012 1.000 0.037
 0.000 0.000 0.000 1.000)
Target Pos: 
(0.001 0.000 0.000 -0.175
 0.000 0.001 0.000 0.000
 0.000 0.000 0.001 0.000
 0.000 0.000 0.000 1.000)


TimeStamp: 1.4073529243469238
Pointerpos: 
(0.999 -0.041 0.022 0.031
 0.041 0.999 0.013 -0.211
 -0.023 -0.012 1.000 0.037
 0.000 0.000 0.000 1.000)
Target Pos: 
(0.001 0.000 0.000 -0.175
 0.000 0.001 0.000 0.000
 0.000 0.000 0.001 0.000
 0.000 0.000 0.000 1.000)


TimeStamp: 1.4240238666534424
Pointerpos: 
(0.999 -0.041 0.022 0.031
 0.041 0.999 0.013 -0.211
 -0.023 -0.012 1.000 0.037
 0.000 0.000 0.000 1.000)
Target Pos: 
(0.001 0.000 0.000 -0.175
 0.000 0.001 0.000 0.000
 0.000 0.000 0.001 0.000
 0.000 0.000 0.000 1.000)


TimeStamp: 1.4407069683074951
Pointerpos: 
(0.999 -0.041 0.022 0.031
 0.041 0.999 0.013 -0.211
 -0.023 -0.012 1.000 0.037
 0.000 0.000 0.000 1.000)
Target Pos: 
(0.001 0.000 0.000 -0.175
 0.000 0.001 0.000 0.000
 0.000 0.000 0.001 0.000
 0.000 0.000 0.000 1.000)


TimeStamp: 1.4573829174041748
Pointerpos: 
(0.999 -0.041 0.022 0.031
 0.041 0.999 0.013 -0.211
 -0.023 -0.012 1.000 0.037
 0.000 0.000 0.000 1.000)
Target Pos: 
(0.001 0.000 0.000 -0.175
 0.000 0.001 0.000 0.000
 0.000 0.000 0.001 0.000
 0.000 0.000 0.000 1.000)


TimeStamp: 1.474059820175171
Pointerpos: 
(0.999 -0.041 0.022 0.031
 0.041 0.999 0.013 -0.211
 -0.023 -0.012 1.000 0.037
 0.000 0.000 0.000 1.000)
Target Pos: 
(0.001 0.000 0.000 -0.175
 0.000 0.001 0.000 0.000
 0.000 0.000 0.001 0.000
 0.000 0.000 0.000 1.000)


TimeStamp: 1.490731954574585
Pointerpos: 
(0.999 -0.041 0.022 0.031
 0.041 0.999 0.013 -0.211
 -0.023 -0.012 1.000 0.037
 0.000 0.000 0.000 1.000)
Target Pos: 
(0.001 0.000 0.000 -0.175
 0.000 0.001 0.000 0.000
 0.000 0.000 0.001 0.000
 0.000 0.000 0.000 1.000)


TimeStamp: 1.5074079036712646
Pointerpos: 
(0.999 -0.041 0.022 0.031
 0.041 0.999 0.013 -0.211
 -0.023 -0.012 1.000 0.037
 0.000 0.000 0.000 1.000)
Target Pos: 
(0.001 0.000 0.000 -0.175
 0.000 0.001 0.000 0.000
 0.000 0.000 0.001 0.000
 0.000 0.000 0.000 1.000)


TimeStamp: 1.5240819454193115
Pointerpos: 
(0.999 -0.041 0.022 0.031
 0.041 0.999 0.013 -0.211
 -0.023 -0.012 1.000 0.037
 0.000 0.000 0.000 1.000)
Target Pos: 
(0.001 0.000 0.000 -0.175
 0.000 0.001 0.000 0.000
 0.000 0.000 0.001 0.000
 0.000 0.000 0.000 1.000)


TimeStamp: 1.5407569408416748
Pointerpos: 
(0.999 -0.041 0.022 0.031
 0.041 0.999 0.013 -0.211
 -0.023 -0.012 1.000 0.037
 0.000 0.000 0.000 1.000)
Target Pos: 
(0.001 0.000 0.000 -0.175
 0.000 0.001 0.000 0.000
 0.000 0.000 0.001 0.000
 0.000 0.000 0.000 1.000)


TimeStamp: 1.5574438571929932
Pointerpos: 
(0.999 -0.041 0.022 0.031
 0.041 0.999 0.013 -0.211
 -0.023 -0.012 1.000 0.037
 0.000 0.000 0.000 1.000)
Target Pos: 
(0.001 0.000 0.000 -0.175
 0.000 0.001 0.000 0.000
 0.000 0.000 0.001 0.000
 0.000 0.000 0.000 1.000)


TimeStamp: 1.5741169452667236
Pointerpos: 
(0.999 -0.041 0.022 0.031
 0.041 0.999 0.013 -0.211
 -0.023 -0.012 1.000 0.037
 0.000 0.000 0.000 1.000)
Target Pos: 
(0.001 0.000 0.000 -0.175
 0.000 0.001 0.000 0.000
 0.000 0.000 0.001 0.000
 0.000 0.000 0.000 1.000)


TimeStamp: 1.5907928943634033
Pointerpos: 
(0.999 -0.041 0.022 0.031
 0.041 0.999 0.013 -0.211
 -0.023 -0.012 1.000 0.037
 0.000 0.000 0.000 1.000)
Target Pos: 
(0.001 0.000 0.000 -0.175
 0.000 0.001 0.000 0.000
 0.000 0.000 0.001 0.000
 0.000 0.000 0.000 1.000)


TimeStamp: 1.607468843460083
Pointerpos: 
(0.999 -0.041 0.022 0.031
 0.041 0.999 0.013 -0.211
 -0.023 -0.012 1.000 0.037
 0.000 0.000 0.000 1.000)
Target Pos: 
(0.001 0.000 0.000 -0.175
 0.000 0.001 0.000 0.000
 0.000 0.000 0.001 0.000
 0.000 0.000 0.000 1.000)


TimeStamp: 1.624147891998291
Pointerpos: 
(0.999 -0.041 0.022 0.031
 0.041 0.999 0.013 -0.211
 -0.023 -0.012 1.000 0.037
 0.000 0.000 0.000 1.000)
Target Pos: 
(0.001 0.000 0.000 -0.175
 0.000 0.001 0.000 0.000
 0.000 0.000 0.001 0.000
 0.000 0.000 0.000 1.000)


TimeStamp: 1.6408250331878662
Pointerpos: 
(0.999 -0.041 0.022 0.031
 0.041 0.999 0.013 -0.211
 -0.023 -0.012 1.000 0.037
 0.000 0.000 0.000 1.000)
Target Pos: 
(0.001 0.000 0.000 -0.175
 0.000 0.001 0.000 0.000
 0.000 0.000 0.001 0.000
 0.000 0.000 0.000 1.000)


TimeStamp: 1.6574969291687012
Pointerpos: 
(0.999 -0.041 0.022 0.031
 0.041 0.999 0.013 -0.211
 -0.023 -0.012 1.000 0.037
 0.000 0.000 0.000 1.000)
Target Pos: 
(0.001 0.000 0.000 -0.175
 0.000 0.001 0.000 0.000
 0.000 0.000 0.001 0.000
 0.000 0.000 0.000 1.000)


TimeStamp: 1.6741750240325928
Pointerpos: 
(0.999 -0.041 0.022 0.031
 0.041 0.999 0.013 -0.211
 -0.023 -0.012 1.000 0.037
 0.000 0.000 0.000 1.000)
Target Pos: 
(0.001 0.000 0.000 -0.175
 0.000 0.001 0.000 0.000
 0.000 0.000 0.001 0.000
 0.000 0.000 0.000 1.000)


TimeStamp: 1.6908469200134277
Pointerpos: 
(0.999 -0.041 0.022 0.031
 0.041 0.999 0.013 -0.211
 -0.023 -0.012 1.000 0.037
 0.000 0.000 0.000 1.000)
Target Pos: 
(0.001 0.000 0.000 -0.175
 0.000 0.001 0.000 0.000
 0.000 0.000 0.001 0.000
 0.000 0.000 0.000 1.000)


TimeStamp: 1.7075250148773193
Pointerpos: 
(0.999 -0.041 0.022 0.031
 0.041 0.999 0.013 -0.211
 -0.023 -0.012 1.000 0.037
 0.000 0.000 0.000 1.000)
Target Pos: 
(0.001 0.000 0.000 -0.175
 0.000 0.001 0.000 0.000
 0.000 0.000 0.001 0.000
 0.000 0.000 0.000 1.000)


TimeStamp: 1.7242019176483154
Pointerpos: 
(0.999 -0.041 0.022 0.031
 0.041 0.999 0.013 -0.211
 -0.023 -0.012 1.000 0.037
 0.000 0.000 0.000 1.000)
Target Pos: 
(0.001 0.000 0.000 -0.175
 0.000 0.001 0.000 0.000
 0.000 0.000 0.001 0.000
 0.000 0.000 0.000 1.000)


TimeStamp: 1.740880012512207
Pointerpos: 
(0.999 -0.041 0.022 0.031
 0.041 0.999 0.013 -0.211
 -0.023 -0.012 1.000 0.037
 0.000 0.000 0.000 1.000)
Target Pos: 
(0.001 0.000 0.000 -0.175
 0.000 0.001 0.000 0.000
 0.000 0.000 0.001 0.000
 0.000 0.000 0.000 1.000)


TimeStamp: 1.7575578689575195
Pointerpos: 
(0.999 -0.041 0.022 0.031
 0.041 0.999 0.013 -0.211
 -0.023 -0.012 1.000 0.037
 0.000 0.000 0.000 1.000)
Target Pos: 
(0.001 0.000 0.000 -0.175
 0.000 0.001 0.000 0.000
 0.000 0.000 0.001 0.000
 0.000 0.000 0.000 1.000)


TimeStamp: 1.7742350101470947
Pointerpos: 
(0.999 -0.041 0.022 0.031
 0.041 0.999 0.013 -0.211
 -0.023 -0.012 1.000 0.037
 0.000 0.000 0.000 1.000)
Target Pos: 
(0.001 0.000 0.000 -0.175
 0.000 0.001 0.000 0.000
 0.000 0.000 0.001 0.000
 0.000 0.000 0.000 1.000)


TimeStamp: 1.7909069061279297
Pointerpos: 
(0.999 -0.041 0.022 0.031
 0.040 0.999 0.013 -0.211
 -0.023 -0.012 1.000 0.037
 0.000 0.000 0.000 1.000)
Target Pos: 
(0.001 0.000 0.000 -0.175
 0.000 0.001 0.000 0.000
 0.000 0.000 0.001 0.000
 0.000 0.000 0.000 1.000)


TimeStamp: 1.8075850009918213
Pointerpos: 
(0.999 -0.041 0.022 0.031
 0.040 0.999 0.013 -0.211
 -0.023 -0.012 1.000 0.037
 0.000 0.000 0.000 1.000)
Target Pos: 
(0.001 0.000 0.000 -0.175
 0.000 0.001 0.000 0.000
 0.000 0.000 0.001 0.000
 0.000 0.000 0.000 1.000)


TimeStamp: 1.8242599964141846
Pointerpos: 
(0.999 -0.041 0.022 0.031
 0.040 0.999 0.013 -0.211
 -0.023 -0.012 1.000 0.037
 0.000 0.000 0.000 1.000)
Target Pos: 
(0.001 0.000 0.000 -0.175
 0.000 0.001 0.000 0.000
 0.000 0.000 0.001 0.000
 0.000 0.000 0.000 1.000)


TimeStamp: 1.8409359455108643
Pointerpos: 
(0.999 -0.041 0.022 0.031
 0.040 0.999 0.013 -0.211
 -0.023 -0.012 1.000 0.037
 0.000 0.000 0.000 1.000)
Target Pos: 
(0.001 0.000 0.000 -0.175
 0.000 0.001 0.000 0.000
 0.000 0.000 0.001 0.000
 0.000 0.000 0.000 1.000)


TimeStamp: 1.8575918674468994
Pointerpos: 
(0.999 -0.041 0.022 0.031
 0.040 0.999 0.013 -0.211
 -0.023 -0.012 1.000 0.037
 0.000 0.000 0.000 1.000)
Target Pos: 
(0.001 0.000 0.000 -0.175
 0.000 0.001 0.000 0.000
 0.000 0.000 0.001 0.000
 0.000 0.000 0.000 1.000)


TimeStamp: 1.874258041381836
Pointerpos: 
(0.999 -0.041 0.022 0.031
 0.040 0.999 0.013 -0.211
 -0.023 -0.012 1.000 0.037
 0.000 0.000 0.000 1.000)
Target Pos: 
(0.001 0.000 0.000 -0.175
 0.000 0.001 0.000 0.000
 0.000 0.000 0.001 0.000
 0.000 0.000 0.000 1.000)


TimeStamp: 1.8909518718719482
Pointerpos: 
(0.999 -0.041 0.022 0.031
 0.040 0.999 0.013 -0.211
 -0.023 -0.012 1.000 0.037
 0.000 0.000 0.000 1.000)
Target Pos: 
(0.001 0.000 0.000 -0.175
 0.000 0.001 0.000 0.000
 0.000 0.000 0.001 0.000
 0.000 0.000 0.000 1.000)


TimeStamp: 1.9076378345489502
Pointerpos: 
(0.999 -0.041 0.022 0.031
 0.040 0.999 0.013 -0.211
 -0.023 -0.012 1.000 0.037
 0.000 0.000 0.000 1.000)
Target Pos: 
(0.001 0.000 0.000 -0.175
 0.000 0.001 0.000 0.000
 0.000 0.000 0.001 0.000
 0.000 0.000 0.000 1.000)


TimeStamp: 1.9242830276489258
Pointerpos: 
(0.999 -0.041 0.022 0.031
 0.040 0.999 0.013 -0.211
 -0.023 -0.012 1.000 0.037
 0.000 0.000 0.000 1.000)
Target Pos: 
(0.001 0.000 0.000 -0.175
 0.000 0.001 0.000 0.000
 0.000 0.000 0.001 0.000
 0.000 0.000 0.000 1.000)


TimeStamp: 1.9409539699554443
Pointerpos: 
(0.999 -0.041 0.022 0.031
 0.040 0.999 0.013 -0.211
 -0.023 -0.012 1.000 0.037
 0.000 0.000 0.000 1.000)
Target Pos: 
(0.001 0.000 0.000 -0.175
 0.000 0.001 0.000 0.000
 0.000 0.000 0.001 0.000
 0.000 0.000 0.000 1.000)


TimeStamp: 1.957643985748291
Pointerpos: 
(0.999 -0.041 0.022 0.031
 0.040 0.999 0.013 -0.211
 -0.023 -0.012 1.000 0.037
 0.000 0.000 0.000 1.000)
Target Pos: 
(0.001 0.000 0.000 -0.175
 0.000 0.001 0.000 0.000
 0.000 0.000 0.001 0.000
 0.000 0.000 0.000 1.000)


TimeStamp: 1.974323034286499
Pointerpos: 
(0.999 -0.041 0.022 0.031
 0.040 0.999 0.013 -0.211
 -0.023 -0.012 1.000 0.037
 0.000 0.000 0.000 1.000)
Target Pos: 
(0.001 0.000 0.000 -0.175
 0.000 0.001 0.000 0.000
 0.000 0.000 0.001 0.000
 0.000 0.000 0.000 1.000)


TimeStamp: 1.9909989833831787
Pointerpos: 
(0.999 -0.041 0.022 0.031
 0.040 0.999 0.013 -0.211
 -0.023 -0.012 1.000 0.037
 0.000 0.000 0.000 1.000)
Target Pos: 
(0.001 0.000 0.000 -0.175
 0.000 0.001 0.000 0.000
 0.000 0.000 0.001 0.000
 0.000 0.000 0.000 1.000)


TimeStamp: 2.0076940059661865
Pointerpos: 
(0.999 -0.041 0.022 0.031
 0.040 0.999 0.013 -0.211
 -0.023 -0.012 1.000 0.037
 0.000 0.000 0.000 1.000)
Target Pos: 
(0.001 0.000 0.000 -0.175
 0.000 0.001 0.000 0.000
 0.000 0.000 0.001 0.000
 0.000 0.000 0.000 1.000)


TimeStamp: 2.024355888366699
Pointerpos: 
(0.999 -0.041 0.022 0.031
 0.041 0.999 0.013 -0.211
 -0.023 -0.012 1.000 0.037
 0.000 0.000 0.000 1.000)
Target Pos: 
(0.001 0.000 0.000 -0.175
 0.000 0.001 0.000 0.000
 0.000 0.000 0.001 0.000
 0.000 0.000 0.000 1.000)


TimeStamp: 2.0410330295562744
Pointerpos: 
(0.999 -0.041 0.022 0.031
 0.041 0.999 0.013 -0.211
 -0.023 -0.012 1.000 0.037
 0.000 0.000 0.000 1.000)
Target Pos: 
(0.001 0.000 0.000 -0.175
 0.000 0.001 0.000 0.000
 0.000 0.000 0.001 0.000
 0.000 0.000 0.000 1.000)


TimeStamp: 2.0577099323272705
Pointerpos: 
(0.999 -0.041 0.022 0.031
 0.041 0.999 0.013 -0.211
 -0.023 -0.012 1.000 0.037
 0.000 0.000 0.000 1.000)
Target Pos: 
(0.001 0.000 0.000 -0.175
 0.000 0.001 0.000 0.000
 0.000 0.000 0.001 0.000
 0.000 0.000 0.000 1.000)


TimeStamp: 2.074389934539795
Pointerpos: 
(0.999 -0.041 0.022 0.031
 0.041 0.999 0.013 -0.211
 -0.023 -0.012 1.000 0.037
 0.000 0.000 0.000 1.000)
Target Pos: 
(0.001 0.000 0.000 -0.175
 0.000 0.001 0.000 0.000
 0.000 0.000 0.001 0.000
 0.000 0.000 0.000 1.000)


TimeStamp: 2.091066837310791
Pointerpos: 
(0.999 -0.041 0.022 0.031
 0.040 0.999 0.013 -0.211
 -0.023 -0.012 1.000 0.037
 0.000 0.000 0.000 1.000)
Target Pos: 
(0.001 0.000 0.000 -0.175
 0.000 0.001 0.000 0.000
 0.000 0.000 0.001 0.000
 0.000 0.000 0.000 1.000)


TimeStamp: 2.1077568531036377
Pointerpos: 
(0.999 -0.041 0.022 0.031
 0.041 0.999 0.013 -0.211
 -0.023 -0.012 1.000 0.037
 0.000 0.000 0.000 1.000)
Target Pos: 
(0.001 0.000 0.000 -0.175
 0.000 0.001 0.000 0.000
 0.000 0.000 0.001 0.000
 0.000 0.000 0.000 1.000)


TimeStamp: 2.124415874481201
Pointerpos: 
(0.999 -0.041 0.022 0.031
 0.040 0.999 0.013 -0.211
 -0.023 -0.012 1.000 0.037
 0.000 0.000 0.000 1.000)
Target Pos: 
(0.001 0.000 0.000 -0.175
 0.000 0.001 0.000 0.000
 0.000 0.000 0.001 0.000
 0.000 0.000 0.000 1.000)


TimeStamp: 2.1410930156707764
Pointerpos: 
(0.999 -0.041 0.022 0.031
 0.040 0.999 0.013 -0.211
 -0.023 -0.012 1.000 0.037
 0.000 0.000 0.000 1.000)
Target Pos: 
(0.001 0.000 0.000 -0.175
 0.000 0.001 0.000 0.000
 0.000 0.000 0.001 0.000
 0.000 0.000 0.000 1.000)


TimeStamp: 2.157768964767456
Pointerpos: 
(0.999 -0.041 0.022 0.031
 0.040 0.999 0.013 -0.211
 -0.023 -0.013 1.000 0.037
 0.000 0.000 0.000 1.000)
Target Pos: 
(0.001 0.000 0.000 -0.175
 0.000 0.001 0.000 0.000
 0.000 0.000 0.001 0.000
 0.000 0.000 0.000 1.000)


TimeStamp: 2.1744508743286133
Pointerpos: 
(0.999 -0.041 0.022 0.031
 0.040 0.999 0.013 -0.211
 -0.023 -0.012 1.000 0.037
 0.000 0.000 0.000 1.000)
Target Pos: 
(0.001 0.000 0.000 -0.175
 0.000 0.001 0.000 0.000
 0.000 0.000 0.001 0.000
 0.000 0.000 0.000 1.000)


TimeStamp: 2.1911299228668213
Pointerpos: 
(0.999 -0.041 0.022 0.031
 0.040 0.999 0.013 -0.211
 -0.023 -0.013 1.000 0.037
 0.000 0.000 0.000 1.000)
Target Pos: 
(0.001 0.000 0.000 -0.175
 0.000 0.001 0.000 0.000
 0.000 0.000 0.001 0.000
 0.000 0.000 0.000 1.000)


TimeStamp: 2.207819938659668
Pointerpos: 
(0.999 -0.041 0.022 0.031
 0.040 0.999 0.013 -0.211
 -0.023 -0.013 1.000 0.037
 0.000 0.000 0.000 1.000)
Target Pos: 
(0.001 0.000 0.000 -0.175
 0.000 0.001 0.000 0.000
 0.000 0.000 0.001 0.000
 0.000 0.000 0.000 1.000)


TimeStamp: 2.2244818210601807
Pointerpos: 
(0.999 -0.041 0.022 0.031
 0.040 0.999 0.013 -0.211
 -0.023 -0.013 1.000 0.037
 0.000 0.000 0.000 1.000)
Target Pos: 
(0.001 0.000 0.000 -0.175
 0.000 0.001 0.000 0.000
 0.000 0.000 0.001 0.000
 0.000 0.000 0.000 1.000)


TimeStamp: 2.241158962249756
Pointerpos: 
(0.999 -0.041 0.022 0.031
 0.040 0.999 0.013 -0.211
 -0.023 -0.012 1.000 0.037
 0.000 0.000 0.000 1.000)
Target Pos: 
(0.001 0.000 0.000 -0.175
 0.000 0.001 0.000 0.000
 0.000 0.000 0.001 0.000
 0.000 0.000 0.000 1.000)


TimeStamp: 2.257835865020752
Pointerpos: 
(0.999 -0.041 0.022 0.031
 0.040 0.999 0.013 -0.211
 -0.023 -0.012 1.000 0.037
 0.000 0.000 0.000 1.000)
Target Pos: 
(0.001 0.000 0.000 -0.175
 0.000 0.001 0.000 0.000
 0.000 0.000 0.001 0.000
 0.000 0.000 0.000 1.000)


TimeStamp: 2.2745108604431152
Pointerpos: 
(0.999 -0.041 0.022 0.031
 0.040 0.999 0.013 -0.211
 -0.023 -0.012 1.000 0.037
 0.000 0.000 0.000 1.000)
Target Pos: 
(0.001 0.000 0.000 -0.175
 0.000 0.001 0.000 0.000
 0.000 0.000 0.001 0.000
 0.000 0.000 0.000 1.000)


TimeStamp: 2.2911858558654785
Pointerpos: 
(0.999 -0.041 0.022 0.031
 0.040 0.999 0.013 -0.211
 -0.023 -0.012 1.000 0.037
 0.000 0.000 0.000 1.000)
Target Pos: 
(0.001 0.000 0.000 -0.175
 0.000 0.001 0.000 0.000
 0.000 0.000 0.001 0.000
 0.000 0.000 0.000 1.000)


TimeStamp: 2.307874917984009
Pointerpos: 
(0.999 -0.041 0.022 0.031
 0.040 0.999 0.013 -0.211
 -0.023 -0.013 1.000 0.037
 0.000 0.000 0.000 1.000)
Target Pos: 
(0.001 0.000 0.000 -0.175
 0.000 0.001 0.000 0.000
 0.000 0.000 0.001 0.000
 0.000 0.000 0.000 1.000)


TimeStamp: 2.3245389461517334
Pointerpos: 
(0.999 -0.041 0.022 0.031
 0.040 0.999 0.013 -0.211
 -0.023 -0.013 1.000 0.037
 0.000 0.000 0.000 1.000)
Target Pos: 
(0.001 0.000 0.000 -0.175
 0.000 0.001 0.000 0.000
 0.000 0.000 0.001 0.000
 0.000 0.000 0.000 1.000)


TimeStamp: 2.3412208557128906
Pointerpos: 
(0.999 -0.041 0.022 0.031
 0.040 0.999 0.013 -0.211
 -0.023 -0.013 1.000 0.037
 0.000 0.000 0.000 1.000)
Target Pos: 
(0.001 0.000 0.000 -0.175
 0.000 0.001 0.000 0.000
 0.000 0.000 0.001 0.000
 0.000 0.000 0.000 1.000)


TimeStamp: 2.3578999042510986
Pointerpos: 
(0.999 -0.041 0.022 0.031
 0.040 0.999 0.013 -0.211
 -0.023 -0.013 1.000 0.037
 0.000 0.000 0.000 1.000)
Target Pos: 
(0.001 0.000 0.000 -0.175
 0.000 0.001 0.000 0.000
 0.000 0.000 0.001 0.000
 0.000 0.000 0.000 1.000)


TimeStamp: 2.374603033065796
Pointerpos: 
(0.999 -0.041 0.022 0.031
 0.040 0.999 0.013 -0.211
 -0.023 -0.013 1.000 0.037
 0.000 0.000 0.000 1.000)
Target Pos: 
(0.001 0.000 0.000 -0.175
 0.000 0.001 0.000 0.000
 0.000 0.000 0.001 0.000
 0.000 0.000 0.000 1.000)


TimeStamp: 2.391247034072876
Pointerpos: 
(0.999 -0.041 0.022 0.031
 0.040 0.999 0.013 -0.211
 -0.023 -0.013 1.000 0.037
 0.000 0.000 0.000 1.000)
Target Pos: 
(0.001 0.000 0.000 -0.175
 0.000 0.001 0.000 0.000
 0.000 0.000 0.001 0.000
 0.000 0.000 0.000 1.000)


TimeStamp: 2.407944917678833
Pointerpos: 
(0.999 -0.041 0.022 0.031
 0.040 0.999 0.013 -0.211
 -0.023 -0.013 1.000 0.037
 0.000 0.000 0.000 1.000)
Target Pos: 
(0.001 0.000 0.000 -0.175
 0.000 0.001 0.000 0.000
 0.000 0.000 0.001 0.000
 0.000 0.000 0.000 1.000)


TimeStamp: 2.424607992172241
Pointerpos: 
(0.999 -0.041 0.022 0.031
 0.040 0.999 0.013 -0.211
 -0.023 -0.013 1.000 0.037
 0.000 0.000 0.000 1.000)
Target Pos: 
(0.001 0.000 0.000 -0.175
 0.000 0.001 0.000 0.000
 0.000 0.000 0.001 0.000
 0.000 0.000 0.000 1.000)


TimeStamp: 2.441283941268921
Pointerpos: 
(0.999 -0.041 0.022 0.031
 0.040 0.999 0.013 -0.211
 -0.023 -0.013 1.000 0.037
 0.000 0.000 0.000 1.000)
Target Pos: 
(0.001 0.000 0.000 -0.175
 0.000 0.001 0.000 0.000
 0.000 0.000 0.001 0.000
 0.000 0.000 0.000 1.000)


TimeStamp: 2.4579598903656006
Pointerpos: 
(0.999 -0.041 0.022 0.031
 0.040 0.999 0.013 -0.211
 -0.023 -0.013 1.000 0.037
 0.000 0.000 0.000 1.000)
Target Pos: 
(0.001 0.000 0.000 -0.175
 0.000 0.001 0.000 0.000
 0.000 0.000 0.001 0.000
 0.000 0.000 0.000 1.000)


TimeStamp: 2.474632978439331
Pointerpos: 
(0.999 -0.041 0.022 0.031
 0.040 0.999 0.013 -0.211
 -0.023 -0.012 1.000 0.037
 0.000 0.000 0.000 1.000)
Target Pos: 
(0.001 0.000 0.000 -0.175
 0.000 0.001 0.000 0.000
 0.000 0.000 0.001 0.000
 0.000 0.000 0.000 1.000)


TimeStamp: 2.491309881210327
Pointerpos: 
(0.999 -0.041 0.022 0.031
 0.040 0.999 0.013 -0.211
 -0.023 -0.012 1.000 0.037
 0.000 0.000 0.000 1.000)
Target Pos: 
(0.001 0.000 0.000 -0.175
 0.000 0.001 0.000 0.000
 0.000 0.000 0.001 0.000
 0.000 0.000 0.000 1.000)


TimeStamp: 2.5079970359802246
Pointerpos: 
(0.999 -0.041 0.022 0.031
 0.041 0.999 0.013 -0.211
 -0.023 -0.012 1.000 0.037
 0.000 0.000 0.000 1.000)
Target Pos: 
(0.001 0.000 0.000 -0.175
 0.000 0.001 0.000 0.000
 0.000 0.000 0.001 0.000
 0.000 0.000 0.000 1.000)


TimeStamp: 2.524667978286743
Pointerpos: 
(0.999 -0.041 0.022 0.031
 0.041 0.999 0.013 -0.211
 -0.023 -0.012 1.000 0.037
 0.000 0.000 0.000 1.000)
Target Pos: 
(0.001 0.000 0.000 -0.175
 0.000 0.001 0.000 0.000
 0.000 0.000 0.001 0.000
 0.000 0.000 0.000 1.000)


TimeStamp: 2.5413448810577393
Pointerpos: 
(0.999 -0.041 0.022 0.031
 0.040 0.999 0.013 -0.211
 -0.023 -0.012 1.000 0.037
 0.000 0.000 0.000 1.000)
Target Pos: 
(0.001 0.000 0.000 -0.175
 0.000 0.001 0.000 0.000
 0.000 0.000 0.001 0.000
 0.000 0.000 0.000 1.000)


TimeStamp: 2.5580248832702637
Pointerpos: 
(0.999 -0.041 0.022 0.031
 0.040 0.999 0.013 -0.211
 -0.023 -0.012 1.000 0.037
 0.000 0.000 0.000 1.000)
Target Pos: 
(0.001 0.000 0.000 -0.175
 0.000 0.001 0.000 0.000
 0.000 0.000 0.001 0.000
 0.000 0.000 0.000 1.000)


TimeStamp: 2.5747008323669434
Pointerpos: 
(0.999 -0.041 0.022 0.031
 0.040 0.999 0.013 -0.211
 -0.023 -0.012 1.000 0.037
 0.000 0.000 0.000 1.000)
Target Pos: 
(0.001 0.000 0.000 -0.175
 0.000 0.001 0.000 0.000
 0.000 0.000 0.001 0.000
 0.000 0.000 0.000 1.000)


TimeStamp: 2.591377019882202
Pointerpos: 
(0.999 -0.041 0.022 0.031
 0.040 0.999 0.013 -0.211
 -0.023 -0.012 1.000 0.037
 0.000 0.000 0.000 1.000)
Target Pos: 
(0.001 0.000 0.000 -0.175
 0.000 0.001 0.000 0.000
 0.000 0.000 0.001 0.000
 0.000 0.000 0.000 1.000)


TimeStamp: 2.6080539226531982
Pointerpos: 
(0.999 -0.041 0.022 0.031
 0.040 0.999 0.013 -0.211
 -0.023 -0.012 1.000 0.037
 0.000 0.000 0.000 1.000)
Target Pos: 
(0.001 0.000 0.000 -0.175
 0.000 0.001 0.000 0.000
 0.000 0.000 0.001 0.000
 0.000 0.000 0.000 1.000)


TimeStamp: 2.6247329711914062
Pointerpos: 
(0.999 -0.041 0.022 0.031
 0.041 0.999 0.013 -0.211
 -0.023 -0.012 1.000 0.037
 0.000 0.000 0.000 1.000)
Target Pos: 
(0.001 0.000 0.000 -0.175
 0.000 0.001 0.000 0.000
 0.000 0.000 0.001 0.000
 0.000 0.000 0.000 1.000)


TimeStamp: 2.6414058208465576
Pointerpos: 
(0.999 -0.041 0.022 0.031
 0.041 0.999 0.013 -0.211
 -0.023 -0.012 1.000 0.037
 0.000 0.000 0.000 1.000)
Target Pos: 
(0.001 0.000 0.000 -0.175
 0.000 0.001 0.000 0.000
 0.000 0.000 0.001 0.000
 0.000 0.000 0.000 1.000)


TimeStamp: 2.658078908920288
Pointerpos: 
(0.999 -0.041 0.022 0.031
 0.041 0.999 0.013 -0.211
 -0.023 -0.012 1.000 0.037
 0.000 0.000 0.000 1.000)
Target Pos: 
(0.001 0.000 0.000 -0.175
 0.000 0.001 0.000 0.000
 0.000 0.000 0.001 0.000
 0.000 0.000 0.000 1.000)


TimeStamp: 2.6747539043426514
Pointerpos: 
(0.999 -0.041 0.022 0.031
 0.041 0.999 0.013 -0.211
 -0.023 -0.012 1.000 0.037
 0.000 0.000 0.000 1.000)
Target Pos: 
(0.001 0.000 0.000 -0.175
 0.000 0.001 0.000 0.000
 0.000 0.000 0.001 0.000
 0.000 0.000 0.000 1.000)


TimeStamp: 2.6914288997650146
Pointerpos: 
(0.999 -0.041 0.022 0.031
 0.041 0.999 0.013 -0.211
 -0.023 -0.012 1.000 0.037
 0.000 0.000 0.000 1.000)
Target Pos: 
(0.001 0.000 0.000 -0.175
 0.000 0.001 0.000 0.000
 0.000 0.000 0.001 0.000
 0.000 0.000 0.000 1.000)


TimeStamp: 2.708111047744751
Pointerpos: 
(0.999 -0.041 0.022 0.031
 0.040 0.999 0.013 -0.211
 -0.023 -0.012 1.000 0.037
 0.000 0.000 0.000 1.000)
Target Pos: 
(0.001 0.000 0.000 -0.175
 0.000 0.001 0.000 0.000
 0.000 0.000 0.001 0.000
 0.000 0.000 0.000 1.000)


TimeStamp: 2.72478985786438
Pointerpos: 
(0.999 -0.041 0.022 0.031
 0.041 0.999 0.013 -0.211
 -0.023 -0.012 1.000 0.037
 0.000 0.000 0.000 1.000)
Target Pos: 
(0.001 0.000 0.000 -0.175
 0.000 0.001 0.000 0.000
 0.000 0.000 0.001 0.000
 0.000 0.000 0.000 1.000)


