0.008322000503540039
(0.042 -0.703 0.710 -0.168
 -0.724 0.469 0.507 0.875
 -0.689 -0.535 -0.489 -0.323
 0.000 0.000 0.000 1.000)

0.02519702911376953
(0.059 -0.701 0.710 -0.168
 -0.714 0.467 0.521 0.871
 -0.697 -0.538 -0.473 -0.326
 0.000 0.000 0.000 1.000)

0.04410910606384277
(0.074 -0.700 0.710 -0.167
 -0.699 0.472 0.538 0.866
 -0.711 -0.536 -0.455 -0.330
 0.000 0.000 0.000 1.000)

0.05939006805419922
(0.082 -0.698 0.712 -0.166
 -0.685 0.479 0.548 0.862
 -0.724 -0.533 -0.439 -0.333
 0.000 0.000 0.000 1.000)

0.07590222358703613
(0.086 -0.696 0.713 -0.164
 -0.670 0.489 0.559 0.859
 -0.738 -0.525 -0.424 -0.336
 0.000 0.000 0.000 1.000)

0.09250712394714355
(0.088 -0.694 0.714 -0.163
 -0.659 0.497 0.565 0.856
 -0.747 -0.520 -0.413 -0.338
 0.000 0.000 0.000 1.000)

0.10919404029846191
(0.090 -0.687 0.721 -0.162
 -0.651 0.508 0.565 0.854
 -0.754 -0.520 -0.401 -0.341
 0.000 0.000 0.000 1.000)

0.12584400177001953
(0.090 -0.682 0.725 -0.161
 -0.649 0.513 0.562 0.853
 -0.756 -0.521 -0.397 -0.343
 0.000 0.000 0.000 1.000)

0.14258599281311035
(0.089 -0.677 0.730 -0.161
 -0.651 0.516 0.557 0.853
 -0.754 -0.524 -0.395 -0.343
 0.000 0.000 0.000 1.000)

0.15934205055236816
(0.087 -0.675 0.733 -0.161
 -0.656 0.515 0.552 0.853
 -0.750 -0.529 -0.398 -0.343
 0.000 0.000 0.000 1.000)

0.17635416984558105
(0.086 -0.674 0.734 -0.160
 -0.660 0.513 0.549 0.853
 -0.746 -0.532 -0.401 -0.343
 0.000 0.000 0.000 1.000)

0.19331622123718262
(0.084 -0.675 0.733 -0.159
 -0.663 0.511 0.547 0.853
 -0.744 -0.531 -0.404 -0.343
 0.000 0.000 0.000 1.000)

0.20988106727600098
(0.082 -0.674 0.734 -0.159
 -0.663 0.513 0.545 0.853
 -0.744 -0.531 -0.405 -0.343
 0.000 0.000 0.000 1.000)

0.22735214233398438
(0.080 -0.671 0.737 -0.158
 -0.661 0.518 0.543 0.853
 -0.746 -0.531 -0.402 -0.344
 0.000 0.000 0.000 1.000)

0.24341917037963867
(0.082 -0.668 0.740 -0.158
 -0.659 0.520 0.543 0.853
 -0.748 -0.532 -0.398 -0.345
 0.000 0.000 0.000 1.000)

0.2754981517791748
(0.084 -0.667 0.740 -0.157
 -0.652 0.525 0.547 0.852
 -0.753 -0.529 -0.391 -0.346
 0.000 0.000 0.000 1.000)

0.29326701164245605
(0.088 -0.663 0.743 -0.157
 -0.650 0.527 0.547 0.852
 -0.755 -0.531 -0.385 -0.348
 0.000 0.000 0.000 1.000)

0.30981016159057617
(0.093 -0.660 0.746 -0.157
 -0.649 0.528 0.548 0.852
 -0.755 -0.535 -0.380 -0.349
 0.000 0.000 0.000 1.000)

0.3263511657714844
(0.101 -0.656 0.748 -0.157
 -0.646 0.529 0.551 0.852
 -0.757 -0.539 -0.370 -0.351
 0.000 0.000 0.000 1.000)

0.34302806854248047
(0.113 -0.649 0.752 -0.156
 -0.651 0.524 0.550 0.852
 -0.751 -0.552 -0.363 -0.353
 0.000 0.000 0.000 1.000)

0.3597090244293213
(0.120 -0.649 0.752 -0.156
 -0.649 0.522 0.554 0.852
 -0.752 -0.554 -0.358 -0.354
 0.000 0.000 0.000 1.000)

0.3764331340789795
(0.127 -0.648 0.751 -0.156
 -0.653 0.515 0.555 0.852
 -0.746 -0.561 -0.357 -0.355
 0.000 0.000 0.000 1.000)

0.39309215545654297
(0.136 -0.644 0.753 -0.156
 -0.661 0.507 0.553 0.853
 -0.738 -0.573 -0.357 -0.356
 0.000 0.000 0.000 1.000)

0.4097721576690674
(0.143 -0.640 0.755 -0.156
 -0.671 0.497 0.549 0.854
 -0.727 -0.585 -0.359 -0.356
 0.000 0.000 0.000 1.000)

0.42638611793518066
(0.150 -0.640 0.754 -0.155
 -0.680 0.487 0.548 0.854
 -0.718 -0.595 -0.362 -0.356
 0.000 0.000 0.000 1.000)

0.4431161880493164
(0.153 -0.643 0.750 -0.155
 -0.686 0.477 0.549 0.854
 -0.711 -0.599 -0.368 -0.355
 0.000 0.000 0.000 1.000)

0.45981717109680176
(0.155 -0.651 0.743 -0.154
 -0.688 0.469 0.554 0.854
 -0.709 -0.597 -0.375 -0.354
 0.000 0.000 0.000 1.000)

0.47649407386779785
(0.161 -0.660 0.734 -0.152
 -0.687 0.459 0.563 0.854
 -0.708 -0.595 -0.380 -0.353
 0.000 0.000 0.000 1.000)

0.4933910369873047
(0.167 -0.670 0.723 -0.150
 -0.696 0.440 0.568 0.855
 -0.699 -0.598 -0.393 -0.350
 0.000 0.000 0.000 1.000)

0.525623083114624
(0.168 -0.689 0.705 -0.147
 -0.703 0.418 0.576 0.855
 -0.691 -0.592 -0.414 -0.346
 0.000 0.000 0.000 1.000)

0.5431911945343018
(0.163 -0.703 0.692 -0.145
 -0.718 0.397 0.572 0.857
 -0.677 -0.590 -0.440 -0.341
 0.000 0.000 0.000 1.000)

0.5758781433105469
(0.153 -0.716 0.682 -0.143
 -0.732 0.381 0.565 0.860
 -0.664 -0.585 -0.465 -0.337
 0.000 0.000 0.000 1.000)

0.5769572257995605
(0.142 -0.724 0.675 -0.142
 -0.745 0.371 0.555 0.864
 -0.652 -0.581 -0.487 -0.333
 0.000 0.000 0.000 1.000)

0.5936710834503174
(0.093 -0.740 0.666 -0.140
 -0.764 0.376 0.525 0.877
 -0.639 -0.558 -0.530 -0.326
 0.000 0.000 0.000 1.000)

0.610267162322998
(0.059 -0.749 0.660 -0.139
 -0.771 0.386 0.507 0.885
 -0.635 -0.538 -0.555 -0.323
 0.000 0.000 0.000 1.000)

0.6273422241210938
(0.014 -0.757 0.653 -0.138
 -0.779 0.401 0.481 0.895
 -0.627 -0.516 -0.584 -0.319
 0.000 0.000 0.000 1.000)

0.6436450481414795
(-0.042 -0.760 0.649 -0.136
 -0.783 0.428 0.451 0.907
 -0.620 -0.489 -0.613 -0.316
 0.000 0.000 0.000 1.000)

0.6603331565856934
(-0.102 -0.756 0.647 -0.135
 -0.784 0.461 0.415 0.921
 -0.612 -0.465 -0.640 -0.314
 0.000 0.000 0.000 1.000)

0.677056074142456
(-0.158 -0.743 0.651 -0.134
 -0.783 0.496 0.376 0.935
 -0.601 -0.450 -0.660 -0.313
 0.000 0.000 0.000 1.000)

0.6937170028686523
(-0.209 -0.720 0.661 -0.133
 -0.778 0.532 0.333 0.950
 -0.592 -0.445 -0.672 -0.313
 0.000 0.000 0.000 1.000)

0.710374116897583
(-0.257 -0.687 0.679 -0.133
 -0.770 0.571 0.285 0.965
 -0.584 -0.450 -0.676 -0.316
 0.000 0.000 0.000 1.000)

0.7270481586456299
(-0.290 -0.643 0.709 -0.134
 -0.764 0.602 0.233 0.980
 -0.576 -0.474 -0.666 -0.321
 0.000 0.000 0.000 1.000)

0.7594962120056152
(-0.299 -0.595 0.746 -0.136
 -0.762 0.620 0.189 0.993
 -0.575 -0.512 -0.638 -0.330
 0.000 0.000 0.000 1.000)

0.7770311832427979
(-0.295 -0.538 0.789 -0.138
 -0.754 0.639 0.154 1.003
 -0.587 -0.549 -0.594 -0.341
 0.000 0.000 0.000 1.000)

0.7937431335449219
(-0.284 -0.468 0.837 -0.142
 -0.728 0.673 0.130 1.012
 -0.624 -0.573 -0.532 -0.356
 0.000 0.000 0.000 1.000)

0.8104560375213623
(-0.255 -0.378 0.890 -0.147
 -0.692 0.714 0.106 1.020
 -0.676 -0.589 -0.444 -0.375
 0.000 0.000 0.000 1.000)

0.8274071216583252
(-0.119 -0.157 0.980 -0.154
 -0.583 0.810 0.058 1.034
 -0.803 -0.565 -0.188 -0.425
 0.000 0.000 0.000 1.000)

0.844062089920044
(-0.010 -0.049 0.999 -0.153
 -0.517 0.855 0.037 1.039
 -0.856 -0.516 -0.034 -0.454
 0.000 0.000 0.000 1.000)

0.8604772090911865
(0.120 0.045 0.992 -0.147
 -0.451 0.892 0.015 1.044
 -0.884 -0.449 0.128 -0.482
 0.000 0.000 0.000 1.000)

0.8771600723266602
(0.264 0.115 0.957 -0.137
 -0.398 0.917 -0.001 1.046
 -0.878 -0.381 0.288 -0.510
 0.000 0.000 0.000 1.000)

0.8939571380615234
(0.406 0.153 0.901 -0.124
 -0.350 0.937 -0.001 1.046
 -0.844 -0.315 0.434 -0.534
 0.000 0.000 0.000 1.000)

0.9105730056762695
(0.534 0.165 0.829 -0.107
 -0.306 0.952 0.008 1.043
 -0.788 -0.258 0.559 -0.555
 0.000 0.000 0.000 1.000)

0.9272642135620117
(0.642 0.149 0.752 -0.090
 -0.265 0.964 0.035 1.038
 -0.720 -0.222 0.658 -0.571
 0.000 0.000 0.000 1.000)

0.9438011646270752
(0.724 0.132 0.677 -0.074
 -0.236 0.970 0.064 1.032
 -0.648 -0.206 0.733 -0.584
 0.000 0.000 0.000 1.000)

0.9605441093444824
(0.785 0.123 0.607 -0.059
 -0.219 0.972 0.086 1.025
 -0.580 -0.201 0.790 -0.593
 0.000 0.000 0.000 1.000)

0.977229118347168
(0.829 0.134 0.543 -0.045
 -0.219 0.971 0.095 1.021
 -0.514 -0.197 0.835 -0.601
 0.000 0.000 0.000 1.000)

1.009667158126831
(0.862 0.148 0.484 -0.033
 -0.223 0.970 0.100 1.017
 -0.455 -0.194 0.869 -0.607
 0.000 0.000 0.000 1.000)

1.027191162109375
(0.887 0.160 0.433 -0.022
 -0.221 0.971 0.095 1.015
 -0.405 -0.180 0.897 -0.612
 0.000 0.000 0.000 1.000)

1.0436789989471436
(0.906 0.162 0.391 -0.013
 -0.213 0.973 0.091 1.014
 -0.366 -0.165 0.916 -0.616
 0.000 0.000 0.000 1.000)

1.0604770183563232
(0.919 0.156 0.362 -0.005
 -0.198 0.977 0.083 1.013
 -0.340 -0.148 0.929 -0.620
 0.000 0.000 0.000 1.000)

1.0772850513458252
(0.934 0.145 0.325 0.005
 -0.174 0.983 0.061 1.014
 -0.311 -0.113 0.944 -0.626
 0.000 0.000 0.000 1.000)

1.0939571857452393
(0.939 0.137 0.317 0.008
 -0.161 0.986 0.051 1.015
 -0.305 -0.099 0.947 -0.627
 0.000 0.000 0.000 1.000)

1.1105701923370361
(0.940 0.128 0.315 0.010
 -0.147 0.988 0.038 1.017
 -0.306 -0.082 0.948 -0.628
 0.000 0.000 0.000 1.000)

1.1272430419921875
(0.940 0.116 0.320 0.010
 -0.129 0.991 0.020 1.019
 -0.315 -0.060 0.947 -0.628
 0.000 0.000 0.000 1.000)

1.1439871788024902
(0.939 0.097 0.329 0.009
 -0.104 0.995 0.004 1.021
 -0.326 -0.038 0.944 -0.628
 0.000 0.000 0.000 1.000)

1.1606981754302979
(0.939 0.076 0.337 0.008
 -0.077 0.997 -0.008 1.024
 -0.337 -0.018 0.942 -0.629
 0.000 0.000 0.000 1.000)

1.1773412227630615
(0.939 0.055 0.340 0.009
 -0.051 0.998 -0.020 1.026
 -0.341 0.001 0.940 -0.629
 0.000 0.000 0.000 1.000)

1.1939170360565186
(0.940 0.039 0.338 0.009
 -0.030 0.999 -0.031 1.028
 -0.339 0.019 0.941 -0.629
 0.000 0.000 0.000 1.000)

1.2104730606079102
(0.943 0.030 0.331 0.011
 -0.016 0.999 -0.044 1.030
 -0.332 0.036 0.943 -0.629
 0.000 0.000 0.000 1.000)

1.2431561946868896
(0.947 0.028 0.320 0.013
 -0.010 0.998 -0.057 1.032
 -0.321 0.051 0.946 -0.630
 0.000 0.000 0.000 1.000)

1.2604780197143555
(0.952 0.029 0.306 0.015
 -0.008 0.997 -0.071 1.034
 -0.307 0.065 0.949 -0.630
 0.000 0.000 0.000 1.000)

1.2774112224578857
(0.956 0.029 0.292 0.017
 -0.003 0.996 -0.088 1.036
 -0.294 0.083 0.952 -0.630
 0.000 0.000 0.000 1.000)

1.2939801216125488
(0.960 0.024 0.280 0.018
 0.006 0.994 -0.107 1.039
 -0.281 0.104 0.954 -0.630
 0.000 0.000 0.000 1.000)

1.3107390403747559
(0.966 0.011 0.257 0.022
 0.028 0.989 -0.148 1.046
 -0.255 0.150 0.955 -0.629
 0.000 0.000 0.000 1.000)

1.3271760940551758
(0.970 -0.000 0.243 0.024
 0.043 0.984 -0.170 1.050
 -0.239 0.176 0.955 -0.628
 0.000 0.000 0.000 1.000)

1.3438441753387451
(0.974 -0.018 0.227 0.026
 0.064 0.978 -0.199 1.054
 -0.218 0.208 0.953 -0.628
 0.000 0.000 0.000 1.000)

1.360518217086792
(0.977 -0.040 0.209 0.029
 0.087 0.971 -0.222 1.058
 -0.194 0.235 0.953 -0.627
 0.000 0.000 0.000 1.000)

1.3771190643310547
(0.980 -0.063 0.187 0.033
 0.108 0.965 -0.240 1.061
 -0.165 0.256 0.953 -0.626
 0.000 0.000 0.000 1.000)

1.3938732147216797
(0.983 -0.080 0.163 0.036
 0.121 0.958 -0.258 1.064
 -0.136 0.274 0.952 -0.625
 0.000 0.000 0.000 1.000)

1.4105620384216309
(0.987 -0.081 0.138 0.040
 0.116 0.955 -0.273 1.065
 -0.110 0.285 0.952 -0.625
 0.000 0.000 0.000 1.000)

1.4272410869598389
(0.992 -0.069 0.110 0.044
 0.098 0.953 -0.286 1.067
 -0.085 0.294 0.952 -0.624
 0.000 0.000 0.000 1.000)

1.4438772201538086
(0.995 -0.052 0.083 0.048
 0.075 0.952 -0.296 1.067
 -0.064 0.301 0.951 -0.623
 0.000 0.000 0.000 1.000)

1.4605801105499268
(0.998 -0.039 0.059 0.051
 0.055 0.952 -0.301 1.067
 -0.044 0.304 0.952 -0.622
 0.000 0.000 0.000 1.000)

1.4932951927185059
(0.999 -0.031 0.037 0.054
 0.040 0.952 -0.305 1.067
 -0.026 0.306 0.952 -0.621
 0.000 0.000 0.000 1.000)

1.5106861591339111
(0.999 -0.027 0.022 0.056
 0.032 0.952 -0.306 1.067
 -0.012 0.306 0.952 -0.621
 0.000 0.000 0.000 1.000)

1.5272881984710693
(1.000 -0.021 0.008 0.057
 0.023 0.952 -0.305 1.067
 -0.001 0.305 0.952 -0.620
 0.000 0.000 0.000 1.000)

1.5440070629119873
(0.999 -0.028 -0.016 0.061
 0.021 0.947 -0.320 1.069
 0.024 0.319 0.947 -0.619
 0.000 0.000 0.000 1.000)

1.5607271194458008
(0.999 -0.038 -0.027 0.063
 0.027 0.943 -0.333 1.070
 0.038 0.332 0.943 -0.618
 0.000 0.000 0.000 1.000)

1.5774030685424805
(0.998 -0.044 -0.039 0.064
 0.028 0.938 -0.345 1.073
 0.051 0.343 0.938 -0.617
 0.000 0.000 0.000 1.000)

1.5940890312194824
(0.998 -0.045 -0.049 0.065
 0.024 0.932 -0.360 1.075
 0.062 0.358 0.932 -0.616
 0.000 0.000 0.000 1.000)

1.6107680797576904
(0.997 -0.045 -0.057 0.066
 0.021 0.926 -0.378 1.078
 0.070 0.376 0.924 -0.615
 0.000 0.000 0.000 1.000)

1.6273891925811768
(0.997 -0.049 -0.065 0.067
 0.020 0.917 -0.397 1.081
 0.079 0.395 0.915 -0.613
 0.000 0.000 0.000 1.000)

1.64410400390625
(0.996 -0.055 -0.072 0.068
 0.020 0.908 -0.419 1.084
 0.088 0.416 0.905 -0.612
 0.000 0.000 0.000 1.000)

1.6608130931854248
(0.995 -0.062 -0.079 0.069
 0.021 0.898 -0.440 1.087
 0.099 0.436 0.895 -0.610
 0.000 0.000 0.000 1.000)

1.6774871349334717
(0.994 -0.067 -0.089 0.070
 0.019 0.889 -0.458 1.090
 0.110 0.454 0.884 -0.609
 0.000 0.000 0.000 1.000)

1.6941699981689453
(0.992 -0.067 -0.103 0.072
 0.010 0.880 -0.474 1.092
 0.122 0.470 0.874 -0.607
 0.000 0.000 0.000 1.000)

1.7108221054077148
(0.990 -0.065 -0.121 0.074
 -0.003 0.874 -0.487 1.094
 0.138 0.482 0.865 -0.605
 0.000 0.000 0.000 1.000)

1.7435340881347656
(0.988 -0.064 -0.140 0.077
 -0.013 0.870 -0.493 1.095
 0.153 0.489 0.858 -0.603
 0.000 0.000 0.000 1.000)

1.7610840797424316
(0.985 -0.068 -0.160 0.079
 -0.021 0.867 -0.498 1.096
 0.172 0.494 0.852 -0.602
 0.000 0.000 0.000 1.000)

1.7778232097625732
(0.981 -0.072 -0.178 0.082
 -0.027 0.865 -0.500 1.096
 0.190 0.496 0.847 -0.601
 0.000 0.000 0.000 1.000)

1.7943730354309082
(0.977 -0.065 -0.205 0.085
 -0.047 0.866 -0.498 1.095
 0.210 0.496 0.843 -0.600
 0.000 0.000 0.000 1.000)

1.8111720085144043
(0.975 -0.054 -0.216 0.087
 -0.062 0.866 -0.497 1.095
 0.213 0.498 0.841 -0.599
 0.000 0.000 0.000 1.000)

1.827895164489746
(0.973 -0.045 -0.225 0.088
 -0.074 0.866 -0.494 1.094
 0.217 0.497 0.840 -0.599
 0.000 0.000 0.000 1.000)

1.8444390296936035
(0.972 -0.043 -0.231 0.089
 -0.077 0.869 -0.489 1.093
 0.221 0.493 0.841 -0.599
 0.000 0.000 0.000 1.000)

1.8611350059509277
(0.971 -0.047 -0.234 0.089
 -0.075 0.871 -0.486 1.092
 0.227 0.489 0.842 -0.600
 0.000 0.000 0.000 1.000)

1.8777711391448975
(0.971 -0.049 -0.234 0.089
 -0.072 0.874 -0.481 1.092
 0.229 0.484 0.845 -0.600
 0.000 0.000 0.000 1.000)

1.8944571018218994
(0.971 -0.049 -0.232 0.089
 -0.071 0.876 -0.478 1.091
 0.227 0.481 0.847 -0.601
 0.000 0.000 0.000 1.000)

1.9111881256103516
(0.972 -0.047 -0.229 0.088
 -0.069 0.877 -0.475 1.091
 0.224 0.478 0.850 -0.602
 0.000 0.000 0.000 1.000)

1.927922010421753
(0.973 -0.045 -0.226 0.088
 -0.069 0.879 -0.472 1.090
 0.220 0.475 0.852 -0.602
 0.000 0.000 0.000 1.000)

1.9444801807403564
(0.974 -0.037 -0.224 0.088
 -0.073 0.883 -0.463 1.089
 0.214 0.467 0.858 -0.604
 0.000 0.000 0.000 1.000)

1.9770071506500244
(0.975 -0.025 -0.219 0.087
 -0.078 0.889 -0.452 1.087
 0.206 0.458 0.865 -0.605
 0.000 0.000 0.000 1.000)

1.9946370124816895
(0.977 -0.009 -0.212 0.086
 -0.087 0.895 -0.439 1.085
 0.194 0.447 0.873 -0.607
 0.000 0.000 0.000 1.000)

2.011390209197998
(0.979 0.009 -0.203 0.085
 -0.096 0.902 -0.421 1.082
 0.180 0.432 0.884 -0.609
 0.000 0.000 0.000 1.000)

2.0279200077056885
(0.984 0.025 -0.178 0.081
 -0.091 0.923 -0.375 1.074
 0.155 0.385 0.910 -0.614
 0.000 0.000 0.000 1.000)

2.044572114944458
(0.987 0.027 -0.159 0.078
 -0.080 0.938 -0.338 1.068
 0.140 0.346 0.928 -0.617
 0.000 0.000 0.000 1.000)

2.061298131942749
(0.990 0.030 -0.136 0.074
 -0.068 0.955 -0.288 1.061
 0.121 0.294 0.948 -0.620
 0.000 0.000 0.000 1.000)

2.078000068664551
(0.994 0.030 -0.108 0.070
 -0.055 0.971 -0.231 1.053
 0.098 0.235 0.967 -0.623
 0.000 0.000 0.000 1.000)

2.0946061611175537
(0.996 0.028 -0.080 0.065
 -0.041 0.985 -0.168 1.043
 0.074 0.171 0.983 -0.625
 0.000 0.000 0.000 1.000)

2.1112852096557617
(0.998 0.021 -0.052 0.061
 -0.026 0.994 -0.105 1.034
 0.050 0.106 0.993 -0.627
 0.000 0.000 0.000 1.000)

2.127979040145874
(1.000 0.010 -0.028 0.058
 -0.011 0.999 -0.047 1.025
 0.028 0.047 0.999 -0.629
 0.000 0.000 0.000 1.000)

2.1446001529693604
(1.000 -0.009 -0.008 0.055
 0.009 1.000 -0.004 1.018
 0.008 0.004 1.000 -0.629
 0.000 0.000 0.000 1.000)

2.1612491607666016
(1.000 -0.028 0.008 0.052
 0.028 0.999 0.024 1.014
 -0.008 -0.024 1.000 -0.629
 0.000 0.000 0.000 1.000)

2.177877187728882
(0.999 -0.044 0.019 0.050
 0.043 0.999 0.031 1.013
 -0.021 -0.030 0.999 -0.629
 0.000 0.000 0.000 1.000)

2.1947150230407715
(0.998 -0.054 0.027 0.049
 0.054 0.998 0.020 1.015
 -0.028 -0.019 0.999 -0.629
 0.000 0.000 0.000 1.000)

2.2271721363067627
(0.998 -0.057 0.029 0.049
 0.057 0.998 -0.003 1.018
 -0.028 0.005 1.000 -0.629
 0.000 0.000 0.000 1.000)

2.244760036468506
(0.998 -0.052 0.026 0.049
 0.053 0.998 -0.027 1.022
 -0.025 0.029 0.999 -0.629
 0.000 0.000 0.000 1.000)

2.261413097381592
(0.999 -0.048 0.020 0.050
 0.049 0.998 -0.047 1.025
 -0.018 0.048 0.999 -0.629
 0.000 0.000 0.000 1.000)

2.278132200241089
(0.999 -0.032 0.008 0.052
 0.032 0.998 -0.061 1.027
 -0.007 0.061 0.998 -0.628
 0.000 0.000 0.000 1.000)

2.294809103012085
(1.000 -0.021 0.008 0.052
 0.022 0.998 -0.060 1.027
 -0.007 0.060 0.998 -0.628
 0.000 0.000 0.000 1.000)

2.31144118309021
(1.000 -0.015 0.011 0.051
 0.016 0.998 -0.058 1.026
 -0.010 0.058 0.998 -0.628
 0.000 0.000 0.000 1.000)

2.3281781673431396
(1.000 -0.017 0.015 0.051
 0.018 0.998 -0.059 1.027
 -0.014 0.059 0.998 -0.628
 0.000 0.000 0.000 1.000)

2.3447980880737305
(1.000 -0.022 0.018 0.050
 0.023 0.998 -0.064 1.028
 -0.017 0.064 0.998 -0.628
 0.000 0.000 0.000 1.000)

2.361476182937622
(0.999 -0.025 0.022 0.050
 0.027 0.997 -0.072 1.029
 -0.020 0.072 0.997 -0.627
 0.000 0.000 0.000 1.000)

2.3781700134277344
(0.999 -0.023 0.025 0.049
 0.025 0.996 -0.082 1.031
 -0.023 0.082 0.996 -0.627
 0.000 0.000 0.000 1.000)

2.3948230743408203
(0.999 -0.017 0.027 0.048
 0.019 0.996 -0.092 1.033
 -0.026 0.093 0.995 -0.627
 0.000 0.000 0.000 1.000)

2.411468029022217
(1.000 -0.012 0.029 0.048
 0.014 0.995 -0.098 1.034
 -0.028 0.099 0.995 -0.627
 0.000 0.000 0.000 1.000)

2.4281551837921143
(1.000 -0.008 0.028 0.048
 0.011 0.995 -0.098 1.034
 -0.027 0.098 0.995 -0.627
 0.000 0.000 0.000 1.000)

2.4606339931488037
(1.000 -0.004 0.024 0.049
 0.006 0.996 -0.091 1.033
 -0.024 0.092 0.996 -0.627
 0.000 0.000 0.000 1.000)

2.478196144104004
(1.000 0.005 0.016 0.050
 -0.004 0.997 -0.082 1.031
 -0.017 0.081 0.997 -0.627
 0.000 0.000 0.000 1.000)

2.49495005607605
(1.000 0.022 0.004 0.052
 -0.022 0.997 -0.074 1.029
 -0.006 0.074 0.997 -0.627
 0.000 0.000 0.000 1.000)

2.511599063873291
(0.998 0.060 -0.025 0.058
 -0.061 0.995 -0.075 1.028
 0.021 0.076 0.997 -0.627
 0.000 0.000 0.000 1.000)

2.5282890796661377
(0.997 0.067 -0.036 0.060
 -0.070 0.995 -0.076 1.027
 0.031 0.078 0.996 -0.626
 0.000 0.000 0.000 1.000)

2.544924020767212
(0.997 0.064 -0.043 0.061
 -0.067 0.995 -0.069 1.026
 0.038 0.071 0.997 -0.624
 0.000 0.000 0.000 1.000)

2.5616321563720703
(0.997 0.058 -0.045 0.063
 -0.060 0.997 -0.049 1.023
 0.042 0.052 0.998 -0.623
 0.000 0.000 0.000 1.000)

2.5782041549682617
(0.998 0.055 -0.041 0.063
 -0.056 0.998 -0.024 1.019
 0.040 0.026 0.999 -0.622
 0.000 0.000 0.000 1.000)

2.594961166381836
(0.997 0.067 -0.030 0.062
 -0.068 0.998 -0.011 1.016
 0.029 0.013 0.999 -0.622
 0.000 0.000 0.000 1.000)

2.611626148223877
(0.994 0.109 -0.006 0.059
 -0.109 0.994 -0.015 1.014
 0.004 0.016 1.000 -0.623
 0.000 0.000 0.000 1.000)

2.628324031829834
(0.984 0.175 0.029 0.054
 -0.174 0.984 -0.035 1.014
 -0.035 0.030 0.999 -0.623
 0.000 0.000 0.000 1.000)

2.6449880599975586
(0.969 0.236 0.076 0.048
 -0.232 0.971 -0.057 1.016
 -0.087 0.038 0.995 -0.622
 0.000 0.000 0.000 1.000)

2.6617431640625
(0.946 0.293 0.137 0.041
 -0.285 0.956 -0.073 1.017
 -0.152 0.030 0.988 -0.621
 0.000 0.000 0.000 1.000)

2.678356170654297
(0.911 0.355 0.208 0.034
 -0.345 0.935 -0.084 1.017
 -0.224 0.005 0.975 -0.620
 0.000 0.000 0.000 1.000)

2.7107901573181152
(0.870 0.414 0.268 0.028
 -0.401 0.910 -0.103 1.019
 -0.287 -0.018 0.958 -0.618
 0.000 0.000 0.000 1.000)

2.7284140586853027
(0.831 0.466 0.303 0.024
 -0.449 0.884 -0.128 1.021
 -0.328 -0.030 0.944 -0.617
 0.000 0.000 0.000 1.000)

2.7449381351470947
(0.804 0.508 0.309 0.023
 -0.487 0.861 -0.148 1.023
 -0.341 -0.031 0.940 -0.616
 0.000 0.000 0.000 1.000)

2.7617640495300293
(0.780 0.558 0.284 0.025
 -0.536 0.829 -0.158 1.023
 -0.323 -0.029 0.946 -0.616
 0.000 0.000 0.000 1.000)

2.7784881591796875
(0.763 0.580 0.285 0.024
 -0.559 0.814 -0.159 1.023
 -0.324 -0.038 0.945 -0.615
 0.000 0.000 0.000 1.000)

2.795145034790039
(0.740 0.604 0.296 0.023
 -0.586 0.795 -0.157 1.022
 -0.330 -0.057 0.942 -0.615
 0.000 0.000 0.000 1.000)

2.811812162399292
(0.722 0.619 0.309 0.020
 -0.604 0.782 -0.153 1.021
 -0.336 -0.077 0.939 -0.614
 0.000 0.000 0.000 1.000)

2.82851505279541
(0.722 0.616 0.317 0.019
 -0.604 0.783 -0.146 1.021
 -0.338 -0.086 0.937 -0.614
 0.000 0.000 0.000 1.000)

2.845149040222168
(0.734 0.594 0.330 0.017
 -0.584 0.800 -0.140 1.020
 -0.347 -0.090 0.934 -0.613
 0.000 0.000 0.000 1.000)

2.8616011142730713
(0.748 0.567 0.346 0.015
 -0.557 0.819 -0.138 1.019
 -0.361 -0.090 0.928 -0.612
 0.000 0.000 0.000 1.000)

2.8783152103424072
(0.755 0.547 0.361 0.013
 -0.538 0.832 -0.136 1.019
 -0.374 -0.092 0.923 -0.611
 0.000 0.000 0.000 1.000)

2.895064115524292
(0.753 0.544 0.370 0.012
 -0.535 0.834 -0.138 1.019
 -0.383 -0.094 0.919 -0.611
 0.000 0.000 0.000 1.000)

2.911856174468994
(0.741 0.558 0.374 0.011
 -0.547 0.824 -0.146 1.019
 -0.389 -0.096 0.916 -0.611
 0.000 0.000 0.000 1.000)

2.928495168685913
(0.720 0.581 0.381 0.010
 -0.569 0.808 -0.157 1.020
 -0.399 -0.104 0.911 -0.610
 0.000 0.000 0.000 1.000)

2.9609391689300537
(0.693 0.605 0.393 0.008
 -0.590 0.789 -0.174 1.023
 -0.415 -0.111 0.903 -0.608
 0.000 0.000 0.000 1.000)

2.9785091876983643
(0.666 0.623 0.411 0.005
 -0.604 0.773 -0.193 1.026
 -0.438 -0.120 0.891 -0.606
 0.000 0.000 0.000 1.000)

2.9952352046966553
(0.624 0.637 0.453 -0.001
 -0.603 0.761 -0.238 1.033
 -0.496 -0.125 0.859 -0.601
 0.000 0.000 0.000 1.000)

3.011881113052368
(0.604 0.644 0.470 -0.003
 -0.599 0.756 -0.264 1.037
 -0.525 -0.122 0.842 -0.599
 0.000 0.000 0.000 1.000)

3.0285770893096924
(0.583 0.654 0.483 -0.005
 -0.600 0.747 -0.287 1.041
 -0.548 -0.123 0.827 -0.597
 0.000 0.000 0.000 1.000)

3.0452451705932617
(0.564 0.665 0.489 -0.007
 -0.608 0.736 -0.298 1.043
 -0.558 -0.130 0.820 -0.595
 0.000 0.000 0.000 1.000)

3.061911106109619
(0.551 0.663 0.507 -0.009
 -0.618 0.732 -0.285 1.041
 -0.560 -0.156 0.813 -0.592
 0.000 0.000 0.000 1.000)

3.078627109527588
(0.541 0.641 0.543 -0.015
 -0.630 0.738 -0.243 1.035
 -0.557 -0.211 0.804 -0.589
 0.000 0.000 0.000 1.000)

3.095273017883301
(0.537 0.605 0.588 -0.021
 -0.641 0.746 -0.182 1.026
 -0.549 -0.279 0.788 -0.586
 0.000 0.000 0.000 1.000)

3.1119611263275146
(0.539 0.569 0.621 -0.025
 -0.651 0.749 -0.121 1.018
 -0.534 -0.339 0.774 -0.582
 0.000 0.000 0.000 1.000)

3.128660202026367
(0.546 0.546 0.635 -0.028
 -0.663 0.745 -0.071 1.012
 -0.512 -0.382 0.769 -0.580
 0.000 0.000 0.000 1.000)

3.1453301906585693
(0.554 0.533 0.640 -0.029
 -0.677 0.735 -0.026 1.006
 -0.484 -0.419 0.768 -0.578
 0.000 0.000 0.000 1.000)

3.1619391441345215
(0.559 0.519 0.646 -0.031
 -0.691 0.723 0.018 1.002
 -0.458 -0.456 0.763 -0.576
 0.000 0.000 0.000 1.000)

3.194446086883545
(0.554 0.507 0.661 -0.034
 -0.707 0.705 0.052 0.999
 -0.439 -0.496 0.749 -0.573
 0.000 0.000 0.000 1.000)

3.212053060531616
(0.536 0.500 0.681 -0.039
 -0.725 0.686 0.067 1.000
 -0.433 -0.529 0.730 -0.571
 0.000 0.000 0.000 1.000)

3.228743076324463
(0.508 0.504 0.699 -0.043
 -0.740 0.671 0.055 1.005
 -0.441 -0.545 0.713 -0.569
 0.000 0.000 0.000 1.000)

3.245286226272583
(0.472 0.524 0.709 -0.048
 -0.754 0.656 0.017 1.021
 -0.457 -0.543 0.705 -0.572
 0.000 0.000 0.000 1.000)

3.2620370388031006
(0.460 0.538 0.706 -0.049
 -0.761 0.649 0.002 1.030
 -0.457 -0.538 0.708 -0.575
 0.000 0.000 0.000 1.000)

3.278837203979492
(0.450 0.549 0.704 -0.050
 -0.765 0.644 -0.013 1.040
 -0.460 -0.533 0.710 -0.579
 0.000 0.000 0.000 1.000)

3.2953991889953613
(0.437 0.557 0.706 -0.051
 -0.767 0.641 -0.031 1.052
 -0.471 -0.528 0.707 -0.582
 0.000 0.000 0.000 1.000)

3.311842203140259
(0.420 0.563 0.712 -0.054
 -0.769 0.638 -0.052 1.065
 -0.483 -0.525 0.701 -0.586
 0.000 0.000 0.000 1.000)

3.3285090923309326
(0.406 0.567 0.716 -0.055
 -0.762 0.643 -0.077 1.080
 -0.504 -0.515 0.693 -0.590
 0.000 0.000 0.000 1.000)

3.345349073410034
(0.399 0.570 0.718 -0.057
 -0.746 0.657 -0.107 1.095
 -0.533 -0.493 0.688 -0.594
 0.000 0.000 0.000 1.000)

3.3621251583099365
(0.397 0.575 0.715 -0.057
 -0.724 0.675 -0.141 1.111
 -0.564 -0.462 0.684 -0.599
 0.000 0.000 0.000 1.000)

3.378737211227417
(0.393 0.589 0.706 -0.057
 -0.710 0.683 -0.174 1.126
 -0.585 -0.432 0.687 -0.604
 0.000 0.000 0.000 1.000)

3.3954591751098633
(0.385 0.610 0.692 -0.056
 -0.702 0.681 -0.209 1.141
 -0.599 -0.405 0.691 -0.609
 0.000 0.000 0.000 1.000)

3.4120562076568604
(0.377 0.630 0.679 -0.055
 -0.699 0.675 -0.237 1.154
 -0.608 -0.385 0.694 -0.613
 0.000 0.000 0.000 1.000)

3.4445900917053223
(0.373 0.642 0.670 -0.055
 -0.694 0.672 -0.257 1.165
 -0.615 -0.369 0.697 -0.617
 0.000 0.000 0.000 1.000)

3.462116003036499
(0.373 0.652 0.660 -0.055
 -0.689 0.671 -0.274 1.175
 -0.621 -0.353 0.700 -0.620
 0.000 0.000 0.000 1.000)

3.4787771701812744
(0.377 0.677 0.632 -0.054
 -0.684 0.664 -0.302 1.191
 -0.624 -0.319 0.713 -0.627
 0.000 0.000 0.000 1.000)

3.4954941272735596
(0.391 0.684 0.616 -0.054
 -0.678 0.667 -0.310 1.195
 -0.623 -0.296 0.724 -0.630
 0.000 0.000 0.000 1.000)

3.5121371746063232
(0.415 0.684 0.601 -0.054
 -0.666 0.678 -0.312 1.198
 -0.620 -0.271 0.736 -0.633
 0.000 0.000 0.000 1.000)

3.5288140773773193
(0.446 0.679 0.584 -0.053
 -0.648 0.695 -0.313 1.200
 -0.618 -0.239 0.749 -0.636
 0.000 0.000 0.000 1.000)

3.5454800128936768
(0.476 0.669 0.570 -0.053
 -0.632 0.711 -0.307 1.201
 -0.611 -0.214 0.762 -0.638
 0.000 0.000 0.000 1.000)

3.562122106552124
(0.501 0.665 0.554 -0.052
 -0.619 0.723 -0.307 1.202
 -0.605 -0.189 0.773 -0.639
 0.000 0.000 0.000 1.000)

3.578848123550415
(0.518 0.664 0.539 -0.052
 -0.608 0.729 -0.314 1.203
 -0.602 -0.165 0.782 -0.640
 0.000 0.000 0.000 1.000)

3.5955111980438232
(0.527 0.666 0.527 -0.053
 -0.598 0.732 -0.327 1.204
 -0.604 -0.143 0.784 -0.639
 0.000 0.000 0.000 1.000)

3.612190008163452
(0.527 0.670 0.524 -0.054
 -0.590 0.731 -0.342 1.205
 -0.612 -0.129 0.781 -0.638
 0.000 0.000 0.000 1.000)

3.6288671493530273
(0.519 0.673 0.527 -0.057
 -0.587 0.729 -0.352 1.205
 -0.621 -0.127 0.773 -0.636
 0.000 0.000 0.000 1.000)

3.645555019378662
(0.510 0.676 0.532 -0.059
 -0.590 0.725 -0.355 1.204
 -0.626 -0.133 0.768 -0.635
 0.000 0.000 0.000 1.000)

3.6622250080108643
(0.504 0.678 0.535 -0.060
 -0.598 0.721 -0.351 1.203
 -0.624 -0.143 0.768 -0.634
 0.000 0.000 0.000 1.000)

3.6947391033172607
(0.503 0.680 0.533 -0.060
 -0.607 0.717 -0.342 1.200
 -0.615 -0.152 0.774 -0.634
 0.000 0.000 0.000 1.000)

3.7122581005096436
(0.509 0.681 0.526 -0.060
 -0.614 0.716 -0.333 1.198
 -0.604 -0.153 0.782 -0.634
 0.000 0.000 0.000 1.000)

3.7289202213287354
(0.541 0.672 0.505 -0.057
 -0.600 0.729 -0.328 1.194
 -0.589 -0.126 0.798 -0.633
 0.000 0.000 0.000 1.000)

3.7455952167510986
(0.560 0.668 0.491 -0.055
 -0.586 0.738 -0.336 1.194
 -0.586 -0.099 0.804 -0.633
 0.000 0.000 0.000 1.000)

3.7622671127319336
(0.577 0.667 0.471 -0.053
 -0.570 0.742 -0.353 1.194
 -0.585 -0.065 0.808 -0.634
 0.000 0.000 0.000 1.000)

3.7789790630340576
(0.596 0.667 0.447 -0.049
 -0.553 0.745 -0.373 1.196
 -0.582 -0.025 0.813 -0.634
 0.000 0.000 0.000 1.000)

3.7956771850585938
(0.616 0.666 0.420 -0.045
 -0.535 0.745 -0.398 1.197
 -0.578 0.021 0.816 -0.634
 0.000 0.000 0.000 1.000)

3.8123672008514404
(0.638 0.663 0.392 -0.041
 -0.515 0.746 -0.422 1.199
 -0.572 0.067 0.817 -0.634
 0.000 0.000 0.000 1.000)

3.828993082046509
(0.655 0.658 0.371 -0.037
 -0.498 0.745 -0.444 1.201
 -0.568 0.106 0.816 -0.634
 0.000 0.000 0.000 1.000)

3.845661163330078
(0.667 0.653 0.360 -0.034
 -0.485 0.747 -0.455 1.201
 -0.566 0.129 0.814 -0.634
 0.000 0.000 0.000 1.000)

3.8623411655426025
(0.672 0.648 0.360 -0.032
 -0.480 0.750 -0.455 1.200
 -0.565 0.133 0.815 -0.634
 0.000 0.000 0.000 1.000)

3.8790600299835205
(0.668 0.647 0.367 -0.032
 -0.484 0.753 -0.446 1.198
 -0.565 0.121 0.816 -0.634
 0.000 0.000 0.000 1.000)

3.895707130432129
(0.661 0.649 0.376 -0.031
 -0.494 0.754 -0.434 1.195
 -0.565 0.101 0.819 -0.635
 0.000 0.000 0.000 1.000)

3.928209066390991
(0.655 0.653 0.382 -0.031
 -0.503 0.753 -0.425 1.193
 -0.564 0.086 0.821 -0.635
 0.000 0.000 0.000 1.000)

3.945707082748413
(0.655 0.652 0.383 -0.030
 -0.504 0.754 -0.421 1.191
 -0.563 0.083 0.822 -0.635
 0.000 0.000 0.000 1.000)

3.9623939990997314
(0.669 0.640 0.377 -0.027
 -0.484 0.761 -0.433 1.191
 -0.564 0.107 0.819 -0.635
 0.000 0.000 0.000 1.000)

3.979079008102417
(0.677 0.632 0.377 -0.026
 -0.469 0.766 -0.441 1.191
 -0.567 0.122 0.815 -0.635
 0.000 0.000 0.000 1.000)

3.995781183242798
(0.681 0.625 0.382 -0.026
 -0.458 0.771 -0.443 1.191
 -0.571 0.127 0.811 -0.635
 0.000 0.000 0.000 1.000)

4.012430191040039
(0.680 0.622 0.389 -0.026
 -0.455 0.774 -0.441 1.190
 -0.575 0.123 0.809 -0.634
 0.000 0.000 0.000 1.000)

4.029109954833984
(0.675 0.622 0.396 -0.027
 -0.458 0.775 -0.436 1.188
 -0.578 0.113 0.808 -0.634
 0.000 0.000 0.000 1.000)

4.045781135559082
(0.670 0.622 0.404 -0.027
 -0.462 0.776 -0.429 1.186
 -0.581 0.101 0.808 -0.634
 0.000 0.000 0.000 1.000)

4.062435150146484
(0.664 0.623 0.414 -0.028
 -0.468 0.778 -0.420 1.183
 -0.583 0.085 0.808 -0.633
 0.000 0.000 0.000 1.000)

4.07918119430542
(0.658 0.620 0.427 -0.030
 -0.475 0.782 -0.403 1.179
 -0.584 0.063 0.809 -0.633
 0.000 0.000 0.000 1.000)

4.095818042755127
(0.656 0.611 0.442 -0.031
 -0.482 0.791 -0.378 1.173
 -0.581 0.035 0.813 -0.633
 0.000 0.000 0.000 1.000)

4.11246395111084
(0.666 0.586 0.463 -0.034
 -0.484 0.811 -0.330 1.164
 -0.568 -0.004 0.823 -0.633
 0.000 0.000 0.000 1.000)

4.129169464111328
(0.688 0.537 0.488 -0.036
 -0.480 0.841 -0.250 1.150
 -0.545 -0.062 0.836 -0.633
 0.000 0.000 0.000 1.000)

4.145805358886719
(0.720 0.464 0.516 -0.039
 -0.469 0.874 -0.131 1.130
 -0.511 -0.147 0.847 -0.633
 0.000 0.000 0.000 1.000)

4.178359031677246
(0.758 0.368 0.538 -0.040
 -0.456 0.889 0.035 1.104
 -0.466 -0.272 0.842 -0.629
 0.000 0.000 0.000 1.000)

4.195870399475098
(0.797 0.286 0.532 -0.039
 -0.452 0.867 0.211 1.076
 -0.401 -0.408 0.820 -0.623
 0.000 0.000 0.000 1.000)

4.212541103363037
(0.851 0.243 0.466 -0.032
 -0.466 0.761 0.452 1.032
 -0.245 -0.602 0.760 -0.607
 0.000 0.000 0.000 1.000)

4.229226112365723
(0.856 0.244 0.456 -0.031
 -0.479 0.707 0.520 1.017
 -0.196 -0.664 0.722 -0.598
 0.000 0.000 0.000 1.000)

4.2459001541137695
(0.850 0.231 0.472 -0.034
 -0.492 0.667 0.559 1.005
 -0.186 -0.708 0.681 -0.589
 0.000 0.000 0.000 1.000)

4.2626142501831055
(0.842 0.208 0.499 -0.038
 -0.503 0.639 0.582 0.997
 -0.198 -0.741 0.642 -0.581
 0.000 0.000 0.000 1.000)

4.279297828674316
(0.829 0.198 0.523 -0.042
 -0.522 0.608 0.598 0.990
 -0.200 -0.769 0.607 -0.573
 0.000 0.000 0.000 1.000)

4.295928955078125
(0.819 0.198 0.539 -0.046
 -0.541 0.581 0.609 0.984
 -0.193 -0.790 0.582 -0.566
 0.000 0.000 0.000 1.000)

4.312615394592285
(0.813 0.194 0.549 -0.048
 -0.550 0.567 0.613 0.978
 -0.192 -0.800 0.568 -0.560
 0.000 0.000 0.000 1.000)

4.3292670249938965
(0.810 0.182 0.557 -0.049
 -0.548 0.570 0.611 0.974
 -0.207 -0.801 0.562 -0.556
 0.000 0.000 0.000 1.000)

4.345986366271973
(0.808 0.161 0.567 -0.051
 -0.539 0.591 0.600 0.971
 -0.239 -0.790 0.564 -0.553
 0.000 0.000 0.000 1.000)

4.362672805786133
(0.805 0.135 0.578 -0.052
 -0.522 0.623 0.582 0.970
 -0.282 -0.771 0.572 -0.551
 0.000 0.000 0.000 1.000)

4.379314422607422
(0.798 0.109 0.593 -0.054
 -0.504 0.658 0.558 0.970
 -0.329 -0.745 0.580 -0.550
 0.000 0.000 0.000 1.000)

4.396027088165283
(0.789 0.093 0.608 -0.055
 -0.494 0.685 0.536 0.971
 -0.366 -0.723 0.586 -0.549
 0.000 0.000 0.000 1.000)

4.428515434265137
(0.777 0.094 0.623 -0.057
 -0.498 0.697 0.516 0.971
 -0.386 -0.710 0.589 -0.548
 0.000 0.000 0.000 1.000)

4.446084022521973
(0.731 0.121 0.672 -0.061
 -0.547 0.692 0.471 0.974
 -0.408 -0.712 0.572 -0.544
 0.000 0.000 0.000 1.000)

4.462818145751953
(0.695 0.136 0.706 -0.065
 -0.578 0.690 0.437 0.977
 -0.428 -0.711 0.558 -0.541
 0.000 0.000 0.000 1.000)

4.479541778564453
(0.660 0.150 0.736 -0.068
 -0.602 0.691 0.399 0.980
 -0.449 -0.707 0.546 -0.539
 0.000 0.000 0.000 1.000)

4.496227264404297
(0.635 0.161 0.756 -0.069
 -0.618 0.692 0.372 0.982
 -0.464 -0.703 0.539 -0.538
 0.000 0.000 0.000 1.000)

4.512790203094482
(0.620 0.174 0.765 -0.070
 -0.627 0.696 0.350 0.984
 -0.472 -0.697 0.540 -0.538
 0.000 0.000 0.000 1.000)

4.52947998046875
(0.611 0.191 0.769 -0.069
 -0.635 0.698 0.331 0.986
 -0.473 -0.690 0.547 -0.540
 0.000 0.000 0.000 1.000)

4.54617977142334
(0.605 0.212 0.767 -0.067
 -0.642 0.700 0.313 0.987
 -0.471 -0.682 0.560 -0.542
 0.000 0.000 0.000 1.000)

4.562786102294922
(0.600 0.231 0.766 -0.065
 -0.644 0.708 0.290 0.989
 -0.475 -0.667 0.574 -0.545
 0.000 0.000 0.000 1.000)

4.579533100128174
(0.590 0.253 0.767 -0.064
 -0.642 0.723 0.255 0.993
 -0.489 -0.643 0.589 -0.548
 0.000 0.000 0.000 1.000)

4.596193313598633
(0.582 0.276 0.765 -0.062
 -0.634 0.743 0.214 0.998
 -0.510 -0.609 0.607 -0.552
 0.000 0.000 0.000 1.000)

4.612908363342285
(0.588 0.289 0.755 -0.060
 -0.610 0.772 0.180 1.002
 -0.531 -0.566 0.630 -0.557
 0.000 0.000 0.000 1.000)

4.629533767700195
(0.610 0.287 0.739 -0.057
 -0.568 0.809 0.154 1.006
 -0.553 -0.513 0.656 -0.562
 0.000 0.000 0.000 1.000)

4.661990165710449
(0.644 0.267 0.717 -0.053
 -0.509 0.849 0.141 1.008
 -0.571 -0.455 0.683 -0.568
 0.000 0.000 0.000 1.000)

4.679609298706055
(0.683 0.230 0.693 -0.048
 -0.436 0.890 0.133 1.009
 -0.586 -0.393 0.708 -0.573
 0.000 0.000 0.000 1.000)

4.696262359619141
(0.758 0.114 0.642 -0.039
 -0.260 0.956 0.138 1.010
 -0.598 -0.271 0.755 -0.583
 0.000 0.000 0.000 1.000)

4.712899208068848
(0.787 0.059 0.615 -0.034
 -0.180 0.974 0.137 1.012
 -0.591 -0.218 0.777 -0.587
 0.000 0.000 0.000 1.000)

4.729582786560059
(0.813 0.027 0.582 -0.030
 -0.123 0.984 0.126 1.015
 -0.569 -0.174 0.803 -0.590
 0.000 0.000 0.000 1.000)

4.746254920959473
(0.839 0.012 0.543 -0.025
 -0.079 0.992 0.101 1.020
 -0.538 -0.128 0.833 -0.594
 0.000 0.000 0.000 1.000)

4.762914180755615
(0.868 -0.008 0.497 -0.020
 -0.026 0.998 0.062 1.027
 -0.496 -0.067 0.866 -0.597
 0.000 0.000 0.000 1.000)

4.779619216918945
(0.895 -0.053 0.443 -0.014
 0.052 0.999 0.014 1.035
 -0.443 0.011 0.896 -0.600
 0.000 0.000 0.000 1.000)

4.796299934387207
(0.913 -0.132 0.387 -0.007
 0.161 0.986 -0.042 1.045
 -0.376 0.100 0.921 -0.603
 0.000 0.000 0.000 1.000)

4.812979221343994
(0.908 -0.255 0.334 -0.001
 0.302 0.949 -0.095 1.055
 -0.292 0.187 0.938 -0.604
 0.000 0.000 0.000 1.000)

4.829668998718262
(0.865 -0.411 0.287 0.003
 0.462 0.876 -0.139 1.065
 -0.194 0.253 0.948 -0.604
 0.000 0.000 0.000 1.000)

4.846362113952637
(0.778 -0.578 0.245 0.006
 0.622 0.765 -0.167 1.073
 -0.091 0.283 0.955 -0.603
 0.000 0.000 0.000 1.000)

4.863009452819824
(0.658 -0.724 0.206 0.009
 0.753 0.633 -0.181 1.078
 0.001 0.274 0.962 -0.601
 0.000 0.000 0.000 1.000)

4.879693031311035
(0.547 -0.818 0.176 0.010
 0.835 0.518 -0.186 1.081
 0.061 0.248 0.967 -0.600
 0.000 0.000 0.000 1.000)

4.912138938903809
(0.485 -0.860 0.159 0.010
 0.871 0.458 -0.177 1.082
 0.080 0.224 0.971 -0.600
 0.000 0.000 0.000 1.000)

4.9297051429748535
(0.524 -0.838 0.154 0.009
 0.850 0.504 -0.150 1.079
 0.048 0.209 0.977 -0.600
 0.000 0.000 0.000 1.000)

4.9464240074157715
(0.562 -0.812 0.158 0.009
 0.826 0.545 -0.144 1.078
 0.031 0.212 0.977 -0.600
 0.000 0.000 0.000 1.000)

4.963024139404297
(0.589 -0.791 0.163 0.008
 0.807 0.571 -0.149 1.078
 0.025 0.219 0.975 -0.600
 0.000 0.000 0.000 1.000)

4.979802131652832
(0.603 -0.780 0.168 0.007
 0.797 0.581 -0.163 1.080
 0.029 0.232 0.972 -0.599
 0.000 0.000 0.000 1.000)

4.996435165405273
(0.610 -0.773 0.174 0.006
 0.792 0.586 -0.175 1.082
 0.033 0.244 0.969 -0.599
 0.000 0.000 0.000 1.000)

5.013078212738037
(0.616 -0.766 0.183 0.005
 0.787 0.590 -0.179 1.082
 0.030 0.254 0.967 -0.599
 0.000 0.000 0.000 1.000)

5.029715061187744
(0.628 -0.754 0.193 0.004
 0.778 0.602 -0.182 1.082
 0.021 0.264 0.964 -0.599
 0.000 0.000 0.000 1.000)

5.046432018280029
(0.644 -0.739 0.197 0.003
 0.765 0.619 -0.179 1.082
 0.010 0.266 0.964 -0.600
 0.000 0.000 0.000 1.000)

5.063174247741699
(0.664 -0.722 0.196 0.003
 0.748 0.641 -0.174 1.081
 -0.000 0.262 0.965 -0.600
 0.000 0.000 0.000 1.000)

5.079798221588135
(0.684 -0.704 0.189 0.004
 0.729 0.661 -0.176 1.080
 -0.001 0.259 0.966 -0.601
 0.000 0.000 0.000 1.000)

5.09648323059082
(0.706 -0.685 0.180 0.006
 0.709 0.680 -0.190 1.081
 0.008 0.261 0.965 -0.601
 0.000 0.000 0.000 1.000)

5.113190174102783
(0.724 -0.669 0.168 0.007
 0.689 0.693 -0.212 1.083
 0.025 0.269 0.963 -0.600
 0.000 0.000 0.000 1.000)

5.129734992980957
(0.749 -0.644 0.156 0.009
 0.662 0.712 -0.236 1.086
 0.041 0.280 0.959 -0.600
 0.000 0.000 0.000 1.000)

5.162292003631592
(0.780 -0.609 0.145 0.010
 0.624 0.738 -0.256 1.088
 0.049 0.290 0.956 -0.599
 0.000 0.000 0.000 1.000)

5.179896354675293
(0.859 -0.493 0.139 0.012
 0.512 0.816 -0.269 1.089
 0.019 0.302 0.953 -0.600
 0.000 0.000 0.000 1.000)

5.196537017822266
(0.895 -0.421 0.146 0.011
 0.445 0.860 -0.251 1.085
 -0.020 0.289 0.957 -0.601
 0.000 0.000 0.000 1.000)

5.2132368087768555
(0.926 -0.344 0.158 0.010
 0.372 0.903 -0.216 1.079
 -0.068 0.258 0.964 -0.603
 0.000 0.000 0.000 1.000)

5.229860305786133
(0.946 -0.271 0.176 0.007
 0.301 0.938 -0.171 1.072
 -0.119 0.215 0.969 -0.604
 0.000 0.000 0.000 1.000)

5.246549129486084
(0.959 -0.201 0.200 0.004
 0.227 0.967 -0.117 1.064
 -0.170 0.158 0.973 -0.605
 0.000 0.000 0.000 1.000)

5.263325214385986
(0.964 -0.127 0.232 -0.000
 0.144 0.988 -0.058 1.054
 -0.222 0.090 0.971 -0.605
 0.000 0.000 0.000 1.000)

5.279929161071777
(0.960 -0.044 0.277 -0.006
 0.043 0.999 0.011 1.043
 -0.277 0.001 0.961 -0.603
 0.000 0.000 0.000 1.000)

5.296608924865723
(0.943 0.050 0.329 -0.014
 -0.084 0.992 0.089 1.031
 -0.322 -0.112 0.940 -0.600
 0.000 0.000 0.000 1.000)

5.313240051269531
(0.912 0.141 0.384 -0.022
 -0.220 0.961 0.170 1.018
 -0.345 -0.240 0.907 -0.594
 0.000 0.000 0.000 1.000)

5.329843044281006
(0.877 0.216 0.429 -0.029
 -0.345 0.905 0.249 1.006
 -0.335 -0.367 0.868 -0.587
 0.000 0.000 0.000 1.000)

5.346647262573242
(0.854 0.266 0.448 -0.033
 -0.434 0.839 0.329 0.996
 -0.288 -0.475 0.832 -0.579
 0.000 0.000 0.000 1.000)

5.363290786743164
(0.848 0.308 0.431 -0.032
 -0.483 0.784 0.390 0.989
 -0.218 -0.539 0.814 -0.572
 0.000 0.000 0.000 1.000)

5.395768165588379
(0.853 0.345 0.391 -0.029
 -0.502 0.748 0.434 0.984
 -0.142 -0.567 0.811 -0.567
 0.000 0.000 0.000 1.000)

5.41336727142334
(0.870 0.393 0.298 -0.020
 -0.491 0.753 0.438 0.982
 -0.052 -0.527 0.848 -0.563
 0.000 0.000 0.000 1.000)

5.429941177368164
(0.880 0.392 0.270 -0.018
 -0.473 0.780 0.409 0.984
 -0.050 -0.487 0.872 -0.562
 0.000 0.000 0.000 1.000)

5.446533203125
(0.886 0.383 0.259 -0.019
 -0.457 0.811 0.364 0.987
 -0.071 -0.441 0.895 -0.562
 0.000 0.000 0.000 1.000)

5.4633989334106445
(0.888 0.376 0.265 -0.022
 -0.448 0.836 0.317 0.989
 -0.102 -0.401 0.911 -0.560
 0.000 0.000 0.000 1.000)

5.480041027069092
(0.890 0.362 0.276 -0.026
 -0.432 0.863 0.262 0.992
 -0.143 -0.352 0.925 -0.558
 0.000 0.000 0.000 1.000)

5.496750831604004
(0.895 0.342 0.286 -0.030
 -0.405 0.892 0.203 0.994
 -0.185 -0.297 0.937 -0.555
 0.000 0.000 0.000 1.000)

5.513408184051514
(0.905 0.308 0.295 -0.034
 -0.360 0.922 0.145 0.996
 -0.227 -0.237 0.945 -0.551
 0.000 0.000 0.000 1.000)

5.529955863952637
(0.917 0.259 0.303 -0.037
 -0.298 0.951 0.088 0.998
 -0.265 -0.170 0.949 -0.546
 0.000 0.000 0.000 1.000)

5.546931266784668
(0.928 0.198 0.316 -0.042
 -0.220 0.975 0.036 0.999
 -0.301 -0.103 0.948 -0.539
 0.000 0.000 0.000 1.000)

5.563568115234375
(0.932 0.136 0.335 -0.047
 -0.142 0.990 -0.008 0.999
 -0.333 -0.040 0.942 -0.531
 0.000 0.000 0.000 1.000)

5.592662811279297
(0.931 0.088 0.355 -0.052
 -0.075 0.996 -0.050 0.998
 -0.358 0.020 0.934 -0.522
 0.000 0.000 0.000 1.000)

5.596920967102051
(0.928 0.051 0.370 -0.057
 -0.017 0.995 -0.097 0.995
 -0.373 0.083 0.924 -0.513
 0.000 0.000 0.000 1.000)

5.613527297973633
(0.926 0.026 0.377 -0.060
 0.028 0.990 -0.137 0.990
 -0.377 0.138 0.916 -0.504
 0.000 0.000 0.000 1.000)

5.645929336547852
(0.926 0.008 0.378 -0.063
 0.062 0.983 -0.172 0.984
 -0.373 0.182 0.910 -0.495
 0.000 0.000 0.000 1.000)

5.663498878479004
(0.923 -0.036 0.382 -0.069
 0.119 0.974 -0.195 0.965
 -0.365 0.226 0.903 -0.480
 0.000 0.000 0.000 1.000)

5.680177211761475
(0.918 -0.068 0.390 -0.073
 0.151 0.971 -0.185 0.954
 -0.367 0.228 0.902 -0.471
 0.000 0.000 0.000 1.000)

5.69686222076416
