8.582208633422852
(-0.685 0.470 0.557 -1.486
 -0.024 -0.778 0.627 1.250
 0.728 0.416 0.544 0.881
 0.000 0.000 0.000 1.000)

8.600204467773438
(0.824 -0.376 -0.425 -1.380
 0.269 0.918 -0.291 1.288
 0.500 0.125 0.857 0.843
 0.000 0.000 0.000 1.000)

8.61645793914795
(0.776 -0.630 -0.038 -1.398
 0.495 0.645 -0.582 1.307
 0.391 0.433 0.812 0.829
 0.000 0.000 0.000 1.000)

8.63314437866211
(0.904 -0.307 -0.298 -1.362
 0.196 0.916 -0.350 1.281
 0.381 0.258 0.888 0.804
 0.000 0.000 0.000 1.000)

8.649836540222168
(0.899 -0.205 -0.387 -1.340
 0.186 0.979 -0.085 1.253
 0.396 0.005 0.918 0.786
 0.000 0.000 0.000 1.000)

8.666396141052246
(0.852 -0.183 -0.491 -1.316
 0.129 0.982 -0.141 1.251
 0.507 0.057 0.860 0.775
 0.000 0.000 0.000 1.000)

8.682967185974121
(0.792 0.013 -0.610 -1.279
 -0.146 0.975 -0.169 1.239
 0.593 0.223 0.774 0.747
 0.000 0.000 0.000 1.000)

8.699715614318848
(0.769 0.062 -0.636 -1.265
 -0.201 0.968 -0.149 1.231
 0.607 0.243 0.757 0.732
 0.000 0.000 0.000 1.000)

8.716425895690918
(0.764 0.060 -0.642 -1.252
 -0.174 0.978 -0.116 1.223
 0.621 0.200 0.758 0.717
 0.000 0.000 0.000 1.000)

8.73311710357666
(0.787 0.036 -0.616 -1.241
 -0.104 0.992 -0.075 1.216
 0.608 0.124 0.784 0.701
 0.000 0.000 0.000 1.000)

8.749749183654785
(0.799 0.010 -0.601 -1.228
 -0.039 0.999 -0.036 1.211
 0.600 0.053 0.798 0.688
 0.000 0.000 0.000 1.000)

8.766451835632324
(0.799 -0.059 -0.599 -1.215
 0.032 0.998 -0.056 1.212
 0.601 0.026 0.799 0.677
 0.000 0.000 0.000 1.000)

8.799007415771484
(0.782 -0.170 -0.600 -1.201
 0.132 0.985 -0.108 1.219
 0.610 0.005 0.793 0.667
 0.000 0.000 0.000 1.000)

8.816505432128906
(0.738 -0.302 -0.603 -1.190
 0.243 0.953 -0.180 1.230
 0.629 -0.014 0.777 0.657
 0.000 0.000 0.000 1.000)

8.833168983459473
(0.677 -0.443 -0.588 -1.182
 0.358 0.896 -0.264 1.243
 0.644 -0.032 0.765 0.646
 0.000 0.000 0.000 1.000)

8.849895477294922
(0.606 -0.563 -0.562 -1.177
 0.461 0.825 -0.328 1.255
 0.648 -0.060 0.759 0.635
 0.000 0.000 0.000 1.000)

8.866497993469238
(0.535 -0.667 -0.518 -1.174
 0.560 0.740 -0.374 1.266
 0.632 -0.090 0.769 0.621
 0.000 0.000 0.000 1.000)

8.883163452148438
(0.474 -0.743 -0.473 -1.171
 0.645 0.659 -0.388 1.273
 0.600 -0.121 0.791 0.605
 0.000 0.000 0.000 1.000)

8.89988899230957
(0.435 -0.790 -0.431 -1.167
 0.705 0.597 -0.383 1.277
 0.560 -0.137 0.817 0.589
 0.000 0.000 0.000 1.000)

8.91659927368164
(0.411 -0.824 -0.390 -1.161
 0.752 0.548 -0.366 1.279
 0.516 -0.143 0.845 0.573
 0.000 0.000 0.000 1.000)

8.933262825012207
(0.442 -0.821 -0.362 -1.141
 0.766 0.555 -0.324 1.281
 0.466 -0.134 0.874 0.549
 0.000 0.000 0.000 1.000)

8.949734687805176
(0.480 -0.794 -0.374 -1.126
 0.747 0.593 -0.300 1.281
 0.460 -0.135 0.878 0.541
 0.000 0.000 0.000 1.000)

8.966429710388184
(0.518 -0.756 -0.400 -1.109
 0.718 0.639 -0.278 1.282
 0.465 -0.143 0.873 0.534
 0.000 0.000 0.000 1.000)

8.983358383178711
(0.547 -0.715 -0.436 -1.091
 0.684 0.682 -0.259 1.282
 0.482 -0.157 0.862 0.529
 0.000 0.000 0.000 1.000)

9.000051498413086
(0.551 -0.693 -0.464 -1.074
 0.675 0.697 -0.240 1.282
 0.490 -0.181 0.853 0.523
 0.000 0.000 0.000 1.000)

9.01663875579834
(0.536 -0.690 -0.487 -1.058
 0.682 0.693 -0.231 1.284
 0.497 -0.209 0.842 0.518
 0.000 0.000 0.000 1.000)

9.049159049987793
(0.508 -0.706 -0.493 -1.045
 0.710 0.668 -0.224 1.285
 0.487 -0.237 0.841 0.511
 0.000 0.000 0.000 1.000)

9.066734313964844
(0.487 -0.722 -0.491 -1.033
 0.737 0.641 -0.214 1.284
 0.469 -0.258 0.844 0.502
 0.000 0.000 0.000 1.000)

9.083305358886719
(0.476 -0.736 -0.481 -1.021
 0.758 0.621 -0.201 1.283
 0.447 -0.269 0.853 0.493
 0.000 0.000 0.000 1.000)

9.100116729736328
(0.478 -0.734 -0.483 -1.008
 0.761 0.620 -0.189 1.280
 0.439 -0.277 0.855 0.484
 0.000 0.000 0.000 1.000)

9.116852760314941
(0.496 -0.715 -0.493 -0.993
 0.752 0.638 -0.169 1.275
 0.435 -0.287 0.853 0.476
 0.000 0.000 0.000 1.000)

9.13346004486084
(0.528 -0.677 -0.512 -0.977
 0.718 0.678 -0.156 1.269
 0.453 -0.286 0.844 0.468
 0.000 0.000 0.000 1.000)

9.150176048278809
(0.579 -0.616 -0.534 -0.961
 0.658 0.740 -0.140 1.262
 0.481 -0.271 0.834 0.461
 0.000 0.000 0.000 1.000)

9.166836738586426
(0.684 -0.449 -0.575 -0.930
 0.485 0.869 -0.102 1.245
 0.545 -0.209 0.812 0.444
 0.000 0.000 0.000 1.000)

9.183449745178223
(0.717 -0.390 -0.578 -0.918
 0.414 0.905 -0.097 1.238
 0.561 -0.170 0.810 0.434
 0.000 0.000 0.000 1.000)

9.200127601623535
(0.738 -0.348 -0.578 -0.907
 0.353 0.929 -0.108 1.233
 0.575 -0.124 0.809 0.424
 0.000 0.000 0.000 1.000)

9.216835975646973
(0.756 -0.320 -0.571 -0.897
 0.305 0.944 -0.125 1.230
 0.579 -0.080 0.811 0.413
 0.000 0.000 0.000 1.000)

9.233489990234375
(0.775 -0.282 -0.566 -0.888
 0.252 0.959 -0.132 1.225
 0.580 -0.041 0.814 0.401
 0.000 0.000 0.000 1.000)

9.250186920166016
(0.788 -0.248 -0.564 -0.877
 0.216 0.968 -0.125 1.219
 0.577 -0.023 0.816 0.389
 0.000 0.000 0.000 1.000)

9.282634735107422
(0.795 -0.223 -0.565 -0.867
 0.199 0.974 -0.104 1.213
 0.573 -0.030 0.819 0.377
 0.000 0.000 0.000 1.000)

9.300193786621094
(0.794 -0.235 -0.560 -0.858
 0.224 0.970 -0.091 1.209
 0.565 -0.053 0.823 0.365
 0.000 0.000 0.000 1.000)

9.316882133483887
(0.787 -0.261 -0.559 -0.849
 0.262 0.962 -0.080 1.206
 0.558 -0.084 0.826 0.354
 0.000 0.000 0.000 1.000)

9.333553314208984
(0.776 -0.294 -0.557 -0.839
 0.306 0.949 -0.074 1.205
 0.551 -0.113 0.827 0.343
 0.000 0.000 0.000 1.000)

9.35024356842041
(0.769 -0.304 -0.562 -0.830
 0.319 0.945 -0.074 1.204
 0.554 -0.122 0.824 0.332
 0.000 0.000 0.000 1.000)

9.366903305053711
(0.769 -0.303 -0.563 -0.821
 0.313 0.946 -0.081 1.205
 0.558 -0.114 0.822 0.321
 0.000 0.000 0.000 1.000)

9.383577346801758
(0.777 -0.289 -0.559 -0.813
 0.295 0.952 -0.082 1.206
 0.556 -0.101 0.825 0.309
 0.000 0.000 0.000 1.000)

9.400296211242676
(0.789 -0.283 -0.546 -0.806
 0.289 0.954 -0.076 1.207
 0.542 -0.097 0.835 0.297
 0.000 0.000 0.000 1.000)

9.416991233825684
(0.787 -0.339 -0.516 -0.789
 0.346 0.934 -0.086 1.215
 0.512 -0.110 0.852 0.274
 0.000 0.000 0.000 1.000)

9.433633804321289
(0.774 -0.375 -0.510 -0.779
 0.390 0.917 -0.083 1.218
 0.499 -0.134 0.856 0.264
 0.000 0.000 0.000 1.000)

9.45025634765625
(0.759 -0.404 -0.512 -0.767
 0.424 0.902 -0.082 1.220
 0.494 -0.155 0.855 0.255
 0.000 0.000 0.000 1.000)

9.46696662902832
(0.746 -0.420 -0.517 -0.755
 0.456 0.888 -0.063 1.221
 0.485 -0.189 0.854 0.246
 0.000 0.000 0.000 1.000)

9.483674049377441
(0.738 -0.429 -0.521 -0.742
 0.477 0.878 -0.048 1.220
 0.478 -0.213 0.852 0.237
 0.000 0.000 0.000 1.000)

9.500240325927734
(0.731 -0.442 -0.520 -0.731
 0.498 0.866 -0.035 1.221
 0.466 -0.233 0.853 0.227
 0.000 0.000 0.000 1.000)

9.532782554626465
(0.717 -0.472 -0.512 -0.720
 0.530 0.847 -0.040 1.224
 0.453 -0.243 0.858 0.216
 0.000 0.000 0.000 1.000)

9.550251960754395
(0.684 -0.531 -0.500 -0.711
 0.586 0.808 -0.056 1.229
 0.434 -0.255 0.864 0.205
 0.000 0.000 0.000 1.000)

9.566934585571289
(0.623 -0.615 -0.484 -0.701
 0.665 0.742 -0.088 1.238
 0.413 -0.267 0.871 0.194
 0.000 0.000 0.000 1.000)

9.583599090576172
(0.542 -0.701 -0.464 -0.693
 0.743 0.657 -0.124 1.247
 0.392 -0.277 0.877 0.182
 0.000 0.000 0.000 1.000)

9.600260734558105
(0.466 -0.768 -0.440 -0.684
 0.801 0.577 -0.158 1.256
 0.375 -0.279 0.884 0.170
 0.000 0.000 0.000 1.000)

9.617067337036133
(0.408 -0.812 -0.416 -0.676
 0.835 0.517 -0.190 1.263
 0.369 -0.270 0.889 0.157
 0.000 0.000 0.000 1.000)

9.633713722229004
(0.389 -0.831 -0.398 -0.666
 0.844 0.495 -0.208 1.266
 0.370 -0.255 0.893 0.145
 0.000 0.000 0.000 1.000)

9.65038776397705
(0.430 -0.806 -0.406 -0.638
 0.817 0.539 -0.205 1.265
 0.384 -0.243 0.891 0.121
 0.000 0.000 0.000 1.000)

9.66710090637207
(0.488 -0.765 -0.421 -0.621
 0.782 0.597 -0.178 1.259
 0.387 -0.243 0.890 0.108
 0.000 0.000 0.000 1.000)

9.683781623840332
(0.567 -0.698 -0.437 -0.604
 0.725 0.675 -0.139 1.251
 0.392 -0.238 0.889 0.095
 0.000 0.000 0.000 1.000)

9.700485229492188
(0.652 -0.608 -0.453 -0.586
 0.644 0.759 -0.091 1.242
 0.400 -0.232 0.887 0.081
 0.000 0.000 0.000 1.000)

9.717141151428223
(0.719 -0.516 -0.465 -0.570
 0.564 0.825 -0.043 1.232
 0.406 -0.231 0.884 0.068
 0.000 0.000 0.000 1.000)

9.733848571777344
(0.758 -0.448 -0.474 -0.555
 0.506 0.863 -0.006 1.225
 0.412 -0.235 0.881 0.055
 0.000 0.000 0.000 1.000)

9.750510215759277
(0.778 -0.413 -0.473 -0.541
 0.475 0.880 0.014 1.222
 0.410 -0.236 0.881 0.040
 0.000 0.000 0.000 1.000)

9.782934188842773
(0.798 -0.383 -0.465 -0.529
 0.443 0.896 0.023 1.220
 0.408 -0.224 0.885 0.026
 0.000 0.000 0.000 1.000)

9.800548553466797
(0.827 -0.342 -0.447 -0.518
 0.391 0.920 0.020 1.220
 0.404 -0.192 0.894 0.010
 0.000 0.000 0.000 1.000)

9.817158699035645
(0.859 -0.280 -0.428 -0.508
 0.317 0.948 0.015 1.221
 0.401 -0.148 0.904 -0.006
 0.000 0.000 0.000 1.000)

9.833864212036133
(0.887 -0.208 -0.413 -0.498
 0.233 0.972 0.010 1.221
 0.400 -0.105 0.911 -0.023
 0.000 0.000 0.000 1.000)

9.850515365600586
(0.907 -0.131 -0.401 -0.488
 0.149 0.989 0.014 1.221
 0.395 -0.073 0.916 -0.039
 0.000 0.000 0.000 1.000)

9.867207527160645
(0.920 -0.069 -0.385 -0.479
 0.083 0.996 0.019 1.222
 0.383 -0.049 0.923 -0.055
 0.000 0.000 0.000 1.000)

9.883895874023438
(0.931 -0.017 -0.364 -0.470
 0.029 0.999 0.028 1.222
 0.363 -0.037 0.931 -0.071
 0.000 0.000 0.000 1.000)

9.900629043579102
(0.951 0.044 -0.305 -0.455
 -0.032 0.998 0.044 1.223
 0.307 -0.032 0.951 -0.104
 0.000 0.000 0.000 1.000)

9.917241096496582
(0.958 0.066 -0.280 -0.447
 -0.053 0.997 0.053 1.224
 0.283 -0.036 0.958 -0.119
 0.000 0.000 0.000 1.000)

9.933931350708008
(0.961 0.084 -0.263 -0.438
 -0.071 0.996 0.059 1.225
 0.267 -0.038 0.963 -0.134
 0.000 0.000 0.000 1.000)

9.95061206817627
(0.965 0.089 -0.248 -0.429
 -0.074 0.995 0.067 1.226
 0.253 -0.046 0.966 -0.148
 0.000 0.000 0.000 1.000)

9.96727180480957
(0.966 0.099 -0.239 -0.419
 -0.084 0.994 0.074 1.229
 0.245 -0.051 0.968 -0.161
 0.000 0.000 0.000 1.000)

9.983942985534668
(0.966 0.107 -0.234 -0.409
 -0.093 0.993 0.070 1.232
 0.240 -0.046 0.970 -0.174
 0.000 0.000 0.000 1.000)

10.016410827636719
(0.965 0.124 -0.230 -0.400
 -0.114 0.992 0.059 1.237
 0.235 -0.031 0.971 -0.187
 0.000 0.000 0.000 1.000)

10.034010887145996
(0.961 0.150 -0.230 -0.390
 -0.143 0.989 0.045 1.243
 0.235 -0.011 0.972 -0.199
 0.000 0.000 0.000 1.000)

10.050642013549805
(0.955 0.182 -0.235 -0.380
 -0.181 0.983 0.024 1.249
 0.235 0.019 0.972 -0.212
 0.000 0.000 0.000 1.000)

10.067333221435547
(0.950 0.197 -0.241 -0.370
 -0.204 0.979 -0.004 1.256
 0.235 0.053 0.971 -0.224
 0.000 0.000 0.000 1.000)

10.08401870727539
(0.952 0.188 -0.242 -0.361
 -0.201 0.979 -0.032 1.263
 0.231 0.079 0.970 -0.237
 0.000 0.000 0.000 1.000)

10.100685119628906
(0.960 0.150 -0.239 -0.352
 -0.168 0.984 -0.061 1.270
 0.226 0.098 0.969 -0.251
 0.000 0.000 0.000 1.000)

10.117347717285156
(0.971 0.070 -0.228 -0.344
 -0.093 0.991 -0.092 1.278
 0.219 0.110 0.969 -0.264
 0.000 0.000 0.000 1.000)

10.134037017822266
(0.968 -0.155 -0.197 -0.329
 0.131 0.983 -0.129 1.292
 0.214 0.099 0.972 -0.290
 0.000 0.000 0.000 1.000)

10.150724411010742
(0.940 -0.290 -0.178 -0.322
 0.267 0.953 -0.141 1.299
 0.211 0.085 0.974 -0.303
 0.000 0.000 0.000 1.000)

10.167390823364258
(0.903 -0.397 -0.165 -0.315
 0.376 0.915 -0.148 1.304
 0.210 0.072 0.975 -0.316
 0.000 0.000 0.000 1.000)

10.184066772460938
(0.864 -0.480 -0.152 -0.308
 0.459 0.875 -0.151 1.307
 0.206 0.061 0.977 -0.328
 0.000 0.000 0.000 1.000)

10.200708389282227
(0.839 -0.525 -0.143 -0.301
 0.505 0.849 -0.156 1.310
 0.204 0.059 0.977 -0.341
 0.000 0.000 0.000 1.000)

10.21741771697998
(0.828 -0.546 -0.132 -0.294
 0.526 0.836 -0.159 1.312
 0.197 0.062 0.978 -0.354
 0.000 0.000 0.000 1.000)

10.234094619750977
(0.831 -0.544 -0.121 -0.287
 0.523 0.836 -0.167 1.313
 0.192 0.076 0.978 -0.367
 0.000 0.000 0.000 1.000)

10.266563415527344
(0.838 -0.535 -0.111 -0.280
 0.513 0.840 -0.175 1.313
 0.186 0.090 0.978 -0.379
 0.000 0.000 0.000 1.000)

10.284151077270508
(0.850 -0.516 -0.107 -0.271
 0.495 0.851 -0.176 1.313
 0.182 0.097 0.978 -0.391
 0.000 0.000 0.000 1.000)

10.300833702087402
(0.864 -0.491 -0.110 -0.262
 0.469 0.865 -0.177 1.311
 0.182 0.102 0.978 -0.403
 0.000 0.000 0.000 1.000)

10.317505836486816
(0.885 -0.449 -0.121 -0.251
 0.427 0.888 -0.170 1.307
 0.184 0.099 0.978 -0.415
 0.000 0.000 0.000 1.000)

10.334190368652344
(0.914 -0.382 -0.137 -0.239
 0.360 0.919 -0.160 1.303
 0.187 0.097 0.978 -0.427
 0.000 0.000 0.000 1.000)

10.350866317749023
(0.951 -0.265 -0.159 -0.227
 0.244 0.960 -0.140 1.295
 0.189 0.094 0.977 -0.439
 0.000 0.000 0.000 1.000)

10.36747932434082
(0.977 -0.106 -0.183 -0.216
 0.087 0.991 -0.105 1.285
 0.193 0.087 0.977 -0.451
 0.000 0.000 0.000 1.000)

10.384164810180664
(0.960 0.179 -0.215 -0.199
 -0.188 0.982 -0.019 1.264
 0.208 0.058 0.976 -0.475
 0.000 0.000 0.000 1.000)

10.400853157043457
(0.944 0.257 -0.208 -0.195
 -0.262 0.965 0.003 1.258
 0.202 0.052 0.978 -0.488
 0.000 0.000 0.000 1.000)

10.41755199432373
(0.939 0.290 -0.184 -0.192
 -0.296 0.955 -0.003 1.256
 0.175 0.057 0.983 -0.502
 0.000 0.000 0.000 1.000)

10.434219360351562
(0.938 0.310 -0.152 -0.191
 -0.317 0.948 -0.019 1.257
 0.138 0.066 0.988 -0.516
 0.000 0.000 0.000 1.000)

10.450888633728027
(0.938 0.324 -0.120 -0.190
 -0.331 0.943 -0.037 1.258
 0.101 0.075 0.992 -0.530
 0.000 0.000 0.000 1.000)

10.467559814453125
(0.931 0.354 -0.093 -0.189
 -0.359 0.932 -0.048 1.259
 0.069 0.078 0.995 -0.543
 0.000 0.000 0.000 1.000)

10.484248161315918
(0.910 0.408 -0.073 -0.187
 -0.411 0.910 -0.049 1.258
 0.047 0.075 0.996 -0.555
 0.000 0.000 0.000 1.000)

10.516712188720703
(0.880 0.470 -0.061 -0.185
 -0.473 0.880 -0.038 1.255
 0.036 0.062 0.997 -0.567
 0.000 0.000 0.000 1.000)

10.534217834472656
(0.846 0.531 -0.053 -0.182
 -0.532 0.846 -0.022 1.252
 0.033 0.046 0.998 -0.579
 0.000 0.000 0.000 1.000)

10.550976753234863
(0.820 0.570 -0.051 -0.179
 -0.571 0.821 -0.006 1.250
 0.038 0.034 0.999 -0.590
 0.000 0.000 0.000 1.000)

10.567667007446289
(0.824 0.564 -0.049 -0.175
 -0.564 0.826 0.004 1.250
 0.043 0.025 0.999 -0.600
 0.000 0.000 0.000 1.000)

10.58434009552002
(0.859 0.510 -0.050 -0.171
 -0.510 0.860 0.005 1.252
 0.046 0.021 0.999 -0.610
 0.000 0.000 0.000 1.000)

10.600996971130371
(0.906 0.419 -0.056 -0.165
 -0.420 0.908 -0.005 1.256
 0.049 0.028 0.998 -0.620
 0.000 0.000 0.000 1.000)

10.617637634277344
(0.961 0.261 -0.093 -0.152
 -0.267 0.962 -0.059 1.271
 0.074 0.082 0.994 -0.640
 0.000 0.000 0.000 1.000)

10.63432788848877
(0.961 0.243 -0.130 -0.145
 -0.256 0.962 -0.094 1.278
 0.102 0.123 0.987 -0.649
 0.000 0.000 0.000 1.000)

10.65102767944336
(0.954 0.245 -0.174 -0.137
 -0.268 0.955 -0.129 1.285
 0.135 0.170 0.976 -0.657
 0.000 0.000 0.000 1.000)

10.667707443237305
(0.938 0.263 -0.226 -0.130
 -0.301 0.941 -0.154 1.291
 0.172 0.213 0.962 -0.666
 0.000 0.000 0.000 1.000)

10.684372901916504
(0.922 0.270 -0.279 -0.122
 -0.324 0.930 -0.173 1.295
 0.213 0.250 0.945 -0.674
 0.000 0.000 0.000 1.000)

10.70107364654541
(0.904 0.270 -0.331 -0.115
 -0.340 0.924 -0.174 1.297
 0.259 0.270 0.927 -0.682
 0.000 0.000 0.000 1.000)

10.717741966247559
(0.887 0.257 -0.383 -0.108
 -0.339 0.927 -0.163 1.298
 0.313 0.274 0.909 -0.690
 0.000 0.000 0.000 1.000)

10.7501859664917
(0.866 0.244 -0.436 -0.102
 -0.333 0.933 -0.140 1.297
 0.372 0.266 0.889 -0.698
 0.000 0.000 0.000 1.000)

10.767775535583496
(0.840 0.236 -0.488 -0.097
 -0.326 0.939 -0.106 1.295
 0.433 0.249 0.866 -0.705
 0.000 0.000 0.000 1.000)

10.784393310546875
(0.811 0.231 -0.538 -0.094
 -0.315 0.947 -0.069 1.292
 0.493 0.225 0.840 -0.711
 0.000 0.000 0.000 1.000)

10.801126480102539
(0.779 0.231 -0.583 -0.093
 -0.303 0.952 -0.028 1.289
 0.548 0.199 0.812 -0.718
 0.000 0.000 0.000 1.000)

10.817889213562012
(0.747 0.247 -0.617 -0.093
 -0.304 0.953 0.013 1.285
 0.591 0.178 0.787 -0.724
 0.000 0.000 0.000 1.000)

10.83446216583252
(0.721 0.263 -0.641 -0.097
 -0.309 0.950 0.043 1.283
 0.620 0.167 0.766 -0.732
 0.000 0.000 0.000 1.000)

10.85114860534668
(0.703 0.281 -0.653 -0.102
 -0.316 0.946 0.068 1.281
 0.637 0.159 0.754 -0.740
 0.000 0.000 0.000 1.000)

10.867801666259766
(0.703 0.293 -0.648 -0.116
 -0.313 0.946 0.088 1.280
 0.639 0.141 0.756 -0.762
 0.000 0.000 0.000 1.000)

10.884533882141113
(0.715 0.296 -0.634 -0.126
 -0.317 0.945 0.083 1.281
 0.623 0.142 0.769 -0.775
 0.000 0.000 0.000 1.000)

10.901222229003906
(0.727 0.305 -0.615 -0.136
 -0.325 0.942 0.083 1.282
 0.605 0.140 0.784 -0.788
 0.000 0.000 0.000 1.000)

10.917861938476562
(0.742 0.311 -0.595 -0.148
 -0.330 0.941 0.079 1.283
 0.584 0.138 0.800 -0.801
 0.000 0.000 0.000 1.000)

10.934530258178711
(0.758 0.308 -0.575 -0.160
 -0.332 0.941 0.066 1.285
 0.561 0.140 0.816 -0.812
 0.000 0.000 0.000 1.000)

10.95116901397705
(0.776 0.297 -0.556 -0.171
 -0.332 0.942 0.040 1.289
 0.535 0.153 0.831 -0.824
 0.000 0.000 0.000 1.000)

10.967862129211426
(0.794 0.283 -0.539 -0.182
 -0.331 0.944 0.007 1.294
 0.510 0.172 0.842 -0.834
 0.000 0.000 0.000 1.000)

11.000335693359375
(0.809 0.257 -0.528 -0.192
 -0.321 0.947 -0.031 1.299
 0.492 0.195 0.849 -0.843
 0.000 0.000 0.000 1.000)

11.017892837524414
(0.818 0.235 -0.524 -0.200
 -0.311 0.948 -0.060 1.302
 0.483 0.213 0.849 -0.851
 0.000 0.000 0.000 1.000)

11.034560203552246
(0.823 0.207 -0.529 -0.206
 -0.295 0.952 -0.086 1.305
 0.486 0.226 0.844 -0.857
 0.000 0.000 0.000 1.000)

11.051240921020508
(0.822 0.171 -0.543 -0.210
 -0.266 0.959 -0.101 1.307
 0.503 0.228 0.834 -0.862
 0.000 0.000 0.000 1.000)

11.067934036254883
(0.819 0.122 -0.560 -0.213
 -0.216 0.971 -0.105 1.308
 0.531 0.207 0.822 -0.867
 0.000 0.000 0.000 1.000)

11.08460521697998
(0.815 0.059 -0.576 -0.215
 -0.144 0.984 -0.102 1.307
 0.561 0.166 0.811 -0.870
 0.000 0.000 0.000 1.000)

11.101299285888672
(0.806 -0.042 -0.590 -0.221
 -0.008 0.997 -0.082 1.303
 0.592 0.071 0.803 -0.876
 0.000 0.000 0.000 1.000)

11.117959022521973
(0.813 -0.049 -0.580 -0.226
 0.010 0.998 -0.070 1.299
 0.582 0.051 0.812 -0.882
 0.000 0.000 0.000 1.000)

11.134635925292969
(0.831 -0.031 -0.556 -0.232
 -0.001 0.998 -0.057 1.294
 0.556 0.048 0.830 -0.888
 0.000 0.000 0.000 1.000)

11.1513090133667
(0.854 -0.030 -0.520 -0.238
 0.015 0.999 -0.032 1.288
 0.521 0.020 0.854 -0.895
 0.000 0.000 0.000 1.000)

11.167974472045898
(0.879 -0.061 -0.472 -0.246
 0.068 0.998 -0.001 1.282
 0.471 -0.031 0.881 -0.902
 0.000 0.000 0.000 1.000)

11.20756721496582
(0.902 -0.118 -0.415 -0.254
 0.146 0.989 0.036 1.276
 0.406 -0.093 0.909 -0.909
 0.000 0.000 0.000 1.000)

11.208661079406738
(0.916 -0.187 -0.355 -0.262
 0.226 0.972 0.069 1.272
 0.332 -0.144 0.932 -0.914
 0.000 0.000 0.000 1.000)

11.241065979003906
(0.937 -0.249 -0.245 -0.276
 0.285 0.951 0.121 1.263
 0.203 -0.183 0.962 -0.920
 0.000 0.000 0.000 1.000)

11.258625030517578
(0.953 -0.241 -0.184 -0.285
 0.268 0.953 0.140 1.259
 0.141 -0.183 0.973 -0.922
 0.000 0.000 0.000 1.000)

11.275309562683105
(0.973 -0.205 -0.109 -0.295
 0.220 0.964 0.149 1.257
 0.075 -0.169 0.983 -0.922
 0.000 0.000 0.000 1.000)

11.291988372802734
(0.983 -0.180 -0.027 -0.307
 0.182 0.972 0.148 1.257
 -0.000 -0.150 0.989 -0.922
 0.000 0.000 0.000 1.000)

11.308662414550781
(0.985 -0.165 0.049 -0.319
 0.157 0.978 0.135 1.259
 -0.070 -0.126 0.990 -0.919
 0.000 0.000 0.000 1.000)

11.325361251831055
(0.983 -0.148 0.104 -0.327
 0.137 0.985 0.107 1.265
 -0.118 -0.091 0.989 -0.916
 0.000 0.000 0.000 1.000)

11.34201717376709
(0.987 -0.099 0.126 -0.330
 0.092 0.994 0.064 1.272
 -0.131 -0.052 0.990 -0.912
 0.000 0.000 0.000 1.000)

11.35865306854248
(0.993 -0.036 0.114 -0.328
 0.035 0.999 0.014 1.281
 -0.115 -0.010 0.993 -0.907
 0.000 0.000 0.000 1.000)

11.375585556030273
(0.996 0.030 0.079 -0.323
 -0.027 0.999 -0.041 1.290
 -0.080 0.038 0.996 -0.902
 0.000 0.000 0.000 1.000)

11.39213752746582
(0.995 0.091 0.028 -0.315
 -0.088 0.991 -0.096 1.300
 -0.037 0.094 0.995 -0.896
 0.000 0.000 0.000 1.000)

11.408736228942871
(0.991 0.133 -0.023 -0.307
 -0.135 0.980 -0.147 1.309
 0.003 0.149 0.989 -0.889
 0.000 0.000 0.000 1.000)

11.425399780273438
(0.988 0.144 -0.057 -0.301
 -0.152 0.971 -0.184 1.317
 0.029 0.191 0.981 -0.882
 0.000 0.000 0.000 1.000)

11.442076683044434
(0.989 0.133 -0.061 -0.300
 -0.143 0.968 -0.209 1.324
 0.031 0.215 0.976 -0.876
 0.000 0.000 0.000 1.000)

11.458745956420898
(0.992 0.120 -0.044 -0.302
 -0.127 0.967 -0.220 1.329
 0.016 0.224 0.974 -0.871
 0.000 0.000 0.000 1.000)

11.475423812866211
(0.994 0.102 -0.026 -0.303
 -0.105 0.970 -0.218 1.332
 0.003 0.220 0.976 -0.867
 0.000 0.000 0.000 1.000)

11.492109298706055
(0.994 0.104 -0.023 -0.302
 -0.107 0.973 -0.207 1.333
 0.001 0.208 0.978 -0.863
 0.000 0.000 0.000 1.000)

11.508813858032227
(0.990 0.136 -0.034 -0.299
 -0.140 0.972 -0.188 1.333
 0.008 0.191 0.982 -0.859
 0.000 0.000 0.000 1.000)

11.525579452514648
(0.983 0.178 -0.040 -0.296
 -0.182 0.970 -0.160 1.332
 0.010 0.164 0.986 -0.856
 0.000 0.000 0.000 1.000)

11.542167663574219
(0.977 0.215 -0.007 -0.298
 -0.214 0.969 -0.123 1.328
 -0.020 0.121 0.992 -0.854
 0.000 0.000 0.000 1.000)

11.558796882629395
(0.961 0.258 0.101 -0.312
 -0.251 0.965 -0.078 1.324
 -0.117 0.050 0.992 -0.851
 0.000 0.000 0.000 1.000)

11.575626373291016
(0.916 0.290 0.276 -0.336
 -0.294 0.955 -0.030 1.319
 -0.272 -0.053 0.961 -0.845
 0.000 0.000 0.000 1.000)

11.592162132263184
(0.841 0.272 0.468 -0.364
 -0.318 0.948 0.020 1.313
 -0.438 -0.165 0.884 -0.832
 0.000 0.000 0.000 1.000)

11.608847618103027
(0.758 0.225 0.612 -0.385
 -0.331 0.942 0.063 1.309
 -0.562 -0.250 0.788 -0.815
 0.000 0.000 0.000 1.000)

11.625502586364746
(0.707 0.196 0.680 -0.392
 -0.343 0.935 0.087 1.308
 -0.618 -0.295 0.728 -0.801
 0.000 0.000 0.000 1.000)

11.642210960388184
(0.708 0.190 0.680 -0.388
 -0.340 0.936 0.092 1.310
 -0.619 -0.297 0.727 -0.794
 0.000 0.000 0.000 1.000)

11.658859252929688
(0.743 0.202 0.638 -0.375
 -0.319 0.945 0.073 1.315
 -0.588 -0.257 0.767 -0.793
 0.000 0.000 0.000 1.000)

11.67556095123291
(0.783 0.218 0.583 -0.360
 -0.296 0.954 0.040 1.323
 -0.548 -0.204 0.811 -0.793
 0.000 0.000 0.000 1.000)

11.692242622375488
(0.809 0.226 0.543 -0.347
 -0.283 0.959 0.021 1.329
 -0.515 -0.171 0.840 -0.791
 0.000 0.000 0.000 1.000)

11.70893383026123
(0.814 0.231 0.532 -0.339
 -0.289 0.957 0.026 1.331
 -0.503 -0.175 0.846 -0.786
 0.000 0.000 0.000 1.000)

11.725613594055176
(0.799 0.229 0.556 -0.336
 -0.307 0.950 0.050 1.330
 -0.517 -0.211 0.830 -0.778
 0.000 0.000 0.000 1.000)

11.742263793945312
(0.778 0.197 0.597 -0.337
 -0.304 0.949 0.084 1.328
 -0.550 -0.247 0.798 -0.767
 0.000 0.000 0.000 1.000)

11.75894546508789
(0.758 0.161 0.632 -0.337
 -0.286 0.953 0.101 1.327
 -0.586 -0.258 0.768 -0.755
 0.000 0.000 0.000 1.000)

11.77562141418457
(0.750 0.119 0.651 -0.335
 -0.249 0.962 0.111 1.327
 -0.613 -0.245 0.751 -0.746
 0.000 0.000 0.000 1.000)

11.79228401184082
(0.753 0.085 0.653 -0.329
 -0.202 0.973 0.107 1.330
 -0.626 -0.212 0.750 -0.738
 0.000 0.000 0.000 1.000)

11.808965682983398
(0.761 0.061 0.646 -0.323
 -0.162 0.982 0.098 1.333
 -0.628 -0.179 0.757 -0.731
 0.000 0.000 0.000 1.000)

11.825672149658203
(0.772 0.048 0.634 -0.316
 -0.133 0.987 0.086 1.336
 -0.622 -0.151 0.769 -0.725
 0.000 0.000 0.000 1.000)

11.842334747314453
(0.785 0.032 0.618 -0.308
 -0.103 0.991 0.080 1.339
 -0.611 -0.127 0.782 -0.719
 0.000 0.000 0.000 1.000)

11.859016418457031
(0.800 0.019 0.600 -0.301
 -0.076 0.995 0.071 1.342
 -0.595 -0.102 0.797 -0.713
 0.000 0.000 0.000 1.000)

11.875669479370117
(0.818 0.002 0.575 -0.292
 -0.042 0.998 0.056 1.346
 -0.573 -0.070 0.816 -0.708
 0.000 0.000 0.000 1.000)

11.89232063293457
(0.837 -0.022 0.547 -0.284
 0.003 0.999 0.036 1.351
 -0.547 -0.029 0.836 -0.704
 0.000 0.000 0.000 1.000)

11.909050941467285
(0.852 -0.059 0.520 -0.276
 0.061 0.998 0.012 1.357
 -0.519 0.021 0.854 -0.700
 0.000 0.000 0.000 1.000)

11.925722122192383
(0.863 -0.102 0.494 -0.268
 0.127 0.992 -0.016 1.363
 -0.489 0.076 0.869 -0.697
 0.000 0.000 0.000 1.000)

11.942390441894531
(0.870 -0.145 0.472 -0.260
 0.187 0.981 -0.044 1.369
 -0.457 0.127 0.881 -0.693
 0.000 0.000 0.000 1.000)

11.959071159362793
(0.873 -0.180 0.453 -0.253
 0.235 0.970 -0.069 1.374
 -0.427 0.167 0.889 -0.690
 0.000 0.000 0.000 1.000)

11.975749969482422
(0.874 -0.203 0.441 -0.248
 0.265 0.961 -0.083 1.378
 -0.407 0.190 0.894 -0.687
 0.000 0.000 0.000 1.000)

11.992403984069824
(0.876 -0.210 0.434 -0.242
 0.273 0.958 -0.088 1.379
 -0.397 0.196 0.897 -0.684
 0.000 0.000 0.000 1.000)

12.009095191955566
(0.880 -0.203 0.429 -0.238
 0.263 0.961 -0.084 1.378
 -0.395 0.187 0.899 -0.681
 0.000 0.000 0.000 1.000)

12.025890350341797
(0.883 -0.193 0.429 -0.235
 0.248 0.966 -0.076 1.376
 -0.399 0.174 0.900 -0.679
 0.000 0.000 0.000 1.000)

12.042421340942383
(0.883 -0.186 0.432 -0.232
 0.237 0.969 -0.067 1.373
 -0.406 0.162 0.899 -0.676
 0.000 0.000 0.000 1.000)

12.05911636352539
(0.882 -0.186 0.433 -0.229
 0.240 0.968 -0.072 1.371
 -0.405 0.168 0.899 -0.673
 0.000 0.000 0.000 1.000)

12.075774192810059
(0.877 -0.211 0.431 -0.227
 0.272 0.959 -0.084 1.369
 -0.396 0.191 0.898 -0.670
 0.000 0.000 0.000 1.000)

12.092445373535156
(0.868 -0.252 0.427 -0.224
 0.324 0.940 -0.105 1.369
 -0.375 0.230 0.898 -0.667
 0.000 0.000 0.000 1.000)

12.109140396118164
(0.856 -0.294 0.426 -0.222
 0.380 0.915 -0.133 1.369
 -0.350 0.276 0.895 -0.664
 0.000 0.000 0.000 1.000)

12.125835418701172
(0.840 -0.336 0.426 -0.222
 0.437 0.884 -0.167 1.368
 -0.320 0.327 0.889 -0.661
 0.000 0.000 0.000 1.000)

12.142502784729004
(0.823 -0.372 0.429 -0.221
 0.488 0.850 -0.198 1.366
 -0.291 0.373 0.881 -0.658
 0.000 0.000 0.000 1.000)

12.159162521362305
(0.806 -0.399 0.437 -0.222
 0.526 0.822 -0.219 1.361
 -0.272 0.407 0.872 -0.656
 0.000 0.000 0.000 1.000)

12.175859451293945
(0.792 -0.412 0.450 -0.224
 0.548 0.805 -0.226 1.352
 -0.269 0.426 0.864 -0.654
 0.000 0.000 0.000 1.000)

12.192520141601562
(0.776 -0.422 0.469 -0.227
 0.563 0.799 -0.213 1.339
 -0.284 0.429 0.857 -0.654
 0.000 0.000 0.000 1.000)

12.20922565460205
(0.757 -0.433 0.489 -0.231
 0.572 0.801 -0.175 1.321
 -0.316 0.413 0.854 -0.654
 0.000 0.000 0.000 1.000)

12.22588062286377
(0.733 -0.447 0.512 -0.236
 0.576 0.808 -0.120 1.300
 -0.361 0.383 0.850 -0.653
 0.000 0.000 0.000 1.000)

12.242554664611816
(0.709 -0.459 0.536 -0.240
 0.573 0.817 -0.057 1.279
 -0.411 0.348 0.843 -0.652
 0.000 0.000 0.000 1.000)

12.259193420410156
(0.691 -0.466 0.552 -0.243
 0.563 0.826 -0.007 1.259
 -0.453 0.316 0.833 -0.650
 0.000 0.000 0.000 1.000)

12.275921821594238
(0.683 -0.470 0.559 -0.244
 0.553 0.833 0.024 1.242
 -0.476 0.293 0.829 -0.648
 0.000 0.000 0.000 1.000)

12.292608261108398
(0.685 -0.474 0.553 -0.242
 0.546 0.837 0.040 1.229
 -0.482 0.275 0.832 -0.647
 0.000 0.000 0.000 1.000)

12.309233665466309
(0.696 -0.470 0.543 -0.240
 0.535 0.844 0.046 1.218
 -0.480 0.258 0.838 -0.646
 0.000 0.000 0.000 1.000)

12.325969696044922
(0.703 -0.466 0.537 -0.238
 0.523 0.850 0.054 1.208
 -0.482 0.243 0.842 -0.644
 0.000 0.000 0.000 1.000)

12.342622756958008
(0.700 -0.466 0.541 -0.238
 0.516 0.854 0.067 1.198
 -0.494 0.232 0.838 -0.642
 0.000 0.000 0.000 1.000)

12.359306335449219
(0.687 -0.472 0.552 -0.239
 0.514 0.853 0.090 1.189
 -0.514 0.222 0.829 -0.638
 0.000 0.000 0.000 1.000)

12.375980377197266
(0.677 -0.476 0.562 -0.240
 0.507 0.854 0.112 1.179
 -0.534 0.209 0.819 -0.635
 0.000 0.000 0.000 1.000)

12.392654418945312
(0.670 -0.482 0.565 -0.240
 0.501 0.855 0.135 1.170
 -0.548 0.192 0.814 -0.632
 0.000 0.000 0.000 1.000)

12.409321784973145
(0.675 -0.481 0.559 -0.238
 0.490 0.859 0.148 1.163
 -0.551 0.174 0.816 -0.629
 0.000 0.000 0.000 1.000)

12.426149368286133
(0.683 -0.483 0.549 -0.236
 0.486 0.861 0.153 1.158
 -0.546 0.162 0.822 -0.626
 0.000 0.000 0.000 1.000)

12.442654609680176
(0.683 -0.490 0.541 -0.235
 0.493 0.856 0.153 1.154
 -0.538 0.162 0.827 -0.623
 0.000 0.000 0.000 1.000)

12.459362030029297
(0.676 -0.500 0.542 -0.236
 0.511 0.847 0.144 1.152
 -0.532 0.179 0.828 -0.618
 0.000 0.000 0.000 1.000)

12.476014137268066
(0.655 -0.516 0.552 -0.238
 0.538 0.831 0.139 1.151
 -0.530 0.205 0.822 -0.613
 0.000 0.000 0.000 1.000)

12.49271011352539
(0.632 -0.531 0.565 -0.240
 0.565 0.814 0.134 1.150
 -0.531 0.235 0.814 -0.607
 0.000 0.000 0.000 1.000)

12.509382247924805
(0.612 -0.539 0.578 -0.243
 0.585 0.801 0.128 1.151
 -0.532 0.260 0.806 -0.601
 0.000 0.000 0.000 1.000)

12.526068687438965
(0.602 -0.538 0.590 -0.245
 0.593 0.796 0.121 1.152
 -0.535 0.277 0.798 -0.596
 0.000 0.000 0.000 1.000)

12.542743682861328
(0.603 -0.526 0.600 -0.247
 0.588 0.801 0.111 1.153
 -0.539 0.286 0.792 -0.592
 0.000 0.000 0.000 1.000)

12.55942153930664
(0.609 -0.514 0.605 -0.247
 0.581 0.807 0.101 1.155
 -0.540 0.290 0.790 -0.588
 0.000 0.000 0.000 1.000)

12.57609748840332
(0.617 -0.503 0.606 -0.248
 0.574 0.814 0.090 1.157
 -0.538 0.292 0.790 -0.584
 0.000 0.000 0.000 1.000)

12.592768669128418
(0.622 -0.495 0.608 -0.248
 0.571 0.817 0.081 1.158
 -0.537 0.296 0.790 -0.581
 0.000 0.000 0.000 1.000)

12.609432220458984
(0.616 -0.493 0.614 -0.249
 0.574 0.815 0.078 1.159
 -0.539 0.304 0.785 -0.577
 0.000 0.000 0.000 1.000)

12.626184463500977
(0.605 -0.493 0.625 -0.250
 0.581 0.811 0.077 1.159
 -0.544 0.316 0.777 -0.572
 0.000 0.000 0.000 1.000)

12.642797470092773
(0.591 -0.497 0.636 -0.252
 0.589 0.804 0.082 1.159
 -0.552 0.326 0.768 -0.568
 0.000 0.000 0.000 1.000)

12.659449577331543
(0.592 -0.484 0.644 -0.253
 0.580 0.811 0.076 1.160
 -0.559 0.329 0.761 -0.565
 0.000 0.000 0.000 1.000)

12.676095008850098
(0.593 -0.477 0.649 -0.253
 0.573 0.816 0.076 1.161
 -0.566 0.327 0.757 -0.563
 0.000 0.000 0.000 1.000)

12.692769050598145
(0.596 -0.469 0.652 -0.253
 0.567 0.820 0.071 1.162
 -0.569 0.328 0.754 -0.561
 0.000 0.000 0.000 1.000)

12.70945930480957
(0.598 -0.462 0.655 -0.253
 0.568 0.821 0.061 1.165
 -0.566 0.336 0.753 -0.560
 0.000 0.000 0.000 1.000)

12.726127624511719
(0.598 -0.457 0.659 -0.253
 0.571 0.819 0.050 1.168
 -0.562 0.347 0.751 -0.560
 0.000 0.000 0.000 1.000)

12.742805480957031
(0.599 -0.452 0.661 -0.252
 0.574 0.818 0.039 1.171
 -0.558 0.356 0.750 -0.560
 0.000 0.000 0.000 1.000)

12.759467124938965
(0.601 -0.450 0.660 -0.251
 0.574 0.818 0.034 1.174
 -0.555 0.359 0.750 -0.562
 0.000 0.000 0.000 1.000)

12.776138305664062
(0.608 -0.444 0.658 -0.250
 0.568 0.823 0.031 1.176
 -0.555 0.355 0.752 -0.564
 0.000 0.000 0.000 1.000)

12.7927827835083
(0.616 -0.437 0.655 -0.248
 0.556 0.831 0.031 1.178
 -0.558 0.345 0.755 -0.566
 0.000 0.000 0.000 1.000)

12.80945873260498
(0.623 -0.430 0.653 -0.247
 0.544 0.839 0.033 1.179
 -0.562 0.335 0.757 -0.569
 0.000 0.000 0.000 1.000)

12.826171875
(0.625 -0.426 0.654 -0.246
 0.537 0.843 0.035 1.181
 -0.566 0.330 0.755 -0.571
 0.000 0.000 0.000 1.000)

12.842859268188477
(0.627 -0.419 0.656 -0.245
 0.531 0.847 0.034 1.183
 -0.570 0.327 0.754 -0.573
 0.000 0.000 0.000 1.000)

12.859519004821777
(0.628 -0.416 0.658 -0.245
 0.526 0.850 0.035 1.185
 -0.574 0.324 0.752 -0.576
 0.000 0.000 0.000 1.000)

12.876172065734863
(0.630 -0.411 0.659 -0.244
 0.523 0.852 0.032 1.188
 -0.575 0.324 0.751 -0.579
 0.000 0.000 0.000 1.000)

12.892805099487305
(0.632 -0.408 0.659 -0.243
 0.521 0.853 0.029 1.191
 -0.574 0.325 0.752 -0.582
 0.000 0.000 0.000 1.000)

12.909465789794922
(0.637 -0.403 0.658 -0.242
 0.517 0.856 0.023 1.195
 -0.572 0.325 0.753 -0.585
 0.000 0.000 0.000 1.000)

12.926220893859863
(0.641 -0.395 0.658 -0.242
 0.511 0.860 0.019 1.198
 -0.573 0.324 0.753 -0.588
 0.000 0.000 0.000 1.000)

12.942928314208984
(0.644 -0.391 0.657 -0.241
 0.505 0.863 0.019 1.201
 -0.575 0.320 0.753 -0.591
 0.000 0.000 0.000 1.000)

12.959627151489258
(0.647 -0.387 0.657 -0.241
 0.497 0.868 0.022 1.203
 -0.579 0.312 0.754 -0.593
 0.000 0.000 0.000 1.000)

12.976278305053711
(0.651 -0.380 0.657 -0.240
 0.487 0.873 0.022 1.206
 -0.582 0.305 0.754 -0.596
 0.000 0.000 0.000 1.000)

12.992910385131836
(0.656 -0.372 0.657 -0.239
 0.478 0.878 0.020 1.209
 -0.584 0.301 0.754 -0.599
 0.000 0.000 0.000 1.000)

13.009621620178223
(0.659 -0.368 0.656 -0.239
 0.474 0.881 0.018 1.212
 -0.584 0.299 0.754 -0.601
 0.000 0.000 0.000 1.000)

13.026272773742676
(0.661 -0.363 0.656 -0.238
 0.471 0.882 0.012 1.215
 -0.583 0.301 0.754 -0.603
 0.000 0.000 0.000 1.000)

13.042951583862305
(0.663 -0.358 0.657 -0.238
 0.468 0.884 0.010 1.218
 -0.585 0.300 0.754 -0.605
 0.000 0.000 0.000 1.000)

13.059652328491211
(0.665 -0.353 0.659 -0.237
 0.460 0.888 0.011 1.220
 -0.589 0.296 0.752 -0.607
 0.000 0.000 0.000 1.000)

13.076274871826172
(0.666 -0.345 0.661 -0.237
 0.450 0.893 0.012 1.223
 -0.595 0.289 0.750 -0.608
 0.000 0.000 0.000 1.000)

13.092963218688965
(0.667 -0.338 0.664 -0.237
 0.443 0.897 0.012 1.225
 -0.599 0.286 0.748 -0.609
 0.000 0.000 0.000 1.000)

13.109676361083984
(0.667 -0.334 0.666 -0.236
 0.440 0.898 0.010 1.228
 -0.601 0.286 0.746 -0.611
 0.000 0.000 0.000 1.000)

13.126379013061523
(0.669 -0.329 0.667 -0.236
 0.437 0.899 0.005 1.231
 -0.601 0.288 0.745 -0.612
 0.000 0.000 0.000 1.000)

13.143099784851074
(0.673 -0.323 0.666 -0.235
 0.432 0.902 0.001 1.233
 -0.601 0.287 0.746 -0.614
 0.000 0.000 0.000 1.000)

13.159686088562012
(0.677 -0.317 0.664 -0.234
 0.424 0.906 -0.000 1.235
 -0.601 0.282 0.748 -0.615
 0.000 0.000 0.000 1.000)

13.176300048828125
(0.681 -0.308 0.664 -0.234
 0.413 0.911 -0.002 1.237
 -0.604 0.275 0.748 -0.617
 0.000 0.000 0.000 1.000)

13.193037033081055
(0.683 -0.302 0.664 -0.234
 0.407 0.913 -0.003 1.239
 -0.606 0.273 0.747 -0.618
 0.000 0.000 0.000 1.000)

13.209651947021484
(0.683 -0.304 0.664 -0.233
 0.407 0.913 -0.001 1.241
 -0.607 0.271 0.747 -0.619
 0.000 0.000 0.000 1.000)

13.226386070251465
(0.687 -0.297 0.664 -0.233
 0.400 0.916 -0.005 1.242
 -0.607 0.269 0.748 -0.620
 0.000 0.000 0.000 1.000)

13.243080139160156
(0.687 -0.297 0.663 -0.233
 0.399 0.917 -0.002 1.243
 -0.607 0.266 0.749 -0.621
 0.000 0.000 0.000 1.000)

13.259769439697266
(0.690 -0.289 0.664 -0.233
 0.393 0.920 -0.007 1.244
 -0.608 0.266 0.748 -0.621
 0.000 0.000 0.000 1.000)

13.27643871307373
(0.689 -0.291 0.664 -0.233
 0.394 0.919 -0.007 1.245
 -0.609 0.266 0.747 -0.622
 0.000 0.000 0.000 1.000)

13.293084144592285
(0.690 -0.287 0.665 -0.233
 0.393 0.919 -0.011 1.247
 -0.608 0.269 0.747 -0.622
 0.000 0.000 0.000 1.000)

13.309635162353516
(0.689 -0.288 0.666 -0.233
 0.395 0.919 -0.011 1.247
 -0.608 0.270 0.746 -0.622
 0.000 0.000 0.000 1.000)

13.326272964477539
(0.689 -0.283 0.667 -0.233
 0.392 0.920 -0.015 1.248
 -0.609 0.272 0.745 -0.622
 0.000 0.000 0.000 1.000)

13.342981338500977
(0.689 -0.281 0.668 -0.234
 0.392 0.920 -0.017 1.249
 -0.610 0.273 0.744 -0.622
 0.000 0.000 0.000 1.000)

13.359590530395508
(0.687 -0.282 0.670 -0.234
 0.392 0.920 -0.015 1.249
 -0.612 0.273 0.742 -0.622
 0.000 0.000 0.000 1.000)

13.37630844116211
(0.684 -0.284 0.672 -0.234
 0.395 0.919 -0.013 1.249
 -0.614 0.274 0.741 -0.622
 0.000 0.000 0.000 1.000)

13.393017768859863
(0.682 -0.286 0.673 -0.234
 0.396 0.918 -0.011 1.249
 -0.615 0.274 0.740 -0.622
 0.000 0.000 0.000 1.000)

13.40970230102539
(0.683 -0.284 0.673 -0.234
 0.395 0.919 -0.012 1.250
 -0.615 0.274 0.739 -0.622
 0.000 0.000 0.000 1.000)

13.426374435424805
(0.682 -0.285 0.674 -0.234
 0.395 0.919 -0.011 1.250
 -0.616 0.274 0.739 -0.622
 0.000 0.000 0.000 1.000)

13.442977905273438
(0.683 -0.280 0.674 -0.234
 0.392 0.920 -0.014 1.250
 -0.616 0.274 0.738 -0.622
 0.000 0.000 0.000 1.000)

13.459654808044434
(0.683 -0.281 0.675 -0.234
 0.392 0.920 -0.014 1.251
 -0.616 0.275 0.738 -0.621
 0.000 0.000 0.000 1.000)

13.476424217224121
(0.682 -0.281 0.675 -0.234
 0.394 0.919 -0.015 1.251
 -0.616 0.276 0.738 -0.621
 0.000 0.000 0.000 1.000)

13.493088722229004
(0.683 -0.277 0.675 -0.234
 0.391 0.920 -0.018 1.252
 -0.617 0.277 0.737 -0.621
 0.000 0.000 0.000 1.000)

13.50977897644043
(0.683 -0.275 0.676 -0.235
 0.390 0.921 -0.020 1.252
 -0.617 0.277 0.736 -0.620
 0.000 0.000 0.000 1.000)

13.526419639587402
(0.678 -0.284 0.678 -0.235
 0.397 0.918 -0.013 1.251
 -0.619 0.278 0.735 -0.620
 0.000 0.000 0.000 1.000)

13.543098449707031
(0.679 -0.276 0.680 -0.236
 0.392 0.920 -0.018 1.251
 -0.620 0.279 0.733 -0.619
 0.000 0.000 0.000 1.000)

13.55978012084961
(0.678 -0.276 0.681 -0.236
 0.393 0.919 -0.018 1.251
 -0.622 0.280 0.732 -0.618
 0.000 0.000 0.000 1.000)

13.576456069946289
(0.676 -0.276 0.683 -0.237
 0.393 0.919 -0.018 1.251
 -0.623 0.280 0.730 -0.617
 0.000 0.000 0.000 1.000)

13.593132019042969
(0.676 -0.274 0.684 -0.237
 0.392 0.920 -0.020 1.250
 -0.624 0.282 0.729 -0.616
 0.000 0.000 0.000 1.000)

13.609803199768066
(0.673 -0.279 0.685 -0.238
 0.397 0.918 -0.016 1.249
 -0.624 0.283 0.728 -0.615
 0.000 0.000 0.000 1.000)

13.626482009887695
(0.674 -0.274 0.686 -0.238
 0.394 0.919 -0.020 1.248
 -0.625 0.283 0.727 -0.614
 0.000 0.000 0.000 1.000)

13.643110275268555
(0.669 -0.281 0.688 -0.239
 0.398 0.917 -0.012 1.246
 -0.628 0.282 0.726 -0.613
 0.000 0.000 0.000 1.000)

13.659814834594727
(0.669 -0.278 0.690 -0.240
 0.394 0.919 -0.012 1.245
 -0.631 0.280 0.724 -0.611
 0.000 0.000 0.000 1.000)

13.67655086517334
(0.665 -0.281 0.692 -0.241
 0.396 0.918 -0.008 1.243
 -0.633 0.280 0.722 -0.609
 0.000 0.000 0.000 1.000)

13.693281173706055
(0.661 -0.283 0.695 -0.242
 0.401 0.916 -0.008 1.242
 -0.634 0.284 0.719 -0.607
 0.000 0.000 0.000 1.000)

13.7098970413208
(0.657 -0.286 0.697 -0.243
 0.405 0.914 -0.008 1.241
 -0.635 0.288 0.717 -0.606
 0.000 0.000 0.000 1.000)

13.726572036743164
(0.655 -0.286 0.699 -0.244
 0.405 0.914 -0.006 1.240
 -0.638 0.288 0.715 -0.604
 0.000 0.000 0.000 1.000)

13.74324893951416
(0.656 -0.282 0.700 -0.244
 0.401 0.916 -0.007 1.239
 -0.639 0.285 0.714 -0.603
 0.000 0.000 0.000 1.000)

13.759925842285156
(0.655 -0.284 0.700 -0.245
 0.400 0.916 -0.002 1.237
 -0.641 0.282 0.714 -0.601
 0.000 0.000 0.000 1.000)

13.776615142822266
(0.656 -0.278 0.702 -0.246
 0.394 0.919 -0.004 1.237
 -0.644 0.280 0.712 -0.599
 0.000 0.000 0.000 1.000)

13.793275833129883
(0.653 -0.276 0.705 -0.247
 0.394 0.919 -0.005 1.236
 -0.647 0.281 0.709 -0.597
 0.000 0.000 0.000 1.000)

13.80994987487793
(0.649 -0.278 0.708 -0.248
 0.395 0.919 -0.001 1.235
 -0.650 0.280 0.707 -0.595
 0.000 0.000 0.000 1.000)

13.826627731323242
(0.646 -0.279 0.711 -0.249
 0.395 0.919 0.002 1.233
 -0.653 0.280 0.704 -0.594
 0.000 0.000 0.000 1.000)

13.843306541442871
(0.642 -0.282 0.713 -0.250
 0.399 0.917 0.004 1.232
 -0.655 0.281 0.701 -0.592
 0.000 0.000 0.000 1.000)

13.859964370727539
(0.640 -0.280 0.715 -0.250
 0.396 0.918 0.005 1.231
 -0.658 0.280 0.699 -0.590
 0.000 0.000 0.000 1.000)

13.876632690429688
(0.639 -0.280 0.717 -0.251
 0.395 0.919 0.007 1.230
 -0.661 0.278 0.697 -0.589
 0.000 0.000 0.000 1.000)

13.893312454223633
(0.640 -0.273 0.718 -0.251
 0.389 0.921 0.004 1.230
 -0.662 0.277 0.696 -0.588
 0.000 0.000 0.000 1.000)

13.909975051879883
(0.638 -0.276 0.719 -0.252
 0.391 0.920 0.006 1.229
 -0.664 0.277 0.695 -0.587
 0.000 0.000 0.000 1.000)

13.926664352416992
(0.638 -0.273 0.720 -0.252
 0.389 0.921 0.004 1.228
 -0.664 0.277 0.694 -0.586
 0.000 0.000 0.000 1.000)

13.943346977233887
(0.637 -0.274 0.720 -0.253
 0.390 0.921 0.006 1.228
 -0.665 0.277 0.694 -0.586
 0.000 0.000 0.000 1.000)

13.9599609375
(0.636 -0.275 0.721 -0.253
 0.388 0.922 0.009 1.227
 -0.667 0.274 0.693 -0.586
 0.000 0.000 0.000 1.000)

13.976701736450195
(0.638 -0.273 0.720 -0.253
 0.384 0.923 0.010 1.226
 -0.668 0.270 0.693 -0.585
 0.000 0.000 0.000 1.000)

13.993311882019043
(0.639 -0.269 0.721 -0.254
 0.378 0.926 0.010 1.226
 -0.670 0.266 0.693 -0.585
 0.000 0.000 0.000 1.000)

14.010053634643555
(0.639 -0.267 0.722 -0.254
 0.376 0.927 0.010 1.226
 -0.671 0.265 0.692 -0.585
 0.000 0.000 0.000 1.000)

14.026744842529297
(0.639 -0.265 0.722 -0.255
 0.375 0.927 0.008 1.226
 -0.671 0.266 0.692 -0.584
 0.000 0.000 0.000 1.000)

14.043440818786621
(0.639 -0.266 0.722 -0.255
 0.377 0.926 0.008 1.226
 -0.671 0.267 0.692 -0.584
 0.000 0.000 0.000 1.000)

14.060080528259277
(0.639 -0.265 0.722 -0.255
 0.377 0.926 0.007 1.226
 -0.671 0.268 0.692 -0.584
 0.000 0.000 0.000 1.000)

14.07676887512207
(0.637 -0.267 0.723 -0.256
 0.378 0.926 0.009 1.226
 -0.672 0.268 0.690 -0.584
 0.000 0.000 0.000 1.000)

14.093435287475586
(0.635 -0.265 0.725 -0.256
