0.008298873901367188
(0.997 -0.081 0.011 0.067
 0.081 0.975 -0.207 0.633
 0.006 0.207 0.978 -0.120
 0.000 0.000 0.000 1.000)

0.008298873901367188
(0.997 -0.079 0.021 0.066
 0.082 0.976 -0.202 0.633
 -0.005 0.203 0.979 -0.120
 0.000 0.000 0.000 1.000)

0.026499032974243164
(0.997 -0.078 0.027 0.065
 0.082 0.978 -0.194 0.632
 -0.011 0.196 0.981 -0.119
 0.000 0.000 0.000 1.000)

0.058480024337768555
(0.997 -0.074 0.027 0.066
 0.078 0.979 -0.189 0.632
 -0.013 0.191 0.982 -0.118
 0.000 0.000 0.000 1.000)

0.0759279727935791
(0.997 -0.069 0.026 0.066
 0.072 0.981 -0.182 0.631
 -0.013 0.183 0.983 -0.117
 0.000 0.000 0.000 1.000)

0.09253907203674316
(0.998 -0.061 0.024 0.066
 0.064 0.983 -0.173 0.631
 -0.013 0.174 0.985 -0.117
 0.000 0.000 0.000 1.000)

0.10919785499572754
(0.998 -0.057 0.022 0.067
 0.060 0.984 -0.168 0.631
 -0.012 0.169 0.986 -0.117
 0.000 0.000 0.000 1.000)

0.1258540153503418
(0.998 -0.053 0.017 0.068
 0.055 0.986 -0.160 0.631
 -0.008 0.161 0.987 -0.116
 0.000 0.000 0.000 1.000)

0.14254999160766602
(0.999 -0.043 0.008 0.069
 0.044 0.986 -0.162 0.632
 -0.001 0.162 0.987 -0.115
 0.000 0.000 0.000 1.000)

0.15935397148132324
(0.999 -0.033 0.004 0.070
 0.033 0.985 -0.168 0.633
 0.001 0.168 0.986 -0.114
 0.000 0.000 0.000 1.000)

0.1763169765472412
(1.000 -0.023 0.002 0.071
 0.023 0.985 -0.172 0.634
 0.002 0.172 0.985 -0.113
 0.000 0.000 0.000 1.000)

0.1931910514831543
(1.000 -0.014 0.002 0.072
 0.014 0.986 -0.167 0.634
 0.000 0.167 0.986 -0.112
 0.000 0.000 0.000 1.000)

0.20970988273620605
(1.000 -0.006 0.004 0.072
 0.006 0.987 -0.160 0.634
 -0.003 0.160 0.987 -0.112
 0.000 0.000 0.000 1.000)

0.22611308097839355
(1.000 0.007 0.010 0.073
 -0.005 0.989 -0.149 0.634
 -0.011 0.149 0.989 -0.110
 0.000 0.000 0.000 1.000)

0.24308395385742188
(1.000 0.010 0.014 0.073
 -0.008 0.989 -0.147 0.634
 -0.015 0.147 0.989 -0.109
 0.000 0.000 0.000 1.000)

0.2599048614501953
(1.000 0.007 0.018 0.074
 -0.004 0.990 -0.144 0.635
 -0.018 0.144 0.989 -0.108
 0.000 0.000 0.000 1.000)

0.2766299247741699
(1.000 -0.004 0.024 0.073
 0.007 0.990 -0.142 0.636
 -0.024 0.142 0.990 -0.107
 0.000 0.000 0.000 1.000)

0.3088200092315674
(0.999 -0.016 0.032 0.073
 0.020 0.989 -0.146 0.637
 -0.029 0.146 0.989 -0.107
 0.000 0.000 0.000 1.000)

0.32627296447753906
(0.999 -0.027 0.039 0.073
 0.032 0.989 -0.148 0.637
 -0.035 0.149 0.988 -0.106
 0.000 0.000 0.000 1.000)

0.34302592277526855
(0.999 -0.035 0.040 0.074
 0.040 0.988 -0.149 0.638
 -0.034 0.150 0.988 -0.105
 0.000 0.000 0.000 1.000)

0.3595559597015381
(0.999 -0.038 0.036 0.075
 0.043 0.988 -0.151 0.639
 -0.029 0.152 0.988 -0.104
 0.000 0.000 0.000 1.000)

0.376262903213501
(0.998 -0.052 0.025 0.076
 0.055 0.988 -0.146 0.639
 -0.017 0.147 0.989 -0.104
 0.000 0.000 0.000 1.000)

0.3929409980773926
(0.997 -0.073 0.012 0.077
 0.074 0.987 -0.140 0.638
 -0.002 0.141 0.990 -0.103
 0.000 0.000 0.000 1.000)

0.40958404541015625
(0.996 -0.094 -0.004 0.079
 0.092 0.987 -0.128 0.637
 0.016 0.127 0.992 -0.102
 0.000 0.000 0.000 1.000)

0.4263749122619629
(0.994 -0.108 -0.018 0.079
 0.106 0.987 -0.118 0.635
 0.030 0.115 0.993 -0.102
 0.000 0.000 0.000 1.000)

0.4429628849029541
(0.993 -0.115 -0.023 0.079
 0.112 0.988 -0.105 0.632
 0.035 0.102 0.994 -0.102
 0.000 0.000 0.000 1.000)

0.4597499370574951
(0.995 -0.095 -0.030 0.077
 0.092 0.991 -0.098 0.628
 0.039 0.095 0.995 -0.102
 0.000 0.000 0.000 1.000)

0.47629284858703613
(0.995 -0.091 -0.029 0.075
 0.087 0.991 -0.102 0.627
 0.038 0.099 0.994 -0.102
 0.000 0.000 0.000 1.000)

0.4929800033569336
(0.996 -0.083 -0.027 0.072
 0.081 0.994 -0.079 0.624
 0.033 0.077 0.996 -0.101
 0.000 0.000 0.000 1.000)

0.5096399784088135
(0.996 -0.083 -0.018 0.069
 0.082 0.994 -0.072 0.623
 0.024 0.071 0.997 -0.101
 0.000 0.000 0.000 1.000)

0.5423469543457031
(0.996 -0.088 -0.003 0.065
 0.088 0.994 -0.072 0.622
 0.009 0.071 0.997 -0.101
 0.000 0.000 0.000 1.000)

0.5597829818725586
(0.996 -0.084 0.008 0.061
 0.084 0.993 -0.079 0.622
 -0.002 0.079 0.997 -0.101
 0.000 0.000 0.000 1.000)

0.5765490531921387
(0.997 -0.077 0.016 0.058
 0.078 0.993 -0.084 0.622
 -0.010 0.085 0.996 -0.101
 0.000 0.000 0.000 1.000)

0.5932459831237793
(0.997 -0.073 0.022 0.055
 0.075 0.993 -0.094 0.624
 -0.015 0.095 0.995 -0.101
 0.000 0.000 0.000 1.000)

0.6098330020904541
(0.998 -0.059 0.018 0.052
 0.061 0.992 -0.106 0.626
 -0.012 0.107 0.994 -0.101
 0.000 0.000 0.000 1.000)

0.6264140605926514
(0.999 -0.042 0.004 0.050
 0.042 0.992 -0.117 0.627
 0.001 0.117 0.993 -0.100
 0.000 0.000 0.000 1.000)

0.6430339813232422
(1.000 -0.026 -0.008 0.048
 0.024 0.992 -0.124 0.629
 0.012 0.124 0.992 -0.099
 0.000 0.000 0.000 1.000)

0.6606919765472412
(1.000 -0.012 -0.012 0.044
 0.011 0.991 -0.136 0.630
 0.014 0.136 0.991 -0.098
 0.000 0.000 0.000 1.000)

0.6766979694366455
(1.000 0.006 -0.009 0.039
 -0.008 0.988 -0.154 0.632
 0.008 0.154 0.988 -0.097
 0.000 0.000 0.000 1.000)

0.6933929920196533
(0.999 0.044 0.011 0.027
 -0.041 0.979 -0.202 0.635
 -0.020 0.201 0.979 -0.095
 0.000 0.000 0.000 1.000)

0.7100698947906494
(0.998 0.051 0.027 0.021
 -0.043 0.973 -0.228 0.636
 -0.038 0.227 0.973 -0.093
 0.000 0.000 0.000 1.000)

0.7267289161682129
(0.998 0.054 0.046 0.014
 -0.041 0.967 -0.251 0.637
 -0.058 0.249 0.967 -0.092
 0.000 0.000 0.000 1.000)

0.7433900833129883
(0.997 0.065 0.053 0.009
 -0.047 0.957 -0.285 0.638
 -0.069 0.282 0.957 -0.089
 0.000 0.000 0.000 1.000)

0.7600870132446289
(0.995 0.076 0.061 0.003
 -0.052 0.944 -0.324 0.638
 -0.082 0.320 0.944 -0.087
 0.000 0.000 0.000 1.000)

0.7927870750427246
(0.993 0.096 0.067 -0.003
 -0.066 0.929 -0.365 0.638
 -0.098 0.358 0.929 -0.084
 0.000 0.000 0.000 1.000)

0.810283899307251
(0.990 0.122 0.074 -0.009
 -0.084 0.918 -0.386 0.636
 -0.115 0.376 0.919 -0.081
 0.000 0.000 0.000 1.000)

0.826956033706665
(0.986 0.146 0.074 -0.015
 -0.102 0.902 -0.419 0.634
 -0.128 0.406 0.905 -0.078
 0.000 0.000 0.000 1.000)

0.8435299396514893
(0.986 0.152 0.069 -0.020
 -0.108 0.895 -0.432 0.631
 -0.127 0.419 0.899 -0.075
 0.000 0.000 0.000 1.000)

0.8604719638824463
(0.987 0.148 0.059 -0.024
 -0.106 0.886 -0.452 0.629
 -0.119 0.440 0.890 -0.072
 0.000 0.000 0.000 1.000)

0.8775339126586914
(0.990 0.136 0.046 -0.028
 -0.100 0.879 -0.466 0.625
 -0.104 0.456 0.884 -0.069
 0.000 0.000 0.000 1.000)

0.8935549259185791
(0.991 0.131 0.034 -0.033
 -0.099 0.875 -0.475 0.621
 -0.092 0.467 0.879 -0.065
 0.000 0.000 0.000 1.000)

0.9101839065551758
(0.993 0.117 0.026 -0.038
 -0.090 0.869 -0.486 0.618
 -0.079 0.480 0.874 -0.060
 0.000 0.000 0.000 1.000)

0.9269008636474609
(0.994 0.107 0.020 -0.043
 -0.083 0.867 -0.492 0.616
 -0.070 0.487 0.870 -0.056
 0.000 0.000 0.000 1.000)

0.9437968730926514
(0.994 0.114 -0.004 -0.052
 -0.099 0.850 -0.518 0.614
 -0.056 0.515 0.855 -0.045
 0.000 0.000 0.000 1.000)

0.9603390693664551
(0.992 0.123 -0.018 -0.056
 -0.114 0.844 -0.524 0.613
 -0.049 0.522 0.852 -0.039
 0.000 0.000 0.000 1.000)

0.9770050048828125
(0.991 0.127 -0.043 -0.059
 -0.130 0.837 -0.531 0.614
 -0.032 0.532 0.846 -0.033
 0.000 0.000 0.000 1.000)

0.9937400817871094
(0.990 0.123 -0.067 -0.062
 -0.140 0.840 -0.524 0.614
 -0.008 0.528 0.849 -0.028
 0.000 0.000 0.000 1.000)

1.010396957397461
(0.989 0.116 -0.095 -0.065
 -0.148 0.846 -0.512 0.613
 0.021 0.520 0.854 -0.023
 0.000 0.000 0.000 1.000)

1.0429270267486572
(0.988 0.106 -0.113 -0.068
 -0.148 0.864 -0.482 0.611
 0.047 0.492 0.869 -0.018
 0.000 0.000 0.000 1.000)

1.0604159832000732
(0.987 0.104 -0.124 -0.072
 -0.150 0.871 -0.468 0.611
 0.059 0.481 0.875 -0.014
 0.000 0.000 0.000 1.000)

1.077523946762085
(0.986 0.109 -0.124 -0.077
 -0.154 0.873 -0.463 0.611
 0.058 0.476 0.878 -0.010
 0.000 0.000 0.000 1.000)

1.0937778949737549
(0.986 0.119 -0.114 -0.083
 -0.158 0.877 -0.453 0.611
 0.047 0.465 0.884 -0.006
 0.000 0.000 0.000 1.000)

1.1103858947753906
(0.986 0.133 -0.100 -0.089
 -0.164 0.875 -0.455 0.612
 0.027 0.465 0.885 -0.003
 0.000 0.000 0.000 1.000)

1.1270389556884766
(0.983 0.157 -0.090 -0.094
 -0.181 0.865 -0.467 0.614
 0.004 0.476 0.879 0.001
 0.000 0.000 0.000 1.000)

1.1439058780670166
(0.981 0.172 -0.090 -0.097
 -0.194 0.856 -0.480 0.616
 -0.006 0.488 0.873 0.004
 0.000 0.000 0.000 1.000)

1.1604900360107422
(0.977 0.186 -0.106 -0.098
 -0.214 0.858 -0.466 0.616
 0.005 0.478 0.878 0.006
 0.000 0.000 0.000 1.000)

1.1771728992462158
(0.968 0.180 -0.173 -0.095
 -0.236 0.888 -0.395 0.610
 0.083 0.423 0.902 0.008
 0.000 0.000 0.000 1.000)

1.1938300132751465
(0.962 0.170 -0.214 -0.092
 -0.236 0.912 -0.335 0.605
 0.138 0.373 0.917 0.009
 0.000 0.000 0.000 1.000)

1.2105159759521484
(0.953 0.174 -0.246 -0.090
 -0.237 0.939 -0.251 0.596
 0.188 0.298 0.936 0.010
 0.000 0.000 0.000 1.000)

1.2271759510040283
(0.945 0.197 -0.263 -0.089
 -0.244 0.957 -0.159 0.587
 0.220 0.214 0.952 0.009
 0.000 0.000 0.000 1.000)

1.2438490390777588
(0.940 0.218 -0.264 -0.089
 -0.239 0.970 -0.049 0.577
 0.245 0.109 0.963 0.009
 0.000 0.000 0.000 1.000)

1.2764248847961426
(0.947 0.198 -0.251 -0.090
 -0.187 0.980 0.066 0.566
 0.260 -0.016 0.966 0.010
 0.000 0.000 0.000 1.000)

1.2941720485687256
(0.961 0.151 -0.230 -0.092
 -0.104 0.973 0.204 0.553
 0.255 -0.172 0.951 0.012
 0.000 0.000 0.000 1.000)

1.3108220100402832
(0.977 0.070 -0.202 -0.095
 0.010 0.929 0.371 0.539
 0.213 -0.364 0.907 0.017
 0.000 0.000 0.000 1.000)

1.327591896057129
(0.987 -0.025 -0.160 -0.098
 0.107 0.841 0.531 0.523
 0.121 -0.541 0.833 0.024
 0.000 0.000 0.000 1.000)

1.3440699577331543
(0.986 -0.136 -0.093 -0.104
 0.164 0.739 0.654 0.512
 -0.020 -0.660 0.751 0.031
 0.000 0.000 0.000 1.000)

1.3607540130615234
(0.971 -0.240 -0.005 -0.112
 0.158 0.624 0.765 0.502
 -0.181 -0.743 0.644 0.040
 0.000 0.000 0.000 1.000)

1.3773729801177979
(0.929 -0.357 0.100 -0.122
 0.111 0.526 0.843 0.495
 -0.354 -0.772 0.528 0.048
 0.000 0.000 0.000 1.000)

1.3940370082855225
(0.845 -0.484 0.228 -0.134
 0.042 0.484 0.874 0.494
 -0.533 -0.729 0.429 0.053
 0.000 0.000 0.000 1.000)

1.4107439517974854
(0.698 -0.616 0.365 -0.149
 -0.021 0.492 0.870 0.498
 -0.715 -0.616 0.330 0.057
 0.000 0.000 0.000 1.000)

1.4274890422821045
(0.395 -0.780 0.485 -0.165
 0.089 0.558 0.825 0.514
 -0.914 -0.283 0.290 0.053
 0.000 0.000 0.000 1.000)

1.444079875946045
(0.304 -0.824 0.478 -0.166
 0.142 0.535 0.833 0.521
 -0.942 -0.185 0.279 0.050
 0.000 0.000 0.000 1.000)

1.4607698917388916
(0.239 -0.841 0.485 -0.167
 0.154 0.526 0.836 0.528
 -0.959 -0.125 0.255 0.049
 0.000 0.000 0.000 1.000)

1.4774479866027832
(0.222 -0.840 0.496 -0.168
 0.115 0.527 0.842 0.535
 -0.968 -0.130 0.214 0.047
 0.000 0.000 0.000 1.000)

1.494107961654663
(0.242 -0.811 0.532 -0.170
 0.068 0.561 0.825 0.544
 -0.968 -0.163 0.191 0.042
 0.000 0.000 0.000 1.000)

1.5265789031982422
(0.294 -0.768 0.569 -0.172
 0.008 0.597 0.802 0.553
 -0.956 -0.231 0.182 0.034
 0.000 0.000 0.000 1.000)

1.5441548824310303
(0.352 -0.707 0.614 -0.173
 -0.063 0.636 0.769 0.564
 -0.934 -0.309 0.179 0.024
 0.000 0.000 0.000 1.000)

1.5608940124511719
(0.409 -0.652 0.639 -0.171
 -0.139 0.647 0.749 0.574
 -0.902 -0.395 0.174 0.015
 0.000 0.000 0.000 1.000)

1.5775039196014404
(0.455 -0.611 0.648 -0.168
 -0.200 0.639 0.743 0.583
 -0.868 -0.467 0.168 0.007
 0.000 0.000 0.000 1.000)

1.5941898822784424
(0.483 -0.591 0.646 -0.163
 -0.236 0.622 0.746 0.592
 -0.843 -0.513 0.161 -0.001
 0.000 0.000 0.000 1.000)

1.6108489036560059
(0.474 -0.590 0.653 -0.158
 -0.258 0.617 0.744 0.600
 -0.842 -0.521 0.141 -0.005
 0.000 0.000 0.000 1.000)

1.627500057220459
(0.437 -0.613 0.658 -0.155
 -0.263 0.613 0.745 0.608
 -0.860 -0.499 0.107 -0.008
 0.000 0.000 0.000 1.000)

1.6441969871520996
(0.379 -0.642 0.666 -0.152
 -0.256 0.619 0.743 0.615
 -0.889 -0.452 0.070 -0.009
 0.000 0.000 0.000 1.000)

1.66090989112854
(0.298 -0.683 0.667 -0.146
 -0.284 0.603 0.745 0.627
 -0.911 -0.411 -0.015 -0.006
 0.000 0.000 0.000 1.000)

1.6775639057159424
(0.289 -0.692 0.661 -0.142
 -0.314 0.584 0.748 0.631
 -0.904 -0.424 -0.049 -0.005
 0.000 0.000 0.000 1.000)

1.6942570209503174
(0.293 -0.692 0.660 -0.138
 -0.347 0.566 0.748 0.633
 -0.891 -0.448 -0.074 -0.004
 0.000 0.000 0.000 1.000)

1.7108469009399414
(0.304 -0.692 0.655 -0.133
 -0.374 0.546 0.750 0.634
 -0.876 -0.472 -0.093 -0.005
 0.000 0.000 0.000 1.000)

1.7275309562683105
(0.321 -0.686 0.653 -0.128
 -0.395 0.530 0.750 0.634
 -0.861 -0.499 -0.101 -0.007
 0.000 0.000 0.000 1.000)

1.7443130016326904
(0.351 -0.676 0.647 -0.124
 -0.413 0.509 0.756 0.634
 -0.840 -0.533 -0.100 -0.010
 0.000 0.000 0.000 1.000)

1.7767319679260254
(0.393 -0.661 0.639 -0.119
 -0.427 0.485 0.764 0.632
 -0.815 -0.573 -0.092 -0.013
 0.000 0.000 0.000 1.000)

1.7942678928375244
(0.440 -0.643 0.627 -0.115
 -0.422 0.469 0.776 0.629
 -0.793 -0.606 -0.065 -0.020
 0.000 0.000 0.000 1.000)

1.810926914215088
(0.491 -0.619 0.614 -0.111
 -0.407 0.460 0.789 0.626
 -0.771 -0.637 -0.026 -0.028
 0.000 0.000 0.000 1.000)

1.827643871307373
(0.557 -0.579 0.595 -0.106
 -0.384 0.456 0.803 0.623
 -0.736 -0.676 0.032 -0.038
 0.000 0.000 0.000 1.000)

1.8443119525909424
(0.632 -0.508 0.585 -0.104
 -0.375 0.461 0.804 0.621
 -0.678 -0.728 0.101 -0.050
 0.000 0.000 0.000 1.000)

1.860987901687622
(0.707 -0.403 0.581 -0.102
 -0.384 0.472 0.794 0.622
 -0.594 -0.785 0.179 -0.062
 0.000 0.000 0.000 1.000)

1.8776800632476807
(0.767 -0.271 0.581 -0.101
 -0.409 0.492 0.769 0.624
 -0.494 -0.827 0.267 -0.075
 0.000 0.000 0.000 1.000)

1.8943159580230713
(0.811 -0.159 0.563 -0.099
 -0.414 0.523 0.745 0.627
 -0.413 -0.838 0.358 -0.089
 0.000 0.000 0.000 1.000)

1.9110119342803955
(0.866 -0.003 0.500 -0.093
 -0.390 0.621 0.680 0.635
 -0.313 -0.784 0.537 -0.113
 0.000 0.000 0.000 1.000)

1.9277029037475586
(0.886 0.051 0.460 -0.091
 -0.373 0.666 0.646 0.638
 -0.274 -0.744 0.609 -0.121
 0.000 0.000 0.000 1.000)

1.9443910121917725
(0.902 0.110 0.418 -0.090
 -0.368 0.702 0.610 0.640
 -0.227 -0.704 0.673 -0.128
 0.000 0.000 0.000 1.000)

1.961050033569336
(0.909 0.182 0.375 -0.089
 -0.379 0.735 0.562 0.642
 -0.173 -0.653 0.738 -0.134
 0.000 0.000 0.000 1.000)

1.9777588844299316
(0.909 0.258 0.328 -0.087
 -0.401 0.759 0.512 0.645
 -0.117 -0.597 0.794 -0.139
 0.000 0.000 0.000 1.000)

2.010211944580078
(0.900 0.328 0.286 -0.084
 -0.431 0.763 0.481 0.647
 -0.061 -0.557 0.828 -0.140
 0.000 0.000 0.000 1.000)

2.0277810096740723
(0.888 0.382 0.257 -0.082
 -0.460 0.768 0.445 0.649
 -0.027 -0.513 0.858 -0.141
 0.000 0.000 0.000 1.000)

2.0444860458374023
(0.885 0.405 0.227 -0.079
 -0.465 0.773 0.432 0.649
 -0.000 -0.489 0.873 -0.139
 0.000 0.000 0.000 1.000)

2.061123847961426
(0.902 0.385 0.194 -0.074
 -0.431 0.786 0.444 0.646
 0.018 -0.484 0.875 -0.136
 0.000 0.000 0.000 1.000)

2.077812910079956
(0.931 0.331 0.157 -0.068
 -0.365 0.807 0.464 0.642
 0.027 -0.489 0.872 -0.134
 0.000 0.000 0.000 1.000)

2.0944130420684814
(0.957 0.267 0.110 -0.061
 -0.286 0.825 0.487 0.638
 0.040 -0.497 0.867 -0.130
 0.000 0.000 0.000 1.000)

2.1110799312591553
(0.976 0.212 0.055 -0.054
 -0.211 0.838 0.503 0.635
 0.060 -0.502 0.863 -0.127
 0.000 0.000 0.000 1.000)

2.1278629302978516
(0.985 0.174 0.001 -0.047
 -0.150 0.844 0.515 0.633
 0.089 -0.507 0.857 -0.123
 0.000 0.000 0.000 1.000)

2.1445610523223877
(0.984 0.146 -0.106 -0.034
 -0.069 0.849 0.525 0.632
 0.166 -0.509 0.845 -0.116
 0.000 0.000 0.000 1.000)

2.1611850261688232
(0.981 0.133 -0.138 -0.029
 -0.046 0.865 0.500 0.636
 0.186 -0.484 0.855 -0.117
 0.000 0.000 0.000 1.000)

2.177856922149658
(0.981 0.105 -0.163 -0.026
 -0.016 0.881 0.472 0.642
 0.194 -0.460 0.866 -0.119
 0.000 0.000 0.000 1.000)

2.1945269107818604
(0.983 0.058 -0.174 -0.024
 0.024 0.901 0.434 0.650
 0.182 -0.430 0.884 -0.123
 0.000 0.000 0.000 1.000)

2.2111449241638184
(0.984 0.011 -0.175 -0.024
 0.060 0.916 0.398 0.658
 0.165 -0.402 0.901 -0.127
 0.000 0.000 0.000 1.000)

2.2279019355773926
(0.983 -0.040 -0.179 -0.023
 0.103 0.928 0.357 0.666
 0.152 -0.369 0.917 -0.132
 0.000 0.000 0.000 1.000)

2.2603650093078613
(0.978 -0.093 -0.186 -0.022
 0.148 0.939 0.309 0.676
 0.146 -0.330 0.933 -0.137
 0.000 0.000 0.000 1.000)

2.2778968811035156
(0.969 -0.149 -0.199 -0.021
 0.199 0.944 0.262 0.685
 0.149 -0.293 0.944 -0.141
 0.000 0.000 0.000 1.000)

2.294631004333496
(0.957 -0.191 -0.220 -0.018
 0.238 0.949 0.209 0.695
 0.169 -0.252 0.953 -0.144
 0.000 0.000 0.000 1.000)

2.31134295463562
(0.944 -0.226 -0.239 -0.015
 0.267 0.951 0.156 0.704
 0.192 -0.211 0.958 -0.147
 0.000 0.000 0.000 1.000)

2.3279550075531006
(0.932 -0.253 -0.258 -0.012
 0.288 0.952 0.108 0.712
 0.219 -0.175 0.960 -0.150
 0.000 0.000 0.000 1.000)

2.344654083251953
(0.923 -0.264 -0.280 -0.009
 0.295 0.953 0.073 0.719
 0.247 -0.150 0.957 -0.152
 0.000 0.000 0.000 1.000)

2.3613178730010986
(0.915 -0.270 -0.299 -0.007
 0.299 0.953 0.055 0.724
 0.270 -0.140 0.953 -0.154
 0.000 0.000 0.000 1.000)

2.377990961074829
(0.908 -0.279 -0.313 -0.005
 0.307 0.951 0.043 0.727
 0.286 -0.135 0.949 -0.155
 0.000 0.000 0.000 1.000)

2.3946380615234375
(0.903 -0.286 -0.320 -0.005
 0.306 0.952 0.013 0.732
 0.301 -0.109 0.948 -0.158
 0.000 0.000 0.000 1.000)

2.411345958709717
(0.908 -0.280 -0.312 -0.007
 0.296 0.955 0.006 0.733
 0.296 -0.098 0.950 -0.159
 0.000 0.000 0.000 1.000)

2.4280178546905518
(0.916 -0.265 -0.300 -0.009
 0.280 0.960 0.007 0.733
 0.286 -0.091 0.954 -0.161
 0.000 0.000 0.000 1.000)

2.444688081741333
(0.929 -0.233 -0.287 -0.011
 0.249 0.968 0.018 0.731
 0.274 -0.088 0.958 -0.162
 0.000 0.000 0.000 1.000)

2.4613559246063232
(0.943 -0.193 -0.272 -0.014
 0.214 0.975 0.051 0.727
 0.256 -0.107 0.961 -0.164
 0.000 0.000 0.000 1.000)

2.493839979171753
(0.958 -0.141 -0.249 -0.018
 0.168 0.982 0.089 0.723
 0.232 -0.127 0.964 -0.167
 0.000 0.000 0.000 1.000)

2.5114998817443848
(0.974 -0.072 -0.214 -0.025
 0.103 0.985 0.135 0.717
 0.201 -0.154 0.967 -0.170
 0.000 0.000 0.000 1.000)

2.5280909538269043
(0.988 -0.002 -0.157 -0.036
 0.031 0.983 0.182 0.712
 0.153 -0.184 0.971 -0.174
 0.000 0.000 0.000 1.000)

2.5447728633880615
(0.994 0.068 -0.084 -0.049
 -0.046 0.969 0.241 0.707
 0.098 -0.235 0.967 -0.179
 0.000 0.000 0.000 1.000)

2.561452865600586
(0.994 0.109 -0.011 -0.062
 -0.100 0.946 0.310 0.702
 0.044 -0.307 0.951 -0.182
 0.000 0.000 0.000 1.000)

2.5781099796295166
(0.992 0.115 0.055 -0.075
 -0.127 0.920 0.370 0.699
 -0.008 -0.374 0.927 -0.184
 0.000 0.000 0.000 1.000)

2.594809055328369
(0.990 0.094 0.107 -0.087
 -0.130 0.898 0.420 0.698
 -0.056 -0.429 0.901 -0.187
 0.000 0.000 0.000 1.000)

2.6115000247955322
(0.989 0.052 0.137 -0.098
 -0.109 0.882 0.458 0.700
 -0.097 -0.468 0.878 -0.189
 0.000 0.000 0.000 1.000)

2.6280698776245117
(0.982 0.035 0.187 -0.118
 -0.120 0.880 0.461 0.714
 -0.149 -0.475 0.868 -0.197
 0.000 0.000 0.000 1.000)

2.6447598934173584
(0.976 0.068 0.205 -0.127
 -0.153 0.888 0.433 0.724
 -0.153 -0.454 0.878 -0.202
 0.000 0.000 0.000 1.000)

2.6614198684692383
(0.971 0.107 0.215 -0.136
 -0.186 0.902 0.389 0.735
 -0.153 -0.418 0.896 -0.208
 0.000 0.000 0.000 1.000)

2.678169012069702
(0.965 0.140 0.221 -0.143
 -0.209 0.922 0.327 0.747
 -0.158 -0.362 0.919 -0.215
 0.000 0.000 0.000 1.000)

2.6948630809783936
(0.964 0.148 0.222 -0.149
 -0.203 0.946 0.252 0.759
 -0.173 -0.288 0.942 -0.220
 0.000 0.000 0.000 1.000)

2.711570978164673
(0.965 0.137 0.224 -0.154
 -0.179 0.967 0.179 0.770
 -0.192 -0.213 0.958 -0.224
 0.000 0.000 0.000 1.000)

2.7439770698547363
(0.968 0.115 0.225 -0.158
 -0.146 0.981 0.127 0.777
 -0.206 -0.156 0.966 -0.227
 0.000 0.000 0.000 1.000)

2.7615549564361572
(0.970 0.082 0.228 -0.161
 -0.108 0.989 0.103 0.778
 -0.217 -0.124 0.968 -0.227
 0.000 0.000 0.000 1.000)

2.778235912322998
(0.970 0.049 0.237 -0.164
 -0.075 0.992 0.102 0.774
 -0.230 -0.116 0.966 -0.225
 0.000 0.000 0.000 1.000)

2.794903039932251
(0.969 0.014 0.246 -0.166
 -0.045 0.992 0.121 0.768
 -0.242 -0.129 0.962 -0.223
 0.000 0.000 0.000 1.000)

2.8115949630737305
(0.967 -0.006 0.254 -0.168
 -0.034 0.988 0.151 0.759
 -0.252 -0.155 0.955 -0.219
 0.000 0.000 0.000 1.000)

2.8282389640808105
(0.965 -0.020 0.260 -0.168
 -0.025 0.985 0.171 0.753
 -0.259 -0.171 0.950 -0.216
 0.000 0.000 0.000 1.000)

2.8449440002441406
(0.964 -0.026 0.265 -0.167
 -0.022 0.984 0.178 0.750
 -0.265 -0.178 0.948 -0.214
 0.000 0.000 0.000 1.000)

2.8616418838500977
(0.962 -0.039 0.271 -0.159
 -0.001 0.989 0.147 0.753
 -0.273 -0.141 0.951 -0.214
 0.000 0.000 0.000 1.000)

2.878283977508545
(0.964 -0.046 0.261 -0.150
 0.014 0.992 0.123 0.758
 -0.265 -0.115 0.957 -0.217
 0.000 0.000 0.000 1.000)

2.8950068950653076
(0.968 -0.052 0.246 -0.138
 0.026 0.994 0.106 0.764
 -0.250 -0.096 0.964 -0.221
 0.000 0.000 0.000 1.000)

2.911707878112793
(0.972 -0.049 0.229 -0.123
 0.028 0.995 0.094 0.770
 -0.233 -0.085 0.969 -0.226
 0.000 0.000 0.000 1.000)

2.928302049636841
(0.976 -0.048 0.214 -0.107
 0.030 0.996 0.086 0.776
 -0.218 -0.078 0.973 -0.230
 0.000 0.000 0.000 1.000)

2.9450039863586426
(0.978 -0.053 0.202 -0.088
 0.038 0.996 0.075 0.782
 -0.206 -0.066 0.976 -0.235
 0.000 0.000 0.000 1.000)

2.961677074432373
(0.977 -0.076 0.197 -0.069
 0.063 0.995 0.073 0.788
 -0.202 -0.059 0.978 -0.239
 0.000 0.000 0.000 1.000)

2.994149923324585
(0.973 -0.119 0.198 -0.049
 0.108 0.992 0.067 0.795
 -0.204 -0.044 0.978 -0.243
 0.000 0.000 0.000 1.000)

3.011704921722412
(0.959 -0.191 0.210 -0.028
 0.182 0.982 0.060 0.802
 -0.218 -0.019 0.976 -0.246
 0.000 0.000 0.000 1.000)

3.0283920764923096
(0.937 -0.265 0.229 -0.008
 0.260 0.964 0.050 0.809
 -0.234 0.013 0.972 -0.248
 0.000 0.000 0.000 1.000)

3.045072078704834
(0.907 -0.338 0.252 0.013
 0.342 0.939 0.033 0.817
 -0.248 0.056 0.967 -0.250
 0.000 0.000 0.000 1.000)

3.061753034591675
(0.872 -0.406 0.274 0.035
 0.418 0.908 0.019 0.824
 -0.257 0.098 0.961 -0.251
 0.000 0.000 0.000 1.000)

3.078402042388916
(0.837 -0.466 0.286 0.058
 0.482 0.876 0.017 0.827
 -0.259 0.124 0.958 -0.250
 0.000 0.000 0.000 1.000)

3.095080852508545
(0.804 -0.520 0.289 0.084
 0.537 0.843 0.021 0.830
 -0.254 0.138 0.957 -0.249
 0.000 0.000 0.000 1.000)

3.111783027648926
(0.769 -0.568 0.294 0.135
 0.596 0.803 -0.008 0.837
 -0.232 0.182 0.956 -0.242
 0.000 0.000 0.000 1.000)

3.128437042236328
(0.764 -0.573 0.296 0.160
 0.605 0.796 -0.022 0.840
 -0.223 0.196 0.955 -0.238
 0.000 0.000 0.000 1.000)

3.1450998783111572
(0.759 -0.584 0.288 0.186
 0.613 0.790 -0.017 0.840
 -0.218 0.189 0.958 -0.232
 0.000 0.000 0.000 1.000)

3.161781072616577
(0.751 -0.604 0.266 0.213
 0.626 0.780 0.004 0.839
 -0.210 0.163 0.964 -0.226
 0.000 0.000 0.000 1.000)

3.178457021713257
(0.735 -0.635 0.238 0.240
 0.647 0.762 0.035 0.836
 -0.203 0.128 0.971 -0.219
 0.000 0.000 0.000 1.000)

3.195119857788086
(0.720 -0.663 0.204 0.266
 0.665 0.744 0.071 0.833
 -0.199 0.084 0.976 -0.211
 0.000 0.000 0.000 1.000)

3.2276229858398438
(0.704 -0.688 0.177 0.290
 0.682 0.724 0.102 0.830
 -0.199 0.049 0.979 -0.202
 0.000 0.000 0.000 1.000)

3.2452030181884766
(0.695 -0.702 0.157 0.311
 0.691 0.712 0.127 0.827
 -0.201 0.020 0.979 -0.192
 0.000 0.000 0.000 1.000)

3.2618939876556396
(0.689 -0.711 0.142 0.329
 0.695 0.704 0.147 0.826
 -0.204 -0.002 0.979 -0.182
 0.000 0.000 0.000 1.000)

3.278517007827759
(0.684 -0.717 0.136 0.344
 0.699 0.697 0.157 0.825
 -0.207 -0.013 0.978 -0.173
 0.000 0.000 0.000 1.000)

3.295163869857788
(0.676 -0.726 0.128 0.359
 0.707 0.688 0.166 0.825
 -0.208 -0.022 0.978 -0.164
 0.000 0.000 0.000 1.000)

3.3119699954986572
(0.666 -0.737 0.117 0.372
 0.717 0.675 0.174 0.825
 -0.207 -0.032 0.978 -0.155
 0.000 0.000 0.000 1.000)

3.3285560607910156
(0.654 -0.749 0.102 0.384
 0.728 0.661 0.184 0.826
 -0.205 -0.045 0.978 -0.147
 0.000 0.000 0.000 1.000)

3.3452188968658447
(0.642 -0.763 0.070 0.407
 0.743 0.642 0.190 0.827
 -0.190 -0.070 0.979 -0.134
 0.000 0.000 0.000 1.000)

3.3619439601898193
(0.641 -0.766 0.052 0.417
 0.747 0.637 0.192 0.828
 -0.180 -0.084 0.980 -0.128
 0.000 0.000 0.000 1.000)

3.378535032272339
(0.641 -0.767 0.039 0.425
 0.749 0.635 0.190 0.828
 -0.170 -0.092 0.981 -0.123
 0.000 0.000 0.000 1.000)

3.3952770233154297
(0.640 -0.768 0.029 0.431
 0.750 0.632 0.193 0.828
 -0.167 -0.102 0.981 -0.118
 0.000 0.000 0.000 1.000)

3.411918878555298
(0.641 -0.767 0.020 0.437
 0.751 0.632 0.189 0.829
 -0.158 -0.107 0.982 -0.115
 0.000 0.000 0.000 1.000)

3.428617000579834
(0.642 -0.766 0.011 0.441
 0.752 0.633 0.186 0.828
 -0.150 -0.111 0.982 -0.111
 0.000 0.000 0.000 1.000)

3.4453089237213135
(0.645 -0.764 0.002 0.445
 0.751 0.635 0.181 0.828
 -0.140 -0.116 0.983 -0.108
 0.000 0.000 0.000 1.000)

3.4777729511260986
(0.651 -0.759 -0.003 0.448
 0.748 0.640 0.178 0.828
 -0.133 -0.118 0.984 -0.106
 0.000 0.000 0.000 1.000)

3.495313882827759
(0.654 -0.756 -0.011 0.450
 0.746 0.643 0.173 0.827
 -0.124 -0.121 0.985 -0.103
 0.000 0.000 0.000 1.000)

3.5120139122009277
(0.656 -0.754 -0.011 0.451
 0.744 0.645 0.172 0.826
 -0.122 -0.121 0.985 -0.102
 0.000 0.000 0.000 1.000)

3.5286998748779297
(0.654 -0.756 -0.011 0.452
 0.746 0.644 0.171 0.826
 -0.122 -0.120 0.985 -0.101
 0.000 0.000 0.000 1.000)

3.5453479290008545
(0.650 -0.760 -0.007 0.451
 0.750 0.640 0.165 0.825
 -0.121 -0.113 0.986 -0.102
 0.000 0.000 0.000 1.000)

3.562005043029785
(0.646 -0.763 -0.000 0.450
 0.753 0.637 0.163 0.825
 -0.124 -0.106 0.987 -0.103
 0.000 0.000 0.000 1.000)

3.5786919593811035
(0.645 -0.764 0.012 0.447
 0.754 0.639 0.153 0.826
 -0.125 -0.090 0.988 -0.106
 0.000 0.000 0.000 1.000)

3.5954270362854004
(0.646 -0.762 0.039 0.438
 0.751 0.644 0.148 0.826
 -0.138 -0.066 0.988 -0.113
 0.000 0.000 0.000 1.000)

3.6120779514312744
(0.648 -0.760 0.051 0.432
 0.748 0.647 0.147 0.826
 -0.145 -0.057 0.988 -0.118
 0.000 0.000 0.000 1.000)

3.6287479400634766
(0.651 -0.756 0.062 0.426
 0.744 0.653 0.144 0.826
 -0.149 -0.048 0.988 -0.124
 0.000 0.000 0.000 1.000)

3.645439863204956
(0.660 -0.749 0.062 0.420
 0.737 0.661 0.140 0.827
 -0.146 -0.046 0.988 -0.130
 0.000 0.000 0.000 1.000)

3.662071943283081
(0.679 -0.733 0.053 0.414
 0.720 0.678 0.146 0.827
 -0.143 -0.061 0.988 -0.137
 0.000 0.000 0.000 1.000)

3.6786949634552
(0.702 -0.711 0.035 0.407
 0.700 0.698 0.151 0.827
 -0.131 -0.081 0.988 -0.145
 0.000 0.000 0.000 1.000)

3.6954619884490967
(0.719 -0.695 0.022 0.396
 0.686 0.713 0.145 0.828
 -0.117 -0.089 0.989 -0.154
 0.000 0.000 0.000 1.000)

3.7279369831085205
(0.728 -0.686 0.009 0.384
 0.679 0.722 0.133 0.830
 -0.097 -0.091 0.991 -0.162
 0.000 0.000 0.000 1.000)

3.7453930377960205
(0.732 -0.681 0.009 0.367
 0.677 0.729 0.103 0.836
 -0.077 -0.069 0.995 -0.171
 0.000 0.000 0.000 1.000)

3.7620630264282227
(0.740 -0.673 0.014 0.347
 0.671 0.739 0.059 0.842
 -0.050 -0.034 0.998 -0.179
 0.000 0.000 0.000 1.000)

3.778730869293213
(0.751 -0.660 0.030 0.324
 0.660 0.751 0.012 0.849
 -0.031 0.011 0.999 -0.186
 0.000 0.000 0.000 1.000)

3.7954318523406982
(0.766 -0.641 0.049 0.297
 0.642 0.766 -0.030 0.855
 -0.018 0.055 0.998 -0.192
 0.000 0.000 0.000 1.000)

3.8121039867401123
(0.785 -0.616 0.066 0.269
 0.619 0.782 -0.072 0.859
 -0.008 0.098 0.995 -0.198
 0.000 0.000 0.000 1.000)

3.828778028488159
(0.833 -0.546 0.083 0.210
 0.553 0.822 -0.136 0.857
 0.006 0.160 0.987 -0.205
 0.000 0.000 0.000 1.000)

3.8454408645629883
(0.852 -0.516 0.094 0.178
 0.524 0.839 -0.148 0.851
 -0.003 0.176 0.984 -0.207
 0.000 0.000 0.000 1.000)

3.862149953842163
(0.856 -0.503 0.119 0.145
 0.516 0.845 -0.142 0.841
 -0.029 0.183 0.983 -0.208
 0.000 0.000 0.000 1.000)

3.8788399696350098
(0.854 -0.494 0.160 0.109
 0.515 0.848 -0.130 0.829
 -0.071 0.193 0.979 -0.208
 0.000 0.000 0.000 1.000)

3.8955368995666504
(0.852 -0.478 0.214 0.072
 0.507 0.855 -0.110 0.816
 -0.131 0.202 0.971 -0.206
 0.000 0.000 0.000 1.000)

3.9121599197387695
(0.856 -0.445 0.265 0.037
 0.482 0.871 -0.096 0.805
 -0.188 0.210 0.960 -0.203
 0.000 0.000 0.000 1.000)

3.928844928741455
(0.869 -0.394 0.299 0.008
 0.435 0.896 -0.085 0.796
 -0.234 0.204 0.951 -0.201
 0.000 0.000 0.000 1.000)

3.96140193939209
(0.890 -0.345 0.300 -0.012
 0.381 0.922 -0.072 0.787
 -0.252 0.179 0.951 -0.199
 0.000 0.000 0.000 1.000)

3.9788808822631836
(0.911 -0.304 0.278 -0.025
 0.332 0.941 -0.059 0.777
 -0.244 0.146 0.959 -0.197
 0.000 0.000 0.000 1.000)

3.9955708980560303
(0.926 -0.278 0.256 -0.036
 0.299 0.953 -0.043 0.768
 -0.232 0.117 0.966 -0.196
 0.000 0.000 0.000 1.000)

4.012228965759277
(0.933 -0.267 0.243 -0.047
 0.282 0.959 -0.030 0.759
 -0.225 0.097 0.969 -0.194
 0.000 0.000 0.000 1.000)

4.0288920402526855
(0.929 -0.267 0.257 -0.062
 0.280 0.960 -0.017 0.751
 -0.242 0.087 0.966 -0.190
 0.000 0.000 0.000 1.000)

4.045597076416016
(0.920 -0.268 0.285 -0.078
 0.278 0.961 0.005 0.742
 -0.275 0.075 0.959 -0.184
 0.000 0.000 0.000 1.000)

4.062288284301758
(0.905 -0.273 0.327 -0.094
 0.283 0.959 0.019 0.735
 -0.318 0.075 0.945 -0.177
 0.000 0.000 0.000 1.000)

4.079009056091309
(0.846 -0.307 0.436 -0.126
 0.324 0.945 0.036 0.726
 -0.423 0.111 0.899 -0.161
 0.000 0.000 0.000 1.000)

4.095623016357422
(0.818 -0.319 0.479 -0.138
 0.342 0.939 0.042 0.724
 -0.463 0.130 0.877 -0.154
 0.000 0.000 0.000 1.000)

4.112268924713135
(0.804 -0.327 0.498 -0.145
 0.355 0.934 0.040 0.723
 -0.478 0.145 0.867 -0.149
 0.000 0.000 0.000 1.000)

4.128948211669922
(0.809 -0.325 0.490 -0.147
 0.355 0.934 0.033 0.723
 -0.468 0.147 0.871 -0.147
 0.000 0.000 0.000 1.000)

4.145638942718506
(0.827 -0.315 0.465 -0.146
 0.337 0.941 0.038 0.720
 -0.450 0.126 0.884 -0.146
 0.000 0.000 0.000 1.000)

4.162323951721191
(0.843 -0.303 0.444 -0.145
 0.312 0.948 0.055 0.716
 -0.437 0.092 0.895 -0.146
 0.000 0.000 0.000 1.000)

4.178984642028809
(0.851 -0.292 0.437 -0.146
 0.295 0.953 0.064 0.713
 -0.435 0.074 0.897 -0.145
 0.000 0.000 0.000 1.000)

4.211556911468506
(0.843 -0.295 0.449 -0.148
 0.294 0.953 0.073 0.709
 -0.449 0.071 0.891 -0.143
 0.000 0.000 0.000 1.000)

4.229033946990967
(0.824 -0.307 0.476 -0.153
 0.312 0.947 0.071 0.707
 -0.473 0.090 0.877 -0.141
 0.000 0.000 0.000 1.000)

4.245660781860352
(0.802 -0.321 0.503 -0.158
 0.334 0.940 0.067 0.706
 -0.495 0.115 0.861 -0.139
 0.000 0.000 0.000 1.000)

4.2624006271362305
(0.782 -0.336 0.525 -0.161
 0.360 0.931 0.061 0.706
 -0.510 0.141 0.849 -0.137
 0.000 0.000 0.000 1.000)

4.279049873352051
(0.769 -0.347 0.537 -0.163
 0.378 0.924 0.057 0.707
 -0.516 0.159 0.841 -0.137
 0.000 0.000 0.000 1.000)

4.295697212219238
(0.762 -0.354 0.543 -0.163
 0.391 0.919 0.051 0.708
 -0.517 0.174 0.838 -0.137
 0.000 0.000 0.000 1.000)

4.312441825866699
(0.769 -0.357 0.530 -0.159
 0.398 0.917 0.040 0.711
 -0.500 0.180 0.847 -0.140
 0.000 0.000 0.000 1.000)

4.329087257385254
(0.778 -0.359 0.515 -0.155
 0.399 0.916 0.037 0.712
 -0.485 0.177 0.856 -0.142
 0.000 0.000 0.000 1.000)

4.345761299133301
(0.786 -0.369 0.496 -0.150
 0.403 0.914 0.040 0.713
 -0.469 0.169 0.867 -0.143
 0.000 0.000 0.000 1.000)

4.362429618835449
(0.792 -0.379 0.478 -0.146
 0.413 0.910 0.037 0.714
 -0.449 0.169 0.877 -0.144
 0.000 0.000 0.000 1.000)

4.37911319732666
(0.795 -0.396 0.459 -0.141
 0.429 0.903 0.036 0.716
 -0.429 0.168 0.888 -0.146
 0.000 0.000 0.000 1.000)

4.3957977294921875
(0.797 -0.418 0.436 -0.135
 0.449 0.893 0.034 0.717
 -0.403 0.168 0.899 -0.147
 0.000 0.000 0.000 1.000)

4.41246223449707
(0.800 -0.442 0.406 -0.129
 0.471 0.881 0.032 0.719
 -0.372 0.165 0.913 -0.148
 0.000 0.000 0.000 1.000)

4.429165840148926
(0.805 -0.465 0.370 -0.122
 0.492 0.870 0.024 0.722
 -0.333 0.163 0.929 -0.149
 0.000 0.000 0.000 1.000)

4.461709976196289
(0.818 -0.474 0.327 -0.115
 0.499 0.867 0.007 0.725
 -0.287 0.157 0.945 -0.151
 0.000 0.000 0.000 1.000)

4.479254722595215
(0.839 -0.468 0.279 -0.107
 0.490 0.871 -0.012 0.728
 -0.237 0.147 0.960 -0.151
 0.000 0.000 0.000 1.000)

4.4958600997924805
(0.866 -0.441 0.233 -0.100
 0.462 0.886 -0.037 0.732
 -0.190 0.140 0.972 -0.152
 0.000 0.000 0.000 1.000)

4.5125322341918945
(0.894 -0.408 0.186 -0.093
 0.425 0.903 -0.059 0.735
 -0.144 0.131 0.981 -0.152
 0.000 0.000 0.000 1.000)

4.529207229614258
(0.914 -0.380 0.138 -0.086
 0.393 0.916 -0.083 0.739
 -0.094 0.131 0.987 -0.152
 0.000 0.000 0.000 1.000)

4.545899868011475
(0.925 -0.367 0.094 -0.079
 0.376 0.919 -0.114 0.743
 -0.045 0.141 0.989 -0.152
 0.000 0.000 0.000 1.000)

4.562563896179199
(0.918 -0.396 0.009 -0.065
 0.391 0.904 -0.172 0.752
 0.060 0.161 0.985 -0.150
 0.000 0.000 0.000 1.000)

4.579272270202637
(0.907 -0.419 -0.038 -0.058
 0.406 0.896 -0.181 0.755
 0.110 0.149 0.983 -0.148
 0.000 0.000 0.000 1.000)

4.595921993255615
(0.900 -0.428 -0.086 -0.051
 0.408 0.894 -0.187 0.757
 0.157 0.133 0.979 -0.147
 0.000 0.000 0.000 1.000)

4.612602233886719
(0.900 -0.416 -0.131 -0.045
 0.392 0.902 -0.179 0.757
 0.193 0.110 0.975 -0.145
 0.000 0.000 0.000 1.000)

4.62929105758667
(0.908 -0.381 -0.172 -0.039
 0.356 0.921 -0.159 0.755
 0.219 0.084 0.972 -0.144
 0.000 0.000 0.000 1.000)

4.646009922027588
(0.922 -0.324 -0.214 -0.033
 0.298 0.944 -0.144 0.752
 0.248 0.069 0.966 -0.142
 0.000 0.000 0.000 1.000)

4.662628173828125
(0.928 -0.274 -0.251 -0.028
 0.248 0.960 -0.132 0.750
 0.277 0.060 0.959 -0.141
 0.000 0.000 0.000 1.000)

4.695185661315918
(0.926 -0.251 -0.281 -0.024
 0.229 0.967 -0.111 0.747
 0.300 0.039 0.953 -0.140
 0.000 0.000 0.000 1.000)

4.712768077850342
(0.922 -0.240 -0.303 -0.021
 0.221 0.971 -0.096 0.746
 0.317 0.021 0.948 -0.139
 0.000 0.000 0.000 1.000)

4.729423999786377
(0.918 -0.236 -0.319 -0.018
 0.221 0.972 -0.083 0.745
 0.329 0.006 0.944 -0.138
 0.000 0.000 0.000 1.000)

4.746119022369385
(0.913 -0.249 -0.323 -0.017
 0.235 0.968 -0.083 0.745
 0.333 0.000 0.943 -0.137
 0.000 0.000 0.000 1.000)

4.762772083282471
(0.912 -0.260 -0.317 -0.017
 0.245 0.966 -0.087 0.746
 0.329 0.002 0.944 -0.137
 0.000 0.000 0.000 1.000)

4.779497146606445
(0.913 -0.272 -0.306 -0.018
 0.253 0.962 -0.099 0.747
 0.321 0.013 0.947 -0.137
 0.000 0.000 0.000 1.000)

4.796148300170898
(0.917 -0.273 -0.292 -0.018
 0.254 0.962 -0.102 0.748
 0.309 0.020 0.951 -0.138
 0.000 0.000 0.000 1.000)

4.812795639038086
(0.919 -0.269 -0.289 -0.018
 0.251 0.963 -0.100 0.748
 0.305 0.019 0.952 -0.138
 0.000 0.000 0.000 1.000)

4.829486846923828
(0.922 -0.257 -0.290 -0.017
 0.239 0.966 -0.095 0.747
 0.305 0.018 0.952 -0.138
 0.000 0.000 0.000 1.000)

4.846127033233643
(0.926 -0.245 -0.288 -0.017
 0.228 0.969 -0.092 0.746
 0.302 0.019 0.953 -0.138
 0.000 0.000 0.000 1.000)

4.862839698791504
(0.928 -0.236 -0.287 -0.017
 0.220 0.972 -0.088 0.746
 0.300 0.018 0.954 -0.138
 0.000 0.000 0.000 1.000)

4.879547119140625
(0.930 -0.230 -0.286 -0.016
 0.214 0.973 -0.086 0.745
 0.298 0.018 0.954 -0.138
 0.000 0.000 0.000 1.000)

4.896211624145508
(0.931 -0.225 -0.287 -0.016
 0.211 0.974 -0.080 0.744
 0.298 0.014 0.955 -0.137
 0.000 0.000 0.000 1.000)

4.912881851196289
(0.932 -0.224 -0.287 -0.015
 0.211 0.975 -0.076 0.743
 0.296 0.011 0.955 -0.137
 0.000 0.000 0.000 1.000)

4.945343017578125
(0.932 -0.223 -0.286 -0.015
 0.213 0.975 -0.069 0.742
 0.294 0.003 0.956 -0.137
 0.000 0.000 0.000 1.000)

4.9629130363464355
(0.932 -0.225 -0.285 -0.014
 0.216 0.974 -0.064 0.741
 0.292 -0.002 0.957 -0.136
 0.000 0.000 0.000 1.000)

4.979620933532715
(0.932 -0.228 -0.282 -0.014
 0.220 0.974 -0.060 0.741
 0.288 -0.006 0.958 -0.136
 0.000 0.000 0.000 1.000)

4.99625301361084
(0.931 -0.232 -0.281 -0.013
 0.226 0.973 -0.055 0.740
 0.286 -0.012 0.958 -0.136
 0.000 0.000 0.000 1.000)

5.0129547119140625
(0.928 -0.247 -0.278 -0.012
 0.242 0.969 -0.052 0.740
 0.282 -0.019 0.959 -0.136
 0.000 0.000 0.000 1.000)

5.029665946960449
(0.922 -0.274 -0.273 -0.011
 0.272 0.961 -0.046 0.740
 0.275 -0.032 0.961 -0.137
 0.000 0.000 0.000 1.000)

5.046339988708496
(0.895 -0.353 -0.272 -0.004
 0.362 0.932 -0.016 0.743
 0.259 -0.084 0.962 -0.141
 0.000 0.000 0.000 1.000)

5.062971115112305
(0.876 -0.383 -0.292 0.003
 0.400 0.917 -0.001 0.745
 0.268 -0.116 0.956 -0.144
 0.000 0.000 0.000 1.000)

5.079671859741211
(0.861 -0.385 -0.332 0.015
 0.413 0.911 0.015 0.747
 0.297 -0.150 0.943 -0.146
 0.000 0.000 0.000 1.000)

5.096344947814941
(0.854 -0.351 -0.383 0.030
 0.388 0.921 0.021 0.748
 0.346 -0.166 0.923 -0.147
 0.000 0.000 0.000 1.000)

5.113020896911621
(0.849 -0.292 -0.440 0.047
 0.334 0.943 0.019 0.749
 0.410 -0.163 0.898 -0.146
 0.000 0.000 0.000 1.000)

5.129692077636719
(0.843 -0.219 -0.492 0.064
 0.267 0.963 0.028 0.747
 0.468 -0.155 0.870 -0.145
 0.000 0.000 0.000 1.000)

5.14635705947876
(0.828 -0.161 -0.538 0.082
 0.211 0.977 0.033 0.746
 0.520 -0.141 0.843 -0.144
 0.000 0.000 0.000 1.000)

5.1630096435546875
(0.810 -0.149 -0.567 0.100
 0.198 0.980 0.025 0.746
 0.552 -0.132 0.823 -0.143
 0.000 0.000 0.000 1.000)

5.195497989654541
(0.793 -0.167 -0.585 0.116
 0.212 0.977 0.009 0.746
 0.570 -0.131 0.811 -0.142
 0.000 0.000 0.000 1.000)

5.213069915771484
(0.781 -0.201 -0.591 0.132
 0.249 0.969 -0.002 0.747
 0.573 -0.146 0.807 -0.142
 0.000 0.000 0.000 1.000)

5.229780197143555
(0.782 -0.243 -0.573 0.146
 0.294 0.956 -0.004 0.747
 0.549 -0.165 0.819 -0.144
 0.000 0.000 0.000 1.000)

5.246415138244629
(0.791 -0.279 -0.545 0.160
 0.332 0.943 -0.001 0.747
 0.514 -0.180 0.838 -0.147
 0.000 0.000 0.000 1.000)

5.263041973114014
(0.805 -0.307 -0.508 0.173
 0.358 0.934 0.001 0.746
 0.474 -0.183 0.861 -0.151
 0.000 0.000 0.000 1.000)

5.279804229736328
(0.841 -0.332 -0.428 0.201
 0.365 0.931 -0.005 0.746
 0.400 -0.152 0.904 -0.158
 0.000 0.000 0.000 1.000)

5.296464920043945
(0.854 -0.342 -0.391 0.217
 0.370 0.929 -0.004 0.747
 0.365 -0.141 0.920 -0.161
 0.000 0.000 0.000 1.000)

5.33001708984375
(0.852 -0.378 -0.361 0.234
 0.398 0.917 -0.022 0.750
 0.339 -0.125 0.932 -0.162
 0.000 0.000 0.000 1.000)

5.330931663513184
(0.836 -0.430 -0.340 0.252
 0.447 0.894 -0.032 0.753
 0.317 -0.125 0.940 -0.162
 0.000 0.000 0.000 1.000)

5.3478498458862305
(0.807 -0.494 -0.325 0.271
 0.507 0.861 -0.049 0.757
 0.304 -0.125 0.945 -0.162
 0.000 0.000 0.000 1.000)

5.364400863647461
(0.770 -0.556 -0.313 0.290
 0.570 0.820 -0.056 0.761
 0.288 -0.135 0.948 -0.160
 0.000 0.000 0.000 1.000)

5.381071090698242
(0.734 -0.611 -0.298 0.308
 0.620 0.781 -0.074 0.767
 0.278 -0.130 0.952 -0.157
 0.000 0.000 0.000 1.000)

5.397727966308594
(0.704 -0.651 -0.284 0.325
 0.659 0.748 -0.083 0.770
 0.267 -0.128 0.955 -0.155
 0.000 0.000 0.000 1.000)

5.430225849151611
(0.681 -0.682 -0.266 0.341
 0.688 0.721 -0.087 0.773
 0.252 -0.124 0.960 -0.152
 0.000 0.000 0.000 1.000)

5.4477858543396
(0.661 -0.707 -0.252 0.356
 0.714 0.696 -0.078 0.774
 0.230 -0.128 0.965 -0.150
 0.000 0.000 0.000 1.000)

5.464496612548828
(0.639 -0.733 -0.233 0.370
 0.742 0.667 -0.065 0.775
 0.204 -0.131 0.970 -0.147
 0.000 0.000 0.000 1.000)

5.48111629486084
(0.608 -0.765 -0.213 0.381
 0.774 0.630 -0.053 0.776
 0.175 -0.133 0.976 -0.144
 0.000 0.000 0.000 1.000)

5.497823715209961
(0.574 -0.794 -0.199 0.391
 0.806 0.591 -0.031 0.776
 0.143 -0.143 0.979 -0.141
 0.000 0.000 0.000 1.000)

5.514492988586426
(0.518 -0.836 -0.180 0.408
 0.850 0.526 0.002 0.776
 0.093 -0.154 0.984 -0.135
 0.000 0.000 0.000 1.000)

5.531300067901611
(0.510 -0.841 -0.179 0.414
 0.856 0.516 0.014 0.776
 0.081 -0.161 0.984 -0.133
 0.000 0.000 0.000 1.000)

5.547846794128418
(0.510 -0.843 -0.171 0.420
 0.857 0.515 0.018 0.776
 0.073 -0.156 0.985 -0.131
 0.000 0.000 0.000 1.000)

5.564547061920166
(0.514 -0.838 -0.180 0.425
 0.854 0.519 0.021 0.777
 0.076 -0.165 0.983 -0.129
 0.000 0.000 0.000 1.000)

5.581233978271484
(0.523 -0.831 -0.188 0.429
 0.848 0.530 0.017 0.778
 0.086 -0.168 0.982 -0.128
 0.000 0.000 0.000 1.000)

5.5978851318359375
(0.532 -0.823 -0.199 0.432
 0.841 0.541 0.011 0.779
 0.099 -0.174 0.980 -0.128
 0.000 0.000 0.000 1.000)

5.614562034606934
(0.543 -0.814 -0.204 0.434
 0.831 0.556 -0.006 0.782
 0.118 -0.167 0.979 -0.128
 0.000 0.000 0.000 1.000)

5.631237983703613
(0.553 -0.807 -0.210 0.434
 0.822 0.569 -0.022 0.784
 0.137 -0.160 0.978 -0.129
 0.000 0.000 0.000 1.000)

5.647944927215576
(0.558 -0.803 -0.212 0.434
 0.817 0.576 -0.033 0.786
 0.149 -0.154 0.977 -0.130
 0.000 0.000 0.000 1.000)

5.680376052856445
(0.560 -0.800 -0.216 0.433
 0.814 0.580 -0.036 0.786
 0.154 -0.156 0.976 -0.131
 0.000 0.000 0.000 1.000)

5.697995185852051
(0.560 -0.800 -0.217 0.430
 0.815 0.579 -0.034 0.785
 0.153 -0.157 0.976 -0.132
 0.000 0.000 0.000 1.000)

5.714693069458008
(0.563 -0.798 -0.214 0.426
 0.814 0.581 -0.026 0.783
