3.361010789871216
(0.885 -0.409 -0.220 0.263
 0.383 0.911 -0.153 1.419
 0.263 0.051 0.963 1.196
 0.000 0.000 0.000 1.000)

3.37903094291687
(0.897 -0.389 -0.212 0.249
 0.382 0.921 -0.076 1.426
 0.224 -0.013 0.974 1.169
 0.000 0.000 0.000 1.000)

3.3952109813690186
(0.912 -0.379 -0.159 0.230
 0.368 0.925 -0.095 1.441
 0.182 0.028 0.983 1.143
 0.000 0.000 0.000 1.000)

3.412061929702759
(0.915 -0.362 -0.177 0.216
 0.362 0.931 -0.033 1.447
 0.177 -0.034 0.984 1.126
 0.000 0.000 0.000 1.000)

3.4286048412323
(0.912 -0.380 -0.156 0.199
 0.384 0.923 -0.004 1.457
 0.146 -0.056 0.988 1.106
 0.000 0.000 0.000 1.000)

3.445295810699463
(0.907 -0.405 -0.113 0.180
 0.408 0.913 0.003 1.466
 0.102 -0.049 0.994 1.088
 0.000 0.000 0.000 1.000)

3.461930990219116
(0.907 -0.416 -0.070 0.162
 0.417 0.909 0.005 1.474
 0.061 -0.034 0.998 1.073
 0.000 0.000 0.000 1.000)

3.4785900115966797
(0.907 -0.419 -0.046 0.144
 0.419 0.908 -0.001 1.483
 0.042 -0.019 0.999 1.059
 0.000 0.000 0.000 1.000)

3.4953129291534424
(0.906 -0.424 0.004 0.125
 0.424 0.904 -0.058 1.496
 0.021 0.054 0.998 1.048
 0.000 0.000 0.000 1.000)

3.51190185546875
(0.901 -0.422 0.099 0.099
 0.434 0.882 -0.184 1.520
 -0.010 0.209 0.978 1.041
 0.000 0.000 0.000 1.000)

3.5286779403686523
(0.900 -0.378 0.217 0.071
 0.432 0.836 -0.338 1.547
 -0.053 0.398 0.916 1.039
 0.000 0.000 0.000 1.000)

3.5452628135681152
(0.897 -0.306 0.320 0.044
 0.434 0.752 -0.496 1.573
 -0.089 0.584 0.807 1.043
 0.000 0.000 0.000 1.000)

3.562034845352173
(0.884 -0.208 0.418 0.017
 0.451 0.612 -0.649 1.597
 -0.121 0.763 0.635 1.055
 0.000 0.000 0.000 1.000)

3.57861590385437
(0.865 -0.139 0.482 -0.005
 0.477 0.526 -0.704 1.612
 -0.156 0.839 0.521 1.064
 0.000 0.000 0.000 1.000)

3.595266819000244
(0.851 -0.074 0.519 -0.023
 0.498 0.424 -0.756 1.624
 -0.164 0.903 0.398 1.072
 0.000 0.000 0.000 1.000)

3.6119868755340576
(0.841 -0.046 0.540 -0.038
 0.519 0.352 -0.779 1.632
 -0.154 0.935 0.320 1.078
 0.000 0.000 0.000 1.000)

3.6285839080810547
(0.833 -0.063 0.550 -0.052
 0.541 0.303 -0.785 1.637
 -0.117 0.951 0.286 1.078
 0.000 0.000 0.000 1.000)

3.645226001739502
(0.823 -0.127 0.554 -0.064
 0.565 0.291 -0.772 1.641
 -0.063 0.948 0.311 1.074
 0.000 0.000 0.000 1.000)

3.661923885345459
(0.816 -0.214 0.538 -0.075
 0.578 0.346 -0.739 1.642
 -0.028 0.914 0.406 1.060
 0.000 0.000 0.000 1.000)

3.678593873977661
(0.818 -0.285 0.499 -0.082
 0.575 0.425 -0.699 1.641
 -0.013 0.859 0.512 1.045
 0.000 0.000 0.000 1.000)

3.695230007171631
(0.843 -0.314 0.437 -0.087
 0.537 0.556 -0.634 1.638
 -0.044 0.769 0.637 1.026
 0.000 0.000 0.000 1.000)

3.712116003036499
(0.888 -0.290 0.356 -0.089
 0.451 0.702 -0.552 1.632
 -0.090 0.650 0.754 1.008
 0.000 0.000 0.000 1.000)

3.728729009628296
(0.939 -0.200 0.281 -0.091
 0.315 0.829 -0.462 1.623
 -0.140 0.522 0.841 0.993
 0.000 0.000 0.000 1.000)

3.745466947555542
(0.970 -0.097 0.224 -0.094
 0.177 0.910 -0.375 1.613
 -0.167 0.403 0.900 0.981
 0.000 0.000 0.000 1.000)

3.761953830718994
(0.981 -0.010 0.196 -0.099
 0.072 0.946 -0.315 1.605
 -0.182 0.323 0.929 0.972
 0.000 0.000 0.000 1.000)

3.778747797012329
(0.980 0.034 0.196 -0.107
 0.030 0.949 -0.313 1.603
 -0.197 0.312 0.929 0.966
 0.000 0.000 0.000 1.000)

3.7955079078674316
(0.976 0.029 0.215 -0.117
 0.044 0.944 -0.328 1.603
 -0.212 0.329 0.920 0.960
 0.000 0.000 0.000 1.000)

3.8121747970581055
(0.968 0.007 0.252 -0.128
 0.077 0.943 -0.324 1.602
 -0.240 0.333 0.912 0.954
 0.000 0.000 0.000 1.000)

3.8288989067077637
(0.963 -0.010 0.269 -0.136
 0.093 0.951 -0.297 1.597
 -0.252 0.311 0.916 0.946
 0.000 0.000 0.000 1.000)

3.845654010772705
(0.962 -0.014 0.273 -0.142
 0.091 0.958 -0.272 1.592
 -0.258 0.286 0.923 0.939
 0.000 0.000 0.000 1.000)

3.862259864807129
(0.964 -0.006 0.264 -0.146
 0.074 0.966 -0.248 1.586
 -0.254 0.259 0.932 0.931
 0.000 0.000 0.000 1.000)

3.878875970840454
(0.969 -0.002 0.248 -0.149
 0.059 0.972 -0.226 1.580
 -0.240 0.233 0.942 0.923
 0.000 0.000 0.000 1.000)

3.8955929279327393
(0.972 -0.008 0.234 -0.151
 0.055 0.979 -0.196 1.573
 -0.228 0.204 0.952 0.915
 0.000 0.000 0.000 1.000)

3.912235975265503
(0.973 -0.020 0.230 -0.153
 0.063 0.982 -0.180 1.568
 -0.222 0.190 0.956 0.908
 0.000 0.000 0.000 1.000)

3.92897891998291
(0.970 -0.037 0.241 -0.157
 0.075 0.986 -0.150 1.561
 -0.232 0.163 0.959 0.900
 0.000 0.000 0.000 1.000)

3.9456489086151123
(0.965 -0.053 0.255 -0.161
 0.089 0.987 -0.131 1.556
 -0.245 0.149 0.958 0.893
 0.000 0.000 0.000 1.000)

3.9622199535369873
(0.959 -0.066 0.276 -0.166
 0.104 0.986 -0.128 1.551
 -0.264 0.151 0.953 0.886
 0.000 0.000 0.000 1.000)

3.978976011276245
(0.951 -0.074 0.301 -0.170
 0.116 0.985 -0.125 1.547
 -0.287 0.154 0.945 0.879
 0.000 0.000 0.000 1.000)

3.995635986328125
(0.942 -0.076 0.328 -0.175
 0.123 0.985 -0.123 1.543
 -0.313 0.157 0.937 0.872
 0.000 0.000 0.000 1.000)

4.012316703796387
(0.935 -0.080 0.347 -0.178
 0.129 0.985 -0.118 1.539
 -0.332 0.155 0.931 0.866
 0.000 0.000 0.000 1.000)

4.0289411544799805
(0.928 -0.088 0.362 -0.181
 0.138 0.984 -0.113 1.534
 -0.346 0.155 0.925 0.860
 0.000 0.000 0.000 1.000)

4.045653820037842
(0.924 -0.085 0.372 -0.183
 0.141 0.982 -0.125 1.532
 -0.355 0.168 0.920 0.855
 0.000 0.000 0.000 1.000)

4.062334060668945
(0.923 -0.070 0.379 -0.183
 0.133 0.981 -0.142 1.529
 -0.362 0.182 0.914 0.850
 0.000 0.000 0.000 1.000)

4.079076766967773
(0.924 -0.051 0.379 -0.182
 0.116 0.982 -0.151 1.526
 -0.364 0.184 0.913 0.845
 0.000 0.000 0.000 1.000)

4.0957231521606445
(0.926 -0.026 0.378 -0.181
 0.098 0.980 -0.172 1.523
 -0.365 0.197 0.910 0.840
 0.000 0.000 0.000 1.000)

4.112405776977539
(0.928 -0.013 0.372 -0.179
 0.083 0.981 -0.174 1.519
 -0.363 0.192 0.912 0.834
 0.000 0.000 0.000 1.000)

4.1290435791015625
(0.930 0.000 0.367 -0.177
 0.076 0.979 -0.192 1.516
 -0.359 0.206 0.910 0.830
 0.000 0.000 0.000 1.000)

4.145627021789551
(0.930 0.012 0.366 -0.177
 0.062 0.979 -0.192 1.511
 -0.361 0.201 0.911 0.825
 0.000 0.000 0.000 1.000)

4.162347793579102
(0.930 0.031 0.366 -0.177
 0.050 0.977 -0.209 1.508
 -0.364 0.213 0.907 0.820
 0.000 0.000 0.000 1.000)

4.179076194763184
(0.928 0.041 0.369 -0.177
 0.039 0.977 -0.207 1.504
 -0.369 0.207 0.906 0.815
 0.000 0.000 0.000 1.000)

4.195812225341797
(0.925 0.041 0.377 -0.179
 0.035 0.981 -0.191 1.499
 -0.378 0.190 0.906 0.810
 0.000 0.000 0.000 1.000)

4.212430000305176
(0.924 0.035 0.382 -0.180
 0.041 0.981 -0.190 1.496
 -0.381 0.191 0.905 0.805
 0.000 0.000 0.000 1.000)

4.229012966156006
(0.924 0.015 0.382 -0.180
 0.056 0.983 -0.176 1.492
 -0.378 0.184 0.908 0.800
 0.000 0.000 0.000 1.000)

4.24571418762207
(0.926 -0.003 0.378 -0.181
 0.074 0.982 -0.173 1.489
 -0.371 0.188 0.910 0.795
 0.000 0.000 0.000 1.000)

4.2625298500061035
(0.928 -0.021 0.372 -0.180
 0.089 0.982 -0.167 1.486
 -0.361 0.188 0.913 0.791
 0.000 0.000 0.000 1.000)

4.279134750366211
(0.931 -0.039 0.364 -0.179
 0.103 0.982 -0.160 1.482
 -0.351 0.186 0.918 0.787
 0.000 0.000 0.000 1.000)

4.295899868011475
(0.933 -0.055 0.356 -0.178
 0.122 0.978 -0.168 1.480
 -0.339 0.200 0.919 0.782
 0.000 0.000 0.000 1.000)

4.312479019165039
(0.932 -0.084 0.352 -0.177
 0.150 0.975 -0.163 1.476
 -0.330 0.205 0.922 0.777
 0.000 0.000 0.000 1.000)

4.329111099243164
(0.927 -0.126 0.352 -0.176
 0.187 0.971 -0.146 1.469
 -0.324 0.201 0.924 0.772
 0.000 0.000 0.000 1.000)

4.345884799957275
(0.918 -0.179 0.354 -0.176
 0.235 0.965 -0.120 1.462
 -0.320 0.193 0.927 0.767
 0.000 0.000 0.000 1.000)

4.362538814544678
(0.900 -0.249 0.357 -0.175
 0.295 0.952 -0.082 1.454
 -0.319 0.180 0.931 0.762
 0.000 0.000 0.000 1.000)

4.379166603088379
(0.881 -0.313 0.355 -0.173
 0.352 0.935 -0.049 1.447
 -0.316 0.168 0.934 0.758
 0.000 0.000 0.000 1.000)

4.3959245681762695
(0.857 -0.358 0.370 -0.174
 0.406 0.912 -0.060 1.444
 -0.316 0.202 0.927 0.755
 0.000 0.000 0.000 1.000)

4.412529945373535
(0.836 -0.392 0.385 -0.174
 0.440 0.897 -0.042 1.439
 -0.329 0.204 0.922 0.752
 0.000 0.000 0.000 1.000)

4.429178237915039
(0.826 -0.402 0.396 -0.174
 0.450 0.892 -0.033 1.435
 -0.340 0.206 0.918 0.751
 0.000 0.000 0.000 1.000)

4.445932865142822
(0.823 -0.403 0.400 -0.174
 0.449 0.893 -0.024 1.431
 -0.347 0.200 0.916 0.750
 0.000 0.000 0.000 1.000)

4.4626078605651855
(0.828 -0.388 0.405 -0.173
 0.438 0.899 -0.033 1.430
 -0.351 0.205 0.914 0.749
 0.000 0.000 0.000 1.000)

4.47930908203125
(0.840 -0.359 0.407 -0.171
 0.414 0.909 -0.051 1.430
 -0.351 0.211 0.912 0.750
 0.000 0.000 0.000 1.000)

4.495957851409912
(0.859 -0.318 0.401 -0.168
 0.372 0.926 -0.062 1.430
 -0.352 0.203 0.914 0.752
 0.000 0.000 0.000 1.000)

4.512578010559082
(0.881 -0.261 0.395 -0.165
 0.311 0.948 -0.067 1.429
 -0.357 0.182 0.916 0.754
 0.000 0.000 0.000 1.000)

4.529211044311523
(0.903 -0.190 0.386 -0.161
 0.241 0.966 -0.089 1.429
 -0.356 0.173 0.918 0.757
 0.000 0.000 0.000 1.000)

4.546047210693359
(0.920 -0.120 0.372 -0.156
 0.164 0.982 -0.089 1.429
 -0.355 0.143 0.924 0.760
 0.000 0.000 0.000 1.000)

4.56266975402832
(0.933 -0.067 0.353 -0.151
 0.106 0.990 -0.094 1.429
 -0.343 0.126 0.931 0.763
 0.000 0.000 0.000 1.000)

4.5792999267578125
(0.941 -0.019 0.337 -0.146
 0.061 0.991 -0.116 1.430
 -0.332 0.130 0.934 0.767
 0.000 0.000 0.000 1.000)

4.595980644226074
(0.947 0.003 0.321 -0.142
 0.041 0.991 -0.129 1.432
 -0.319 0.135 0.938 0.770
 0.000 0.000 0.000 1.000)

4.6126508712768555
(0.950 0.009 0.311 -0.137
 0.040 0.988 -0.150 1.433
 -0.308 0.155 0.939 0.774
 0.000 0.000 0.000 1.000)

4.629311561584473
(0.951 -0.003 0.310 -0.133
 0.056 0.985 -0.162 1.434
 -0.305 0.172 0.937 0.778
 0.000 0.000 0.000 1.000)

4.646052837371826
(0.951 -0.009 0.308 -0.130
 0.061 0.985 -0.160 1.434
 -0.302 0.171 0.938 0.782
 0.000 0.000 0.000 1.000)

4.662697792053223
(0.953 -0.004 0.304 -0.126
 0.057 0.984 -0.167 1.434
 -0.299 0.176 0.938 0.786
 0.000 0.000 0.000 1.000)

4.679435729980469
(0.954 -0.000 0.300 -0.123
 0.052 0.985 -0.164 1.434
 -0.296 0.172 0.940 0.789
 0.000 0.000 0.000 1.000)

4.696038246154785
(0.956 0.002 0.293 -0.120
 0.048 0.986 -0.163 1.434
 -0.289 0.170 0.942 0.792
 0.000 0.000 0.000 1.000)

4.712721824645996
(0.957 -0.003 0.289 -0.117
 0.046 0.988 -0.144 1.433
 -0.285 0.151 0.946 0.795
 0.000 0.000 0.000 1.000)

4.72947883605957
(0.957 0.002 0.289 -0.116
 0.042 0.988 -0.146 1.433
 -0.286 0.152 0.946 0.798
 0.000 0.000 0.000 1.000)

4.746071815490723
(0.957 0.000 0.290 -0.114
 0.045 0.988 -0.150 1.435
 -0.286 0.157 0.945 0.801
 0.000 0.000 0.000 1.000)

4.762758255004883
(0.956 0.000 0.292 -0.113
 0.042 0.989 -0.139 1.435
 -0.289 0.145 0.946 0.804
 0.000 0.000 0.000 1.000)

4.77944278717041
(0.957 0.008 0.291 -0.112
 0.032 0.990 -0.134 1.437
 -0.289 0.137 0.947 0.807
 0.000 0.000 0.000 1.000)

4.796095848083496
(0.958 0.018 0.285 -0.111
 0.023 0.990 -0.142 1.439
 -0.285 0.143 0.948 0.810
 0.000 0.000 0.000 1.000)

4.8127617835998535
(0.960 0.026 0.279 -0.109
 0.023 0.985 -0.171 1.444
 -0.279 0.170 0.945 0.813
 0.000 0.000 0.000 1.000)

4.829463958740234
(0.962 0.036 0.269 -0.107
 0.018 0.980 -0.196 1.448
 -0.271 0.194 0.943 0.817
 0.000 0.000 0.000 1.000)

4.846134185791016
(0.964 0.046 0.261 -0.106
 0.015 0.974 -0.227 1.453
 -0.264 0.223 0.938 0.820
 0.000 0.000 0.000 1.000)

4.862874984741211
(0.966 0.053 0.253 -0.105
 0.012 0.969 -0.248 1.457
 -0.258 0.243 0.935 0.824
 0.000 0.000 0.000 1.000)

4.879515647888184
(0.968 0.057 0.244 -0.104
 0.008 0.967 -0.257 1.460
 -0.250 0.250 0.935 0.828
 0.000 0.000 0.000 1.000)

4.896143913269043
(0.970 0.058 0.238 -0.104
 0.005 0.966 -0.259 1.462
 -0.245 0.252 0.936 0.831
 0.000 0.000 0.000 1.000)

4.912746906280518
(0.972 0.066 0.228 -0.104
 -0.003 0.964 -0.267 1.465
 -0.237 0.259 0.936 0.834
 0.000 0.000 0.000 1.000)

4.929478645324707
(0.974 0.081 0.210 -0.103
 -0.019 0.959 -0.281 1.468
 -0.225 0.270 0.936 0.836
 0.000 0.000 0.000 1.000)

4.946209907531738
(0.977 0.094 0.191 -0.102
 -0.033 0.953 -0.302 1.471
 -0.210 0.289 0.934 0.839
 0.000 0.000 0.000 1.000)

4.962915897369385
(0.981 0.098 0.169 -0.101
 -0.039 0.947 -0.319 1.475
 -0.191 0.307 0.932 0.841
 0.000 0.000 0.000 1.000)

4.979586601257324
(0.983 0.099 0.156 -0.101
 -0.044 0.945 -0.324 1.477
 -0.180 0.311 0.933 0.843
 0.000 0.000 0.000 1.000)

4.996220588684082
(0.985 0.099 0.142 -0.100
 -0.047 0.942 -0.332 1.479
 -0.167 0.320 0.933 0.844
 0.000 0.000 0.000 1.000)

5.012973785400391
(0.986 0.094 0.138 -0.101
 -0.040 0.935 -0.353 1.482
 -0.163 0.343 0.925 0.845
 0.000 0.000 0.000 1.000)

5.029582977294922
(0.986 0.087 0.139 -0.103
 -0.032 0.932 -0.362 1.484
 -0.161 0.352 0.922 0.845
 0.000 0.000 0.000 1.000)

5.046316146850586
(0.986 0.086 0.143 -0.105
 -0.029 0.931 -0.363 1.484
 -0.164 0.354 0.921 0.844
 0.000 0.000 0.000 1.000)

5.06297492980957
(0.985 0.094 0.144 -0.106
 -0.033 0.927 -0.375 1.484
 -0.169 0.364 0.916 0.843
 0.000 0.000 0.000 1.000)

5.079648971557617
(0.984 0.092 0.150 -0.108
 -0.030 0.927 -0.374 1.484
 -0.173 0.364 0.915 0.841
 0.000 0.000 0.000 1.000)

5.0962371826171875
(0.983 0.094 0.155 -0.110
 -0.029 0.925 -0.378 1.482
 -0.179 0.367 0.913 0.839
 0.000 0.000 0.000 1.000)

5.112983703613281
(0.983 0.086 0.164 -0.112
 -0.021 0.930 -0.366 1.480
 -0.184 0.357 0.916 0.836
 0.000 0.000 0.000 1.000)

5.129711151123047
(0.982 0.081 0.169 -0.113
 -0.016 0.935 -0.355 1.478
 -0.187 0.346 0.920 0.833
 0.000 0.000 0.000 1.000)

5.146356582641602
(0.981 0.082 0.174 -0.115
 -0.017 0.938 -0.346 1.475
 -0.191 0.337 0.922 0.830
 0.000 0.000 0.000 1.000)

5.163026809692383
(0.980 0.085 0.179 -0.117
 -0.020 0.940 -0.340 1.473
 -0.197 0.329 0.923 0.826
 0.000 0.000 0.000 1.000)

5.179719924926758
(0.979 0.090 0.181 -0.118
 -0.023 0.939 -0.342 1.470
 -0.201 0.331 0.922 0.823
 0.000 0.000 0.000 1.000)

5.196389198303223
(0.978 0.091 0.189 -0.119
 -0.020 0.937 -0.348 1.468
 -0.208 0.337 0.918 0.820
 0.000 0.000 0.000 1.000)

5.213074684143066
(0.976 0.097 0.194 -0.121
 -0.021 0.932 -0.363 1.465
 -0.216 0.350 0.911 0.817
 0.000 0.000 0.000 1.000)

5.229719161987305
(0.974 0.095 0.206 -0.122
 -0.015 0.933 -0.360 1.462
 -0.226 0.347 0.910 0.812
 0.000 0.000 0.000 1.000)

5.246423721313477
(0.971 0.101 0.215 -0.124
 -0.020 0.937 -0.348 1.456
 -0.237 0.334 0.912 0.808
 0.000 0.000 0.000 1.000)

5.263096809387207
(0.969 0.102 0.225 -0.126
 -0.022 0.943 -0.331 1.450
 -0.246 0.316 0.916 0.803
 0.000 0.000 0.000 1.000)

5.2797369956970215
(0.967 0.100 0.235 -0.128
 -0.020 0.947 -0.320 1.444
 -0.254 0.305 0.918 0.798
 0.000 0.000 0.000 1.000)

5.296187877655029
(0.965 0.100 0.243 -0.131
 -0.019 0.949 -0.315 1.438
 -0.262 0.299 0.917 0.793
 0.000 0.000 0.000 1.000)

5.31313419342041
(0.964 0.100 0.247 -0.133
 -0.019 0.951 -0.309 1.431
 -0.266 0.293 0.919 0.788
 0.000 0.000 0.000 1.000)

5.329842567443848
(0.962 0.098 0.254 -0.135
 -0.022 0.958 -0.287 1.423
 -0.271 0.271 0.924 0.784
 0.000 0.000 0.000 1.000)

5.346592903137207
(0.961 0.096 0.259 -0.137
 -0.021 0.960 -0.279 1.416
 -0.275 0.263 0.925 0.779
 0.000 0.000 0.000 1.000)

5.363155841827393
(0.960 0.085 0.267 -0.140
 -0.005 0.959 -0.284 1.410
 -0.280 0.271 0.921 0.775
 0.000 0.000 0.000 1.000)

5.379858016967773
(0.960 0.067 0.273 -0.143
 0.011 0.961 -0.275 1.402
 -0.281 0.267 0.922 0.770
 0.000 0.000 0.000 1.000)

5.396550178527832
(0.957 0.042 0.285 -0.146
 0.034 0.966 -0.256 1.392
 -0.286 0.254 0.924 0.766
 0.000 0.000 0.000 1.000)

5.413189888000488
(0.955 0.015 0.296 -0.150
 0.060 0.968 -0.244 1.382
 -0.290 0.251 0.923 0.762
 0.000 0.000 0.000 1.000)

5.4298529624938965
(0.953 -0.018 0.302 -0.153
 0.095 0.966 -0.240 1.371
 -0.287 0.257 0.923 0.758
 0.000 0.000 0.000 1.000)

5.446401596069336
(0.951 -0.055 0.304 -0.155
 0.130 0.964 -0.232 1.359
 -0.280 0.260 0.924 0.756
 0.000 0.000 0.000 1.000)

5.4632415771484375
(0.950 -0.092 0.300 -0.157
 0.168 0.957 -0.237 1.347
 -0.265 0.275 0.924 0.754
 0.000 0.000 0.000 1.000)

5.4799017906188965
(0.946 -0.139 0.293 -0.159
 0.209 0.952 -0.225 1.331
 -0.248 0.274 0.929 0.752
 0.000 0.000 0.000 1.000)

5.49655294418335
(0.937 -0.203 0.284 -0.160
 0.268 0.939 -0.215 1.314
 -0.223 0.278 0.934 0.751
 0.000 0.000 0.000 1.000)

5.513179779052734
(0.916 -0.291 0.277 -0.161
 0.348 0.920 -0.182 1.293
 -0.201 0.263 0.944 0.751
 0.000 0.000 0.000 1.000)

5.530012130737305
(0.887 -0.378 0.266 -0.163
 0.428 0.889 -0.164 1.271
 -0.174 0.259 0.950 0.752
 0.000 0.000 0.000 1.000)

5.546574592590332
(0.858 -0.440 0.267 -0.167
 0.490 0.856 -0.164 1.250
 -0.156 0.271 0.950 0.754
 0.000 0.000 0.000 1.000)

5.563250541687012
(0.841 -0.472 0.266 -0.171
 0.518 0.843 -0.144 1.227
 -0.157 0.259 0.953 0.757
 0.000 0.000 0.000 1.000)

5.579998016357422
(0.839 -0.474 0.267 -0.176
 0.520 0.843 -0.136 1.204
 -0.161 0.253 0.954 0.761
 0.000 0.000 0.000 1.000)

5.59653377532959
(0.847 -0.458 0.271 -0.183
 0.503 0.854 -0.129 1.182
 -0.172 0.246 0.954 0.766
 0.000 0.000 0.000 1.000)

5.613194942474365
(0.856 -0.441 0.269 -0.190
 0.481 0.870 -0.106 1.159
 -0.187 0.220 0.957 0.771
 0.000 0.000 0.000 1.000)

5.629933834075928
(0.867 -0.418 0.271 -0.198
 0.452 0.889 -0.075 1.136
 -0.209 0.188 0.960 0.776
 0.000 0.000 0.000 1.000)

5.646650791168213
(0.880 -0.393 0.265 -0.206
 0.416 0.909 -0.034 1.113
 -0.228 0.140 0.964 0.782
 0.000 0.000 0.000 1.000)

5.663332939147949
(0.894 -0.361 0.266 -0.215
 0.373 0.928 0.003 1.092
 -0.248 0.096 0.964 0.788
 0.000 0.000 0.000 1.000)

5.679970741271973
(0.911 -0.325 0.254 -0.224
 0.322 0.945 0.055 1.070
 -0.258 0.032 0.966 0.793
 0.000 0.000 0.000 1.000)

5.696592807769775
(0.926 -0.285 0.247 -0.234
 0.276 0.958 0.074 1.052
 -0.258 -0.000 0.966 0.799
 0.000 0.000 0.000 1.000)

5.713301658630371
(0.937 -0.247 0.247 -0.245
 0.233 0.969 0.085 1.036
 -0.261 -0.022 0.965 0.805
 0.000 0.000 0.000 1.000)

5.729978561401367
(0.942 -0.225 0.248 -0.257
 0.203 0.973 0.111 1.020
 -0.266 -0.054 0.962 0.811
 0.000 0.000 0.000 1.000)

5.746731758117676
(0.946 -0.198 0.258 -0.269
 0.176 0.979 0.107 1.007
 -0.273 -0.055 0.960 0.816
 0.000 0.000 0.000 1.000)

5.763331890106201
(0.947 -0.177 0.267 -0.282
 0.156 0.983 0.097 0.995
 -0.280 -0.050 0.959 0.820
 0.000 0.000 0.000 1.000)

5.780048847198486
(0.950 -0.158 0.271 -0.295
 0.141 0.987 0.082 0.983
 -0.280 -0.039 0.959 0.824
 0.000 0.000 0.000 1.000)

5.796734809875488
(0.952 -0.136 0.273 -0.308
 0.122 0.990 0.068 0.970
 -0.280 -0.032 0.960 0.828
 0.000 0.000 0.000 1.000)

5.81340217590332
(0.951 -0.123 0.284 -0.322
 0.116 0.992 0.043 0.959
 -0.287 -0.008 0.958 0.832
 0.000 0.000 0.000 1.000)

5.830129623413086
(0.948 -0.112 0.296 -0.336
 0.116 0.993 0.006 0.947
 -0.295 0.029 0.955 0.837
 0.000 0.000 0.000 1.000)

5.846796989440918
(0.948 -0.104 0.302 -0.349
 0.115 0.993 -0.020 0.933
 -0.297 0.053 0.953 0.843
 0.000 0.000 0.000 1.000)

5.863432884216309
(0.950 -0.069 0.303 -0.363
 0.097 0.992 -0.078 0.920
 -0.296 0.103 0.950 0.850
 0.000 0.000 0.000 1.000)

5.880083084106445
(0.951 -0.030 0.308 -0.378
 0.079 0.986 -0.146 0.906
 -0.299 0.163 0.940 0.859
 0.000 0.000 0.000 1.000)

5.896783828735352
(0.955 0.001 0.296 -0.392
 0.048 0.986 -0.161 0.889
 -0.292 0.168 0.942 0.869
 0.000 0.000 0.000 1.000)

5.9136247634887695
(0.960 0.055 0.273 -0.404
 0.006 0.977 -0.215 0.870
 -0.279 0.208 0.938 0.882
 0.000 0.000 0.000 1.000)

5.930116653442383
(0.959 0.116 0.260 -0.418
 -0.058 0.973 -0.222 0.848
 -0.278 0.198 0.940 0.898
 0.000 0.000 0.000 1.000)

5.946845054626465
(0.954 0.177 0.241 -0.432
 -0.115 0.961 -0.251 0.828
 -0.276 0.212 0.937 0.912
 0.000 0.000 0.000 1.000)

5.963528633117676
(0.950 0.226 0.214 -0.444
 -0.166 0.950 -0.266 0.806
 -0.263 0.217 0.940 0.929
 0.000 0.000 0.000 1.000)

5.980133056640625
(0.940 0.279 0.194 -0.457
 -0.230 0.943 -0.241 0.782
 -0.250 0.182 0.951 0.945
 0.000 0.000 0.000 1.000)

5.996835708618164
(0.928 0.316 0.197 -0.472
 -0.272 0.937 -0.220 0.760
 -0.254 0.151 0.955 0.961
 0.000 0.000 0.000 1.000)

6.013483047485352
(0.913 0.333 0.236 -0.490
 -0.299 0.939 -0.167 0.748
 -0.277 0.082 0.957 0.976
 0.000 0.000 0.000 1.000)

6.030208587646484
(0.891 0.338 0.303 -0.512
 -0.319 0.941 -0.110 0.734
 -0.322 0.002 0.947 0.985
 0.000 0.000 0.000 1.000)

6.046876907348633
(0.861 0.348 0.370 -0.535
 -0.340 0.936 -0.088 0.724
 -0.377 -0.051 0.925 0.997
 0.000 0.000 0.000 1.000)

6.063599586486816
(0.831 0.368 0.416 -0.555
 -0.385 0.922 -0.046 0.709
 -0.401 -0.122 0.908 1.014
 0.000 0.000 0.000 1.000)

6.080246925354004
(0.798 0.363 0.481 -0.573
 -0.403 0.915 -0.021 0.701
 -0.448 -0.177 0.877 1.025
 0.000 0.000 0.000 1.000)

6.096889972686768
(0.761 0.357 0.542 -0.590
 -0.428 0.904 0.005 0.691
 -0.488 -0.235 0.841 1.041
 0.000 0.000 0.000 1.000)

6.113642692565918
(0.727 0.339 0.597 -0.601
 -0.447 0.894 0.038 0.686
 -0.521 -0.294 0.801 1.054
 0.000 0.000 0.000 1.000)

6.13034725189209
(0.720 0.324 0.615 -0.607
 -0.450 0.891 0.058 0.682
 -0.529 -0.318 0.787 1.066
 0.000 0.000 0.000 1.000)

6.147050857543945
(0.698 0.301 0.650 -0.614
 -0.457 0.886 0.082 0.678
 -0.551 -0.354 0.756 1.079
 0.000 0.000 0.000 1.000)

10.398632049560547
(0.888 0.409 0.209 -0.419
 -0.425 0.905 0.036 0.724
 -0.175 -0.121 0.977 0.957
 0.000 0.000 0.000 1.000)

10.416421890258789
(0.882 0.422 0.209 -0.423
 -0.436 0.899 0.029 0.723
 -0.176 -0.117 0.977 0.958
 0.000 0.000 0.000 1.000)

10.448662757873535
(0.855 0.474 0.209 -0.428
 -0.486 0.874 0.005 0.722
 -0.180 -0.106 0.978 0.959
 0.000 0.000 0.000 1.000)

10.466214179992676
(0.838 0.505 0.205 -0.432
 -0.515 0.857 -0.009 0.720
 -0.180 -0.098 0.979 0.960
 0.000 0.000 0.000 1.000)

10.482933044433594
(0.832 0.503 0.233 -0.438
 -0.525 0.851 0.036 0.713
 -0.181 -0.152 0.972 0.964
 0.000 0.000 0.000 1.000)

10.499571800231934
(0.829 0.505 0.240 -0.441
 -0.533 0.843 0.066 0.707
 -0.169 -0.183 0.968 0.967
 0.000 0.000 0.000 1.000)

10.516263008117676
(0.819 0.523 0.237 -0.444
 -0.546 0.837 0.040 0.707
 -0.177 -0.162 0.971 0.969
 0.000 0.000 0.000 1.000)

10.532943725585938
(0.815 0.524 0.246 -0.446
 -0.556 0.827 0.082 0.701
 -0.160 -0.204 0.966 0.973
 0.000 0.000 0.000 1.000)

10.549638748168945
(0.802 0.556 0.218 -0.446
 -0.585 0.804 0.100 0.696
 -0.120 -0.208 0.971 0.978
 0.000 0.000 0.000 1.000)

10.566286087036133
(0.795 0.570 0.209 -0.447
 -0.599 0.793 0.114 0.691
 -0.101 -0.215 0.971 0.982
 0.000 0.000 0.000 1.000)

10.582945823669434
(0.779 0.597 0.191 -0.446
 -0.612 0.791 0.026 0.696
 -0.136 -0.137 0.981 0.985
 0.000 0.000 0.000 1.000)

10.5996675491333
(0.778 0.598 0.195 -0.446
 -0.619 0.783 0.066 0.690
 -0.113 -0.172 0.979 0.992
 0.000 0.000 0.000 1.000)

10.616327285766602
(0.779 0.599 0.185 -0.442
 -0.624 0.769 0.138 0.682
 -0.059 -0.223 0.973 0.999
 0.000 0.000 0.000 1.000)

10.633016586303711
(0.774 0.616 0.145 -0.434
 -0.627 0.777 0.052 0.686
 -0.081 -0.131 0.988 1.004
 0.000 0.000 0.000 1.000)

10.649683952331543
(0.781 0.608 0.142 -0.429
 -0.620 0.783 0.053 0.685
 -0.079 -0.130 0.988 1.007
 0.000 0.000 0.000 1.000)

10.666356086730957
(0.785 0.606 0.130 -0.423
 -0.616 0.786 0.053 0.684
 -0.070 -0.122 0.990 1.012
 0.000 0.000 0.000 1.000)

10.698814392089844
(0.783 0.610 0.121 -0.417
 -0.617 0.786 0.035 0.685
 -0.073 -0.102 0.992 1.016
 0.000 0.000 0.000 1.000)

10.716377258300781
(0.786 0.605 0.126 -0.411
 -0.616 0.783 0.082 0.680
 -0.049 -0.142 0.989 1.021
 0.000 0.000 0.000 1.000)

10.733108520507812
(0.780 0.615 0.118 -0.404
 -0.624 0.778 0.067 0.680
 -0.051 -0.126 0.991 1.024
 0.000 0.000 0.000 1.000)

10.749822616577148
(0.791 0.605 0.097 -0.393
 -0.611 0.789 0.058 0.680
 -0.041 -0.105 0.994 1.028
 0.000 0.000 0.000 1.000)

10.766483306884766
(0.784 0.617 0.071 -0.383
 -0.621 0.778 0.094 0.676
 0.003 -0.118 0.993 1.034
 0.000 0.000 0.000 1.000)

10.783103942871094
(0.776 0.630 0.032 -0.371
 -0.630 0.771 0.088 0.675
 0.031 -0.088 0.996 1.040
 0.000 0.000 0.000 1.000)

10.799774169921875
(0.769 0.639 0.010 -0.358
 -0.637 0.765 0.100 0.674
 0.056 -0.083 0.995 1.045
 0.000 0.000 0.000 1.000)

10.816433906555176
(0.758 0.652 -0.016 -0.345
 -0.648 0.755 0.099 0.674
 0.076 -0.065 0.995 1.050
 0.000 0.000 0.000 1.000)

10.833124160766602
(0.748 0.662 -0.045 -0.330
 -0.656 0.748 0.096 0.675
 0.097 -0.043 0.994 1.055
 0.000 0.000 0.000 1.000)

10.849815368652344
(0.731 0.679 -0.071 -0.315
 -0.677 0.734 0.054 0.677
 0.089 0.009 0.996 1.056
 0.000 0.000 0.000 1.000)

10.86646842956543
(0.699 0.709 -0.092 -0.284
 -0.706 0.705 0.066 0.678
 0.112 0.019 0.994 1.060
 0.000 0.000 0.000 1.000)

10.88320541381836
(0.687 0.718 -0.113 -0.266
 -0.717 0.695 0.056 0.681
 0.119 0.043 0.992 1.063
 0.000 0.000 0.000 1.000)

10.899852752685547
(0.677 0.728 -0.108 -0.249
 -0.726 0.685 0.066 0.682
 0.122 0.034 0.992 1.064
 0.000 0.000 0.000 1.000)

10.91653060913086
(0.670 0.732 -0.126 -0.228
 -0.731 0.679 0.059 0.686
 0.129 0.052 0.990 1.066
 0.000 0.000 0.000 1.000)

10.94896125793457
(0.667 0.731 -0.145 -0.207
 -0.730 0.680 0.065 0.688
 0.146 0.063 0.987 1.068
 0.000 0.000 0.000 1.000)

11.849525451660156
(0.838 0.430 -0.337 0.203
 -0.291 0.873 0.390 0.903
 0.462 -0.229 0.857 1.043
 0.000 0.000 0.000 1.000)

11.867156028747559
(0.861 0.385 -0.332 0.196
 -0.247 0.887 0.389 0.912
 0.445 -0.253 0.859 1.030
 0.000 0.000 0.000 1.000)

11.883756637573242
(0.883 0.342 -0.321 0.189
 -0.213 0.902 0.375 0.919
 0.418 -0.263 0.870 1.015
 0.000 0.000 0.000 1.000)

11.916231155395508
(0.896 0.315 -0.314 0.180
 -0.195 0.912 0.360 0.926
 0.400 -0.261 0.879 1.000
 0.000 0.000 0.000 1.000)

11.933847427368164
(0.906 0.298 -0.301 0.171
 -0.177 0.912 0.369 0.930
 0.384 -0.281 0.879 0.985
 0.000 0.000 0.000 1.000)

11.950448036193848
(0.919 0.257 -0.299 0.163
 -0.153 0.931 0.333 0.935
 0.364 -0.260 0.895 0.970
 0.000 0.000 0.000 1.000)

11.9671630859375
(0.926 0.247 -0.286 0.154
 -0.139 0.926 0.351 0.935
 0.352 -0.285 0.892 0.957
 0.000 0.000 0.000 1.000)

11.983881950378418
(0.931 0.244 -0.271 0.145
 -0.139 0.924 0.355 0.936
 0.337 -0.294 0.895 0.943
 0.000 0.000 0.000 1.000)

12.000494956970215
(0.939 0.233 -0.253 0.135
 -0.135 0.926 0.352 0.937
 0.316 -0.296 0.901 0.929
 0.000 0.000 0.000 1.000)

12.017192840576172
(0.945 0.232 -0.230 0.125
 -0.149 0.933 0.327 0.941
 0.290 -0.275 0.917 0.913
 0.000 0.000 0.000 1.000)

12.03391170501709
(0.949 0.238 -0.207 0.116
 -0.164 0.932 0.322 0.944
 0.270 -0.272 0.924 0.898
 0.000 0.000 0.000 1.000)

12.050525665283203
(0.954 0.238 -0.185 0.106
 -0.175 0.937 0.303 0.950
 0.245 -0.257 0.935 0.883
 0.000 0.000 0.000 1.000)

12.067232131958008
(0.958 0.235 -0.164 0.097
 -0.182 0.941 0.286 0.956
 0.222 -0.245 0.944 0.868
 0.000 0.000 0.000 1.000)

12.083894729614258
(0.971 0.197 -0.133 0.076
 -0.150 0.941 0.305 0.979
 0.185 -0.276 0.943 0.837
 0.000 0.000 0.000 1.000)

12.10058307647705
(0.985 0.147 -0.095 0.064
 -0.113 0.947 0.302 0.991
 0.134 -0.286 0.949 0.821
 0.000 0.000 0.000 1.000)

12.117199897766113
(0.997 0.070 -0.045 0.051
 -0.052 0.946 0.319 1.004
 0.065 -0.315 0.947 0.806
 0.000 0.000 0.000 1.000)

12.133922576904297
(1.000 0.003 -0.006 0.040
 -0.001 0.940 0.341 1.017
 0.006 -0.341 0.940 0.792
 0.000 0.000 0.000 1.000)

12.166385650634766
(0.998 -0.056 0.028 0.029
 0.042 0.934 0.356 1.031
 -0.046 -0.354 0.934 0.781
 0.000 0.000 0.000 1.000)

12.183945655822754
(0.995 -0.079 0.057 0.021
 0.053 0.928 0.369 1.044
 -0.082 -0.364 0.928 0.771
 0.000 0.000 0.000 1.000)

12.200660705566406
(0.992 -0.099 0.084 0.015
 0.062 0.930 0.361 1.059
 -0.113 -0.353 0.929 0.760
 0.000 0.000 0.000 1.000)

12.21739673614502
(0.992 -0.089 0.093 0.011
 0.053 0.942 0.330 1.075
 -0.117 -0.323 0.939 0.750
 0.000 0.000 0.000 1.000)

12.233965873718262
(0.991 -0.080 0.109 0.008
 0.047 0.959 0.278 1.090
 -0.127 -0.270 0.954 0.743
 0.000 0.000 0.000 1.000)

12.250700950622559
(0.990 -0.077 0.119 0.006
 0.048 0.973 0.225 1.106
 -0.133 -0.217 0.967 0.734
 0.000 0.000 0.000 1.000)

12.267366409301758
(0.991 -0.070 0.116 0.006
 0.045 0.976 0.212 1.118
 -0.128 -0.205 0.970 0.729
 0.000 0.000 0.000 1.000)

12.284034729003906
(0.990 -0.074 0.121 0.005
 0.050 0.981 0.188 1.130
 -0.133 -0.180 0.975 0.724
 0.000 0.000 0.000 1.000)

12.300737380981445
(0.989 -0.085 0.122 0.005
 0.063 0.983 0.171 1.140
 -0.135 -0.161 0.978 0.719
 0.000 0.000 0.000 1.000)

12.317399024963379
(0.987 -0.108 0.121 0.007
 0.088 0.983 0.160 1.156
 -0.136 -0.147 0.980 0.713
 0.000 0.000 0.000 1.000)

12.334090232849121
(0.986 -0.115 0.121 0.008
 0.095 0.983 0.158 1.163
 -0.137 -0.144 0.980 0.712
 0.000 0.000 0.000 1.000)

12.358649253845215
(0.983 -0.120 0.136 0.007
 0.100 0.984 0.145 1.170
 -0.151 -0.129 0.980 0.711
 0.000 0.000 0.000 1.000)

12.367382049560547
(0.981 -0.124 0.148 0.007
 0.105 0.986 0.132 1.176
 -0.162 -0.114 0.980 0.710
 0.000 0.000 0.000 1.000)

12.399860382080078
(0.978 -0.135 0.161 0.007
 0.115 0.985 0.132 1.181
 -0.176 -0.110 0.978 0.711
 0.000 0.000 0.000 1.000)

12.417501449584961
(0.974 -0.149 0.168 0.007
 0.129 0.984 0.123 1.186
 -0.184 -0.098 0.978 0.712
 0.000 0.000 0.000 1.000)

12.434123992919922
(0.972 -0.158 0.175 0.007
 0.138 0.983 0.121 1.189
 -0.191 -0.094 0.977 0.713
 0.000 0.000 0.000 1.000)

12.450811386108398
(0.971 -0.163 0.172 0.010
 0.142 0.982 0.126 1.191
 -0.190 -0.098 0.977 0.715
 0.000 0.000 0.000 1.000)

12.467452049255371
(0.972 -0.170 0.163 0.013
 0.148 0.979 0.139 1.192
 -0.183 -0.111 0.977 0.717
 0.000 0.000 0.000 1.000)

12.484119415283203
(0.974 -0.167 0.152 0.017
 0.145 0.979 0.146 1.193
 -0.174 -0.120 0.978 0.720
 0.000 0.000 0.000 1.000)

12.500812530517578
(0.975 -0.165 0.149 0.020
 0.145 0.980 0.136 1.194
 -0.169 -0.111 0.979 0.722
 0.000 0.000 0.000 1.000)

12.517511367797852
(0.975 -0.167 0.147 0.023
 0.146 0.978 0.148 1.194
 -0.169 -0.123 0.978 0.724
 0.000 0.000 0.000 1.000)

12.534172058105469
(0.969 -0.182 0.165 0.024
 0.157 0.976 0.154 1.195
 -0.189 -0.123 0.974 0.726
 0.000 0.000 0.000 1.000)

12.550889015197754
(0.963 -0.204 0.179 0.025
 0.174 0.970 0.168 1.195
 -0.208 -0.131 0.969 0.728
 0.000 0.000 0.000 1.000)

12.567533493041992
(0.947 -0.250 0.203 0.029
 0.213 0.959 0.186 1.199
 -0.241 -0.133 0.961 0.734
 0.000 0.000 0.000 1.000)

12.584232330322266
(0.942 -0.264 0.205 0.033
 0.226 0.955 0.193 1.202
 -0.247 -0.135 0.960 0.737
 0.000 0.000 0.000 1.000)

12.60090446472168
(0.941 -0.269 0.206 0.037
 0.230 0.954 0.194 1.207
 -0.249 -0.135 0.959 0.740
 0.000 0.000 0.000 1.000)

12.617633819580078
(0.939 -0.275 0.208 0.041
 0.236 0.952 0.192 1.213
 -0.251 -0.131 0.959 0.743
 0.000 0.000 0.000 1.000)

12.650017738342285
(0.934 -0.284 0.218 0.044
 0.247 0.952 0.182 1.220
 -0.259 -0.116 0.959 0.746
 0.000 0.000 0.000 1.000)

12.667594909667969
(0.927 -0.295 0.233 0.046
 0.264 0.952 0.157 1.229
 -0.268 -0.085 0.960 0.750
 0.000 0.000 0.000 1.000)

12.684256553649902
(0.923 -0.300 0.241 0.050
 0.273 0.952 0.140 1.238
 -0.272 -0.063 0.960 0.753
 0.000 0.000 0.000 1.000)

12.700963973999023
(0.920 -0.307 0.246 0.054
 0.283 0.951 0.126 1.247
 -0.272 -0.046 0.961 0.757
 0.000 0.000 0.000 1.000)

12.717619895935059
(0.916 -0.319 0.245 0.060
 0.298 0.947 0.120 1.256
 -0.270 -0.038 0.962 0.761
 0.000 0.000 0.000 1.000)

12.734354972839355
(0.910 -0.333 0.245 0.067
 0.316 0.943 0.108 1.265
 -0.267 -0.021 0.964 0.764
 0.000 0.000 0.000 1.000)

12.750992774963379
(0.906 -0.342 0.250 0.074
 0.330 0.940 0.088 1.274
 -0.265 0.003 0.964 0.767
 0.000 0.000 0.000 1.000)

12.767675399780273
(0.905 -0.346 0.247 0.084
 0.339 0.938 0.073 1.284
 -0.257 0.018 0.966 0.771
 0.000 0.000 0.000 1.000)

12.784383773803711
(0.907 -0.348 0.236 0.097
 0.342 0.937 0.066 1.292
 -0.244 0.021 0.969 0.775
 0.000 0.000 0.000 1.000)

12.801020622253418
(0.907 -0.350 0.233 0.123
 0.356 0.934 0.016 1.311
 -0.223 0.068 0.972 0.781
 0.000 0.000 0.000 1.000)

12.817760467529297
(0.905 -0.360 0.227 0.137
 0.369 0.930 0.002 1.318
 -0.212 0.082 0.974 0.784
 0.000 0.000 0.000 1.000)

12.834375381469727
(0.901 -0.372 0.224 0.151
 0.382 0.924 -0.005 1.324
 -0.205 0.091 0.974 0.786
 0.000 0.000 0.000 1.000)

12.851055145263672
(0.894 -0.392 0.218 0.167
 0.401 0.916 0.004 1.328
 -0.201 0.084 0.976 0.788
 0.000 0.000 0.000 1.000)

12.86772346496582
(0.884 -0.416 0.215 0.182
 0.425 0.905 0.006 1.332
 -0.197 0.086 0.977 0.790
 0.000 0.000 0.000 1.000)

12.900175094604492
(0.871 -0.446 0.208 0.197
 0.452 0.892 0.016 1.335
 -0.193 0.080 0.978 0.792
 0.000 0.000 0.000 1.000)

12.917728424072266
(0.859 -0.467 0.210 0.211
 0.475 0.880 0.009 1.340
 -0.189 0.092 0.978 0.793
 0.000 0.000 0.000 1.000)

12.934425354003906
(0.849 -0.482 0.215 0.224
 0.492 0.871 0.012 1.343
 -0.193 0.096 0.976 0.796
 0.000 0.000 0.000 1.000)

12.951115608215332
(0.841 -0.491 0.225 0.236
 0.503 0.864 0.007 1.346
 -0.198 0.108 0.974 0.797
 0.000 0.000 0.000 1.000)

12.967809677124023
(0.829 -0.503 0.244 0.247
 0.515 0.857 0.019 1.347
 -0.219 0.110 0.970 0.799
 0.000 0.000 0.000 1.000)

12.984444618225098
(0.813 -0.514 0.273 0.256
 0.530 0.848 0.017 1.349
 -0.241 0.131 0.962 0.801
 0.000 0.000 0.000 1.000)

13.00113582611084
(0.796 -0.523 0.306 0.265
 0.542 0.840 0.026 1.348
 -0.270 0.145 0.952 0.804
 0.000 0.000 0.000 1.000)

13.017816543579102
(0.790 -0.520 0.325 0.274
 0.544 0.839 0.020 1.349
 -0.283 0.161 0.945 0.807
 0.000 0.000 0.000 1.000)

13.034488677978516
(0.794 -0.509 0.333 0.285
 0.533 0.846 0.024 1.348
 -0.294 0.158 0.943 0.809
 0.000 0.000 0.000 1.000)

13.051186561584473
(0.826 -0.470 0.312 0.309
 0.495 0.869 -0.000 1.348
 -0.271 0.155 0.950 0.813
 0.000 0.000 0.000 1.000)

13.067753791809082
(0.847 -0.448 0.285 0.321
 0.467 0.884 0.003 1.345
 -0.253 0.130 0.959 0.814
 0.000 0.000 0.000 1.000)

13.084420204162598
(0.869 -0.422 0.258 0.331
 0.436 0.900 0.001 1.343
 -0.233 0.112 0.966 0.815
 0.000 0.000 0.000 1.000)

13.101082801818848
(0.884 -0.402 0.240 0.340
 0.416 0.909 -0.008 1.342
 -0.215 0.107 0.971 0.816
 0.000 0.000 0.000 1.000)

13.133648872375488
(0.895 -0.393 0.211 0.348
 0.402 0.916 0.001 1.339
 -0.194 0.084 0.977 0.817
 0.000 0.000 0.000 1.000)

13.151131629943848
(0.901 -0.381 0.207 0.353
 0.393 0.920 -0.014 1.340
 -0.185 0.094 0.978 0.818
 0.000 0.000 0.000 1.000)

13.16779613494873
(0.907 -0.374 0.194 0.358
 0.383 0.924 -0.011 1.338
 -0.175 0.085 0.981 0.819
 0.000 0.000 0.000 1.000)

13.184444427490234
(0.911 -0.367 0.186 0.361
 0.376 0.927 -0.015 1.337
 -0.167 0.084 0.982 0.820
 0.000 0.000 0.000 1.000)

13.201172828674316
(0.919 -0.355 0.172 0.365
 0.360 0.933 0.005 1.335
 -0.162 0.058 0.985 0.820
 0.000 0.000 0.000 1.000)

13.21784782409668
(0.922 -0.347 0.173 0.366
 0.351 0.936 0.007 1.333
 -0.165 0.054 0.985 0.820
 0.000 0.000 0.000 1.000)

13.234505653381348
(0.925 -0.340 0.168 0.368
 0.345 0.939 0.001 1.331
 -0.158 0.057 0.986 0.820
 0.000 0.000 0.000 1.000)

13.25119686126709
(0.934 -0.321 0.155 0.370
 0.324 0.946 0.006 1.329
 -0.149 0.045 0.988 0.819
 0.000 0.000 0.000 1.000)

13.267870903015137
(0.943 -0.301 0.143 0.372
 0.303 0.953 0.009 1.326
 -0.139 0.035 0.990 0.819
 0.000 0.000 0.000 1.000)

13.284561157226562
(0.955 -0.274 0.110 0.375
 0.271 0.962 0.043 1.320
 -0.117 -0.012 0.993 0.819
 0.000 0.000 0.000 1.000)

13.301204681396484
(0.961 -0.259 0.095 0.376
 0.256 0.966 0.046 1.319
 -0.104 -0.020 0.994 0.819
 0.000 0.000 0.000 1.000)

13.317893028259277
(0.966 -0.244 0.080 0.376
 0.241 0.970 0.043 1.318
 -0.088 -0.022 0.996 0.820
 0.000 0.000 0.000 1.000)

13.334553718566895
(0.971 -0.229 0.064 0.377
 0.227 0.973 0.045 1.318
 -0.073 -0.029 0.997 0.821
 0.000 0.000 0.000 1.000)

13.351252555847168
(0.974 -0.221 0.049 0.376
 0.218 0.974 0.057 1.318
 -0.060 -0.045 0.997 0.823
 0.000 0.000 0.000 1.000)

13.38380241394043
(0.975 -0.217 0.042 0.375
 0.215 0.976 0.037 1.320
 -0.049 -0.027 0.998 0.824
 0.000 0.000 0.000 1.000)

13.401268005371094
(0.977 -0.211 0.041 0.373
 0.210 0.977 0.029 1.321
 -0.047 -0.020 0.999 0.825
 0.000 0.000 0.000 1.000)

13.417961120605469
(0.978 -0.207 0.039 0.371
 0.206 0.978 0.024 1.323
 -0.043 -0.015 0.999 0.826
 0.000 0.000 0.000 1.000)

13.43464183807373
(0.977 -0.208 0.041 0.368
 0.207 0.978 0.019 1.324
 -0.045 -0.010 0.999 0.827
 0.000 0.000 0.000 1.000)

13.451303482055664
(0.979 -0.202 0.040 0.365
 0.201 0.979 0.020 1.325
 -0.043 -0.011 0.999 0.828
 0.000 0.000 0.000 1.000)

13.468000411987305
(0.979 -0.198 0.036 0.363
 0.198 0.980 0.016 1.326
 -0.038 -0.009 0.999 0.829
 0.000 0.000 0.000 1.000)

13.484634399414062
(0.979 -0.203 0.033 0.361
 0.202 0.979 0.022 1.327
 -0.036 -0.015 0.999 0.830
 0.000 0.000 0.000 1.000)

13.501310348510742
(0.978 -0.206 0.041 0.357
 0.206 0.979 0.002 1.329
 -0.040 0.006 0.999 0.830
 0.000 0.000 0.000 1.000)

13.518074989318848
(0.976 -0.214 0.040 0.355
 0.213 0.977 0.009 1.330
 -0.041 -0.000 0.999 0.831
 0.000 0.000 0.000 1.000)

13.53469467163086
(0.974 -0.221 0.047 0.349
 0.220 0.975 0.012 1.331
 -0.048 -0.001 0.999 0.832
 0.000 0.000 0.000 1.000)

13.551390647888184
(0.973 -0.226 0.046 0.347
 0.225 0.974 0.016 1.332
 -0.048 -0.005 0.999 0.833
 0.000 0.000 0.000 1.000)

13.568044662475586
(0.974 -0.223 0.046 0.344
 0.223 0.975 0.020 1.332
 -0.049 -0.009 0.999 0.834
 0.000 0.000 0.000 1.000)

13.584844589233398
(0.974 -0.223 0.047 0.342
 0.222 0.975 0.023 1.332
 -0.051 -0.012 0.999 0.834
 0.000 0.000 0.000 1.000)

13.601573944091797
(0.974 -0.223 0.047 0.341
 0.223 0.975 0.006 1.334
 -0.047 0.004 0.999 0.835
 0.000 0.000 0.000 1.000)

13.633955001831055
(0.973 -0.228 0.044 0.340
 0.229 0.973 -0.001 1.334
 -0.043 0.012 0.999 0.836
 0.000 0.000 0.000 1.000)

13.651453018188477
(0.971 -0.233 0.043 0.339
 0.234 0.972 0.000 1.335
 -0.042 0.010 0.999 0.836
 0.000 0.000 0.000 1.000)

13.668105125427246
(0.971 -0.236 0.040 0.338
 0.236 0.972 0.012 1.334
 -0.042 -0.003 0.999 0.837
 0.000 0.000 0.000 1.000)

13.684781074523926
(0.970 -0.238 0.040 0.338
 0.237 0.971 0.021 1.334
 -0.044 -0.011 0.999 0.837
 0.000 0.000 0.000 1.000)

13.701457023620605
(0.970 -0.239 0.038 0.337
 0.238 0.971 0.030 1.333
 -0.044 -0.020 0.999 0.837
 0.000 0.000 0.000 1.000)

13.718011856079102
(0.970 -0.242 0.037 0.337
 0.241 0.970 0.035 1.332
 -0.044 -0.025 0.999 0.838
 0.000 0.000 0.000 1.000)

13.734678268432617
(0.970 -0.241 0.025 0.339
 0.239 0.969 0.060 1.329
 -0.039 -0.052 0.998 0.839
 0.000 0.000 0.000 1.000)

13.75135612487793
(0.972 -0.236 0.011 0.341
 0.234 0.970 0.071 1.327
 -0.028 -0.067 0.997 0.839
 0.000 0.000 0.000 1.000)

13.768036842346191
(0.974 -0.228 -0.020 0.345
 0.228 0.971 0.068 1.326
 0.004 -0.070 0.998 0.841
 0.000 0.000 0.000 1.000)

13.784706115722656
(0.974 -0.228 -0.019 0.345
 0.229 0.972 0.058 1.326
 0.005 -0.061 0.998 0.842
 0.000 0.000 0.000 1.000)

13.801369667053223
(0.973 -0.232 -0.016 0.345
 0.233 0.971 0.054 1.325
 0.003 -0.056 0.998 0.842
 0.000 0.000 0.000 1.000)

13.817977905273438
(0.970 -0.242 -0.010 0.345
 0.242 0.968 0.062 1.325
 -0.005 -0.063 0.998 0.842
 0.000 0.000 0.000 1.000)

13.8346529006958
(0.967 -0.255 -0.001 0.344
 0.255 0.964 0.080 1.323
 -0.020 -0.078 0.997 0.842
 0.000 0.000 0.000 1.000)

13.867435455322266
(0.965 -0.263 -0.000 0.344
 0.262 0.961 0.088 1.322
 -0.023 -0.085 0.996 0.842
 0.000 0.000 0.000 1.000)

13.884736061096191
(0.963 -0.269 0.000 0.344
 0.268 0.959 0.092 1.322
 -0.025 -0.088 0.996 0.841
 0.000 0.000 0.000 1.000)

13.901430130004883
(0.961 -0.278 0.002 0.344
 0.277 0.957 0.087 1.322
 -0.026 -0.084 0.996 0.840
 0.000 0.000 0.000 1.000)

13.918098449707031
(0.959 -0.282 0.008 0.343
 0.281 0.958 0.066 1.323
 -0.027 -0.061 0.998 0.839
 0.000 0.000 0.000 1.000)

13.934782028198242
(0.957 -0.290 0.014 0.343
 0.288 0.955 0.075 1.321
 -0.035 -0.068 0.997 0.837
 0.000 0.000 0.000 1.000)

13.951460838317871
(0.956 -0.292 0.026 0.342
 0.289 0.954 0.083 1.319
 -0.049 -0.072 0.996 0.835
 0.000 0.000 0.000 1.000)

13.968137741088867
(0.954 -0.298 0.038 0.340
 0.293 0.951 0.104 1.315
 -0.067 -0.088 0.994 0.832
 0.000 0.000 0.000 1.000)

13.984808921813965
(0.951 -0.306 0.046 0.339
 0.297 0.945 0.136 1.311
 -0.085 -0.116 0.990 0.830
 0.000 0.000 0.000 1.000)

14.001482963562012
(0.949 -0.310 0.054 0.337
 0.299 0.941 0.161 1.307
 -0.101 -0.136 0.986 0.829
 0.000 0.000 0.000 1.000)

14.018163681030273
(0.949 -0.312 0.056 0.336
 0.294 0.933 0.207 1.301
 -0.117 -0.180 0.977 0.827
 0.000 0.000 0.000 1.000)

14.034777641296387
(0.948 -0.313 0.052 0.336
 0.294 0.928 0.229 1.297
 -0.120 -0.202 0.972 0.826
 0.000 0.000 0.000 1.000)

14.051498413085938
(0.947 -0.317 0.047 0.337
 0.296 0.922 0.251 1.293
 -0.123 -0.224 0.967 0.825
 0.000 0.000 0.000 1.000)

