0.00710606575012207
(1.000 0.000 0.000 0.000
 0.000 1.000 0.000 0.000
 0.000 0.000 1.000 -2.000
 0.000 0.000 0.000 1.000)

9.096723556518555
(0.988 0.143 -0.062 -0.409
 -0.150 0.981 -0.120 1.032
 0.043 0.128 0.991 -1.003
 0.000 0.000 0.000 1.000)

9.114730834960938
(0.998 0.061 0.013 -0.407
 -0.058 0.985 -0.161 1.051
 -0.022 0.160 0.987 -1.035
 0.000 0.000 0.000 1.000)

9.13099193572998
(0.998 0.018 0.053 -0.404
 -0.009 0.985 -0.171 1.065
 -0.055 0.170 0.984 -1.066
 0.000 0.000 0.000 1.000)

9.147649765014648
(0.993 0.002 0.114 -0.404
 0.018 0.984 -0.176 1.079
 -0.113 0.177 0.978 -1.097
 0.000 0.000 0.000 1.000)

9.16434097290039
(0.974 -0.061 0.217 -0.404
 0.107 0.972 -0.209 1.102
 -0.198 0.227 0.954 -1.156
 0.000 0.000 0.000 1.000)

9.180986404418945
(0.964 -0.103 0.247 -0.402
 0.155 0.967 -0.200 1.108
 -0.218 0.231 0.948 -1.184
 0.000 0.000 0.000 1.000)

9.197610855102539
(0.950 -0.159 0.267 -0.399
 0.211 0.962 -0.176 1.111
 -0.229 0.223 0.947 -1.213
 0.000 0.000 0.000 1.000)

9.214254379272461
(0.935 -0.228 0.272 -0.394
 0.267 0.956 -0.118 1.109
 -0.233 0.183 0.955 -1.241
 0.000 0.000 0.000 1.000)

9.231045722961426
(0.917 -0.296 0.266 -0.388
 0.329 0.940 -0.089 1.109
 -0.224 0.169 0.960 -1.270
 0.000 0.000 0.000 1.000)

9.263492584228516
(0.897 -0.359 0.256 -0.381
 0.384 0.922 -0.051 1.108
 -0.218 0.144 0.965 -1.297
 0.000 0.000 0.000 1.000)

9.281098365783691
(0.878 -0.410 0.247 -0.373
 0.434 0.900 -0.047 1.109
 -0.203 0.149 0.968 -1.323
 0.000 0.000 0.000 1.000)

9.297724723815918
(0.859 -0.452 0.239 -0.367
 0.473 0.880 -0.038 1.110
 -0.193 0.146 0.970 -1.348
 0.000 0.000 0.000 1.000)

9.31446647644043
(0.831 -0.501 0.243 -0.362
 0.522 0.853 -0.027 1.109
 -0.194 0.149 0.970 -1.373
 0.000 0.000 0.000 1.000)

9.3311128616333
(0.779 -0.569 0.262 -0.361
 0.594 0.804 -0.022 1.110
 -0.198 0.173 0.965 -1.396
 0.000 0.000 0.000 1.000)

9.347763061523438
(0.722 -0.633 0.281 -0.361
 0.666 0.745 -0.034 1.109
 -0.188 0.212 0.959 -1.419
 0.000 0.000 0.000 1.000)

9.364446640014648
(0.676 -0.678 0.290 -0.359
 0.715 0.699 -0.032 1.106
 -0.181 0.229 0.957 -1.441
 0.000 0.000 0.000 1.000)

9.38113021850586
(0.660 -0.694 0.287 -0.356
 0.727 0.686 -0.012 1.097
 -0.188 0.216 0.958 -1.462
 0.000 0.000 0.000 1.000)

9.397725105285645
(0.674 -0.686 0.274 -0.347
 0.703 0.709 0.046 1.075
 -0.226 0.162 0.961 -1.502
 0.000 0.000 0.000 1.000)

9.414440155029297
(0.697 -0.671 0.254 -0.340
 0.681 0.730 0.061 1.065
 -0.226 0.130 0.965 -1.521
 0.000 0.000 0.000 1.000)

9.431150436401367
(0.739 -0.634 0.228 -0.333
 0.639 0.767 0.060 1.058
 -0.213 0.101 0.972 -1.538
 0.000 0.000 0.000 1.000)

9.447845458984375
(0.799 -0.568 0.198 -0.325
 0.571 0.820 0.049 1.052
 -0.191 0.074 0.979 -1.554
 0.000 0.000 0.000 1.000)

9.46457576751709
(0.862 -0.477 0.173 -0.318
 0.479 0.877 0.031 1.047
 -0.166 0.056 0.984 -1.570
 0.000 0.000 0.000 1.000)

9.496963500976562
(0.914 -0.374 0.155 -0.311
 0.378 0.926 0.005 1.043
 -0.146 0.054 0.988 -1.586
 0.000 0.000 0.000 1.000)

9.514613151550293
(0.948 -0.284 0.145 -0.305
 0.289 0.957 -0.016 1.038
 -0.134 0.057 0.989 -1.601
 0.000 0.000 0.000 1.000)

9.53129768371582
(0.963 -0.235 0.136 -0.298
 0.238 0.971 -0.010 1.032
 -0.130 0.042 0.991 -1.616
 0.000 0.000 0.000 1.000)

9.54792308807373
(0.962 -0.234 0.139 -0.293
 0.236 0.972 0.009 1.024
 -0.138 0.024 0.990 -1.631
 0.000 0.000 0.000 1.000)

9.564668655395508
(0.951 -0.264 0.161 -0.289
 0.263 0.964 0.024 1.017
 -0.162 0.020 0.987 -1.646
 0.000 0.000 0.000 1.000)

9.581079483032227
(0.941 -0.280 0.189 -0.287
 0.279 0.960 0.034 1.010
 -0.191 0.021 0.981 -1.660
 0.000 0.000 0.000 1.000)

9.59774398803711
(0.938 -0.266 0.223 -0.285
 0.267 0.963 0.028 1.005
 -0.223 0.033 0.974 -1.675
 0.000 0.000 0.000 1.000)

9.614408493041992
(0.943 -0.223 0.246 -0.283
 0.226 0.974 0.017 1.000
 -0.243 0.039 0.969 -1.690
 0.000 0.000 0.000 1.000)

9.631156921386719
(0.953 -0.172 0.249 -0.280
 0.174 0.985 0.014 0.993
 -0.248 0.030 0.968 -1.705
 0.000 0.000 0.000 1.000)

9.64786148071289
(0.972 -0.090 0.215 -0.269
 0.090 0.996 0.013 0.980
 -0.215 0.006 0.976 -1.734
 0.000 0.000 0.000 1.000)

9.664539337158203
(0.981 -0.046 0.188 -0.264
 0.047 0.999 -0.000 0.976
 -0.188 0.009 0.982 -1.749
 0.000 0.000 0.000 1.000)

9.68115520477295
(0.987 0.009 0.163 -0.260
 -0.006 1.000 -0.015 0.973
 -0.163 0.014 0.987 -1.765
 0.000 0.000 0.000 1.000)

9.697816848754883
(0.985 0.090 0.145 -0.259
 -0.086 0.996 -0.029 0.972
 -0.147 0.017 0.989 -1.780
 0.000 0.000 0.000 1.000)

9.714531898498535
(0.973 0.189 0.135 -0.258
 -0.184 0.982 -0.044 0.971
 -0.141 0.018 0.990 -1.796
 0.000 0.000 0.000 1.000)

9.747116088867188
(0.955 0.269 0.127 -0.258
 -0.262 0.963 -0.063 0.971
 -0.140 0.027 0.990 -1.811
 0.000 0.000 0.000 1.000)

9.76452922821045
(0.945 0.299 0.136 -0.258
 -0.294 0.954 -0.052 0.969
 -0.145 0.009 0.989 -1.827
 0.000 0.000 0.000 1.000)

9.781208038330078
(0.944 0.291 0.156 -0.258
 -0.287 0.957 -0.044 0.968
 -0.162 -0.003 0.987 -1.842
 0.000 0.000 0.000 1.000)

9.797889709472656
(0.953 0.228 0.200 -0.259
 -0.229 0.973 -0.019 0.965
 -0.199 -0.028 0.980 -1.857
 0.000 0.000 0.000 1.000)

9.814611434936523
(0.954 0.154 0.259 -0.261
 -0.161 0.987 0.007 0.961
 -0.254 -0.048 0.966 -1.873
 0.000 0.000 0.000 1.000)

9.831241607666016
(0.941 0.104 0.321 -0.263
 -0.120 0.992 0.031 0.957
 -0.315 -0.067 0.947 -1.887
 0.000 0.000 0.000 1.000)

9.847908020019531
(0.921 0.101 0.376 -0.264
 -0.132 0.990 0.057 0.952
 -0.366 -0.102 0.925 -1.902
 0.000 0.000 0.000 1.000)

9.864620208740234
(0.904 0.129 0.408 -0.263
 -0.182 0.979 0.094 0.944
 -0.387 -0.159 0.908 -1.917
 0.000 0.000 0.000 1.000)

9.881319046020508
(0.889 0.238 0.390 -0.249
 -0.318 0.935 0.156 0.933
 -0.328 -0.263 0.907 -1.947
 0.000 0.000 0.000 1.000)

9.89801025390625
(0.888 0.297 0.350 -0.238
 -0.360 0.924 0.130 0.937
 -0.285 -0.242 0.928 -1.963
 0.000 0.000 0.000 1.000)

9.914690017700195
(0.885 0.355 0.301 -0.226
 -0.399 0.912 0.097 0.944
 -0.240 -0.206 0.949 -1.979
 0.000 0.000 0.000 1.000)

9.931365966796875
(0.875 0.415 0.248 -0.214
 -0.443 0.894 0.066 0.949
 -0.195 -0.168 0.966 -1.994
 0.000 0.000 0.000 1.000)

9.948034286499023
(0.861 0.466 0.205 -0.204
 -0.486 0.872 0.058 0.952
 -0.152 -0.150 0.977 -2.007
 0.000 0.000 0.000 1.000)

9.980596542358398
(0.844 0.505 0.179 -0.196
 -0.522 0.851 0.057 0.954
 -0.124 -0.142 0.982 -2.019
 0.000 0.000 0.000 1.000)

9.99804973602295
(0.825 0.540 0.166 -0.189
 -0.556 0.829 0.066 0.955
 -0.102 -0.147 0.984 -2.031
 0.000 0.000 0.000 1.000)

10.014745712280273
(0.800 0.579 0.156 -0.183
 -0.595 0.800 0.078 0.957
 -0.080 -0.155 0.985 -2.042
 0.000 0.000 0.000 1.000)

10.03158187866211
(0.767 0.627 0.138 -0.178
 -0.640 0.763 0.093 0.958
 -0.047 -0.160 0.986 -2.051
 0.000 0.000 0.000 1.000)

10.048240661621094
(0.727 0.677 0.115 -0.173
 -0.686 0.719 0.106 0.960
 -0.011 -0.157 0.988 -2.058
 0.000 0.000 0.000 1.000)

10.064942359924316
(0.680 0.727 0.095 -0.168
 -0.733 0.671 0.109 0.964
 0.015 -0.144 0.990 -2.063
 0.000 0.000 0.000 1.000)

10.081564903259277
(0.642 0.762 0.085 -0.164
 -0.767 0.636 0.088 0.971
 0.013 -0.121 0.993 -2.067
 0.000 0.000 0.000 1.000)

10.098238945007324
(0.626 0.776 0.084 -0.162
 -0.780 0.624 0.053 0.980
 -0.011 -0.098 0.995 -2.070
 0.000 0.000 0.000 1.000)

10.114916801452637
(0.660 0.746 0.088 -0.159
 -0.749 0.663 -0.008 0.991
 -0.064 -0.060 0.996 -2.074
 0.000 0.000 0.000 1.000)

10.131574630737305
(0.874 0.475 0.105 -0.152
 -0.457 0.875 -0.160 1.020
 -0.168 0.092 0.981 -2.079
 0.000 0.000 0.000 1.000)

10.148269653320312
(0.966 0.227 0.125 -0.149
 -0.198 0.957 -0.213 1.033
 -0.168 0.181 0.969 -2.079
 0.000 0.000 0.000 1.000)

10.164937973022461
(0.987 -0.046 0.152 -0.149
 0.080 0.972 -0.220 1.041
 -0.138 0.229 0.964 -2.079
 0.000 0.000 0.000 1.000)

10.181595802307129
(0.940 -0.298 0.166 -0.150
 0.327 0.925 -0.191 1.043
 -0.097 0.234 0.968 -2.079
 0.000 0.000 0.000 1.000)

10.198310852050781
(0.837 -0.520 0.171 -0.152
 0.543 0.826 -0.150 1.043
 -0.064 0.218 0.974 -2.080
 0.000 0.000 0.000 1.000)

10.230746269226074
(0.710 -0.682 0.175 -0.155
 0.703 0.703 -0.106 1.041
 -0.051 0.198 0.979 -2.082
 0.000 0.000 0.000 1.000)

10.24837875366211
(0.587 -0.784 0.202 -0.160
 0.808 0.584 -0.078 1.037
 -0.057 0.209 0.976 -2.084
 0.000 0.000 0.000 1.000)

10.2650146484375
(0.488 -0.835 0.255 -0.168
 0.869 0.493 -0.049 1.033
 -0.085 0.245 0.966 -2.085
 0.000 0.000 0.000 1.000)

10.28166389465332
(0.447 -0.838 0.312 -0.175
 0.887 0.462 -0.031 1.029
 -0.118 0.290 0.950 -2.087
 0.000 0.000 0.000 1.000)

10.29842758178711
(0.441 -0.820 0.365 -0.181
 0.883 0.470 -0.011 1.024
 -0.162 0.327 0.931 -2.088
 0.000 0.000 0.000 1.000)

10.315011978149414
(0.457 -0.796 0.398 -0.183
 0.866 0.500 0.005 1.019
 -0.203 0.342 0.917 -2.091
 0.000 0.000 0.000 1.000)

10.331697463989258
(0.477 -0.772 0.421 -0.184
 0.845 0.534 0.022 1.014
 -0.242 0.345 0.907 -2.094
 0.000 0.000 0.000 1.000)

10.34836196899414
(0.496 -0.751 0.436 -0.184
 0.824 0.565 0.036 1.010
 -0.273 0.341 0.899 -2.097
 0.000 0.000 0.000 1.000)

10.36505126953125
(0.556 -0.684 0.472 -0.183
 0.754 0.654 0.059 1.002
 -0.349 0.323 0.880 -2.106
 0.000 0.000 0.000 1.000)

10.38172435760498
(0.612 -0.618 0.494 -0.183
 0.680 0.730 0.069 0.999
 -0.403 0.294 0.867 -2.110
 0.000 0.000 0.000 1.000)

10.398489952087402
(0.688 -0.512 0.514 -0.181
 0.555 0.828 0.081 0.995
 -0.467 0.230 0.854 -2.115
 0.000 0.000 0.000 1.000)

10.415077209472656
(0.765 -0.387 0.515 -0.178
 0.387 0.915 0.112 0.987
 -0.515 0.114 0.850 -2.119
 0.000 0.000 0.000 1.000)

10.431766510009766
(0.820 -0.271 0.504 -0.173
 0.226 0.963 0.150 0.978
 -0.526 -0.009 0.851 -2.124
 0.000 0.000 0.000 1.000)

10.448454856872559
(0.858 -0.169 0.484 -0.169
 0.087 0.979 0.186 0.970
 -0.506 -0.118 0.855 -2.129
 0.000 0.000 0.000 1.000)

10.480896949768066
(0.879 -0.050 0.474 -0.166
 -0.045 0.981 0.188 0.967
 -0.475 -0.186 0.860 -2.133
 0.000 0.000 0.000 1.000)

10.498420715332031
(0.873 0.108 0.476 -0.167
 -0.202 0.968 0.150 0.969
 -0.445 -0.227 0.867 -2.137
 0.000 0.000 0.000 1.000)

10.515161514282227
(0.821 0.316 0.477 -0.169
 -0.400 0.913 0.084 0.974
 -0.409 -0.259 0.875 -2.142
 0.000 0.000 0.000 1.000)

10.531818389892578
(0.692 0.554 0.463 -0.171
 -0.635 0.772 0.026 0.981
 -0.343 -0.312 0.886 -2.147
 0.000 0.000 0.000 1.000)

10.5485200881958
(0.480 0.762 0.435 -0.172
 -0.841 0.541 -0.020 0.987
 -0.250 -0.356 0.900 -2.151
 0.000 0.000 0.000 1.000)

10.565164566040039
(0.224 0.889 0.398 -0.172
 -0.965 0.260 -0.038 0.990
 -0.137 -0.376 0.916 -2.156
 0.000 0.000 0.000 1.000)

10.581870079040527
(-0.019 0.932 0.362 -0.171
 -1.000 -0.010 -0.027 0.990
 -0.021 -0.363 0.932 -2.159
 0.000 0.000 0.000 1.000)

10.598584175109863
(-0.175 0.928 0.328 -0.168
 -0.983 -0.185 -0.002 0.989
 0.058 -0.323 0.945 -2.162
 0.000 0.000 0.000 1.000)

10.615280151367188
(-0.308 0.910 0.277 -0.164
 -0.941 -0.335 0.053 0.987
 0.141 -0.245 0.959 -2.167
 0.000 0.000 0.000 1.000)

10.631913185119629
(-0.311 0.908 0.280 -0.166
 -0.940 -0.338 0.052 0.991
 0.142 -0.247 0.958 -2.167
 0.000 0.000 0.000 1.000)

10.648573875427246
(-0.296 0.905 0.306 -0.171
 -0.946 -0.322 0.037 0.997
 0.131 -0.279 0.951 -2.167
 0.000 0.000 0.000 1.000)

10.665224075317383
(-0.287 0.890 0.356 -0.180
 -0.950 -0.311 0.013 1.004
 0.123 -0.334 0.935 -2.165
 0.000 0.000 0.000 1.000)

10.681915283203125
(-0.272 0.871 0.410 -0.188
 -0.955 -0.295 -0.006 1.010
 0.116 -0.394 0.912 -2.163
 0.000 0.000 0.000 1.000)

10.71438980102539
(-0.253 0.855 0.453 -0.194
 -0.960 -0.279 -0.010 1.013
 0.118 -0.437 0.892 -2.160
 0.000 0.000 0.000 1.000)

10.731927871704102
(-0.207 0.857 0.473 -0.196
 -0.972 -0.234 -0.002 1.014
 0.109 -0.460 0.881 -2.160
 0.000 0.000 0.000 1.000)

10.748641967773438
(-0.112 0.873 0.474 -0.194
 -0.991 -0.136 0.016 1.012
 0.078 -0.468 0.880 -2.162
 0.000 0.000 0.000 1.000)

10.765340805053711
(0.042 0.887 0.461 -0.187
 -0.999 0.029 0.036 1.011
 0.019 -0.462 0.887 -2.166
 0.000 0.000 0.000 1.000)

10.782001495361328
(0.238 0.868 0.436 -0.178
 -0.969 0.242 0.048 1.011
 -0.064 -0.434 0.899 -2.171
 0.000 0.000 0.000 1.000)

10.798690795898438
(0.462 0.792 0.398 -0.168
 -0.873 0.485 0.048 1.015
 -0.155 -0.369 0.916 -2.177
 0.000 0.000 0.000 1.000)

10.815361022949219
(0.696 0.628 0.349 -0.156
 -0.678 0.735 0.029 1.024
 -0.238 -0.257 0.937 -2.184
 0.000 0.000 0.000 1.000)

10.832042694091797
(0.885 0.366 0.290 -0.144
 -0.380 0.925 -0.007 1.037
 -0.270 -0.104 0.957 -2.190
 0.000 0.000 0.000 1.000)

10.848690032958984
(0.971 -0.160 0.177 -0.124
 0.185 0.974 -0.134 1.073
 -0.151 0.163 0.975 -2.193
 0.000 0.000 0.000 1.000)

10.865325927734375
(0.952 -0.286 0.108 -0.116
 0.304 0.923 -0.237 1.092
 -0.032 0.259 0.965 -2.189
 0.000 0.000 0.000 1.000)

10.881994247436523
(0.941 -0.337 0.038 -0.108
 0.329 0.881 -0.340 1.108
 0.081 0.332 0.940 -2.183
 0.000 0.000 0.000 1.000)

10.898693084716797
(0.945 -0.326 -0.036 -0.100
 0.281 0.862 -0.422 1.120
 0.168 0.389 0.906 -2.177
 0.000 0.000 0.000 1.000)

10.91537857055664
(0.956 -0.271 -0.109 -0.092
 0.188 0.857 -0.479 1.127
 0.224 0.438 0.871 -2.171
 0.000 0.000 0.000 1.000)

10.932066917419434
(0.964 -0.200 -0.173 -0.085
 0.087 0.857 -0.508 1.131
 0.250 0.475 0.844 -2.167
 0.000 0.000 0.000 1.000)

10.964550971984863
(0.965 -0.138 -0.222 -0.079
 0.004 0.856 -0.517 1.132
 0.262 0.498 0.827 -2.165
 0.000 0.000 0.000 1.000)

10.982067108154297
(0.960 -0.099 -0.261 -0.075
 -0.050 0.860 -0.508 1.131
 0.275 0.501 0.821 -2.163
 0.000 0.000 0.000 1.000)

10.998790740966797
(0.953 -0.085 -0.289 -0.073
 -0.069 0.871 -0.486 1.129
 0.294 0.483 0.825 -2.163
 0.000 0.000 0.000 1.000)

11.015486717224121
(0.946 -0.085 -0.313 -0.071
 -0.070 0.889 -0.453 1.125
 0.317 0.451 0.835 -2.163
 0.000 0.000 0.000 1.000)

11.032169342041016
(0.939 -0.085 -0.333 -0.070
 -0.065 0.908 -0.413 1.121
 0.338 0.409 0.848 -2.164
 0.000 0.000 0.000 1.000)

11.048835754394531
(0.933 -0.084 -0.349 -0.068
 -0.054 0.928 -0.368 1.116
 0.355 0.363 0.862 -2.165
 0.000 0.000 0.000 1.000)

11.065439224243164
(0.929 -0.075 -0.363 -0.067
 -0.049 0.946 -0.320 1.111
 0.368 0.315 0.875 -2.166
 0.000 0.000 0.000 1.000)

11.082143783569336
(0.926 -0.063 -0.373 -0.067
 -0.043 0.962 -0.271 1.106
 0.376 0.267 0.887 -2.168
 0.000 0.000 0.000 1.000)

11.098905563354492
(0.925 -0.091 -0.368 -0.069
 -0.001 0.970 -0.242 1.106
 0.379 0.224 0.898 -2.169
 0.000 0.000 0.000 1.000)

11.115499496459961
(0.927 -0.132 -0.351 -0.072
 0.033 0.961 -0.275 1.113
 0.373 0.244 0.895 -2.169
 0.000 0.000 0.000 1.000)

11.132200241088867
(0.931 -0.170 -0.323 -0.076
 0.051 0.937 -0.345 1.124
 0.361 0.305 0.881 -2.167
 0.000 0.000 0.000 1.000)

11.148879051208496
(0.938 -0.194 -0.288 -0.081
 0.052 0.898 -0.437 1.138
 0.344 0.395 0.852 -2.163
 0.000 0.000 0.000 1.000)

11.165526390075684
(0.944 -0.212 -0.255 -0.085
 0.045 0.844 -0.534 1.152
 0.328 0.493 0.806 -2.158
 0.000 0.000 0.000 1.000)

11.198028564453125
(0.945 -0.234 -0.228 -0.089
 0.046 0.787 -0.615 1.164
 0.324 0.570 0.755 -2.152
 0.000 0.000 0.000 1.000)

11.215387344360352
(0.940 -0.271 -0.209 -0.091
 0.060 0.732 -0.679 1.174
 0.337 0.626 0.704 -2.145
 0.000 0.000 0.000 1.000)

11.232223510742188
(0.929 -0.314 -0.198 -0.092
 0.081 0.692 -0.717 1.179
 0.362 0.650 0.668 -2.139
 0.000 0.000 0.000 1.000)

11.248855590820312
(0.915 -0.357 -0.188 -0.092
 0.103 0.658 -0.746 1.184
 0.389 0.663 0.639 -2.135
 0.000 0.000 0.000 1.000)

11.265449523925781
(0.903 -0.392 -0.175 -0.093
 0.125 0.631 -0.766 1.187
 0.411 0.670 0.619 -2.132
 0.000 0.000 0.000 1.000)

11.282197952270508
(0.894 -0.417 -0.162 -0.094
 0.140 0.605 -0.784 1.190
 0.425 0.679 0.599 -2.130
 0.000 0.000 0.000 1.000)

11.298789024353027
(0.886 -0.438 -0.153 -0.095
 0.146 0.576 -0.804 1.193
 0.441 0.690 0.574 -2.127
 0.000 0.000 0.000 1.000)

11.315406799316406
(0.879 -0.453 -0.148 -0.095
 0.141 0.542 -0.828 1.197
 0.456 0.707 0.540 -2.122
 0.000 0.000 0.000 1.000)

11.3320894241333
(0.862 -0.488 -0.137 -0.095
 0.129 0.472 -0.872 1.203
 0.490 0.734 0.470 -2.114
 0.000 0.000 0.000 1.000)

11.3487548828125
(0.850 -0.511 -0.124 -0.096
 0.131 0.435 -0.891 1.205
 0.510 0.741 0.437 -2.110
 0.000 0.000 0.000 1.000)

11.365379333496094
(0.839 -0.533 -0.111 -0.098
 0.134 0.400 -0.906 1.207
 0.528 0.745 0.407 -2.106
 0.000 0.000 0.000 1.000)

11.382112503051758
(0.829 -0.551 -0.092 -0.100
 0.142 0.367 -0.919 1.209
 0.540 0.749 0.383 -2.103
 0.000 0.000 0.000 1.000)

11.398788452148438
(0.822 -0.564 -0.075 -0.102
 0.145 0.335 -0.931 1.211
 0.550 0.755 0.357 -2.100
 0.000 0.000 0.000 1.000)

11.415472030639648
(0.818 -0.571 -0.062 -0.103
 0.144 0.308 -0.941 1.212
 0.557 0.761 0.334 -2.097
 0.000 0.000 0.000 1.000)

11.44818115234375
(0.816 -0.576 -0.056 -0.104
 0.138 0.288 -0.948 1.212
 0.562 0.765 0.314 -2.095
 0.000 0.000 0.000 1.000)

11.465507507324219
(0.811 -0.583 -0.056 -0.104
 0.129 0.272 -0.954 1.213
 0.571 0.766 0.296 -2.092
 0.000 0.000 0.000 1.000)

11.482181549072266
(0.801 -0.596 -0.053 -0.104
 0.126 0.254 -0.959 1.213
 0.585 0.761 0.279 -2.090
 0.000 0.000 0.000 1.000)

11.498863220214844
(0.789 -0.613 -0.041 -0.106
 0.130 0.231 -0.964 1.214
 0.600 0.756 0.262 -2.088
 0.000 0.000 0.000 1.000)

11.515544891357422
(0.774 -0.633 -0.028 -0.108
 0.133 0.206 -0.969 1.215
 0.619 0.746 0.244 -2.086
 0.000 0.000 0.000 1.000)

11.532217979431152
(0.758 -0.652 -0.018 -0.110
 0.131 0.179 -0.975 1.217
 0.639 0.737 0.221 -2.083
 0.000 0.000 0.000 1.000)

11.548898696899414
(0.745 -0.667 -0.013 -0.111
 0.122 0.155 -0.980 1.217
 0.656 0.729 0.197 -2.079
 0.000 0.000 0.000 1.000)

11.565567970275879
(0.735 -0.678 -0.012 -0.113
 0.111 0.138 -0.984 1.218
 0.669 0.722 0.177 -2.076
 0.000 0.000 0.000 1.000)

11.582255363464355
(0.723 -0.691 -0.018 -0.114
 0.082 0.112 -0.990 1.219
 0.686 0.714 0.138 -2.071
 0.000 0.000 0.000 1.000)

11.598901748657227
(0.716 -0.698 -0.019 -0.116
 0.068 0.097 -0.993 1.219
 0.694 0.710 0.117 -2.068
 0.000 0.000 0.000 1.000)

11.615579605102539
(0.709 -0.705 -0.013 -0.118
 0.057 0.076 -0.995 1.219
 0.703 0.705 0.094 -2.065
 0.000 0.000 0.000 1.000)

11.63221549987793
(0.698 -0.716 0.004 -0.123
 0.047 0.040 -0.998 1.219
 0.715 0.696 0.062 -2.061
 0.000 0.000 0.000 1.000)

11.648933410644531
(0.686 -0.727 0.027 -0.128
 0.039 -0.001 -0.999 1.219
 0.727 0.686 0.028 -2.055
 0.000 0.000 0.000 1.000)

11.665610313415527
(0.673 -0.738 0.051 -0.134
 0.024 -0.047 -0.999 1.219
 0.739 0.673 -0.014 -2.049
 0.000 0.000 0.000 1.000)

11.698328018188477
(0.663 -0.745 0.067 -0.139
 0.005 -0.085 -0.996 1.218
 0.748 0.661 -0.053 -2.043
 0.000 0.000 0.000 1.000)

11.715641975402832
(0.655 -0.752 0.074 -0.142
 -0.015 -0.111 -0.994 1.218
 0.756 0.649 -0.084 -2.038
 0.000 0.000 0.000 1.000)

11.73224925994873
(0.647 -0.759 0.077 -0.145
 -0.034 -0.129 -0.991 1.217
 0.762 0.638 -0.109 -2.034
 0.000 0.000 0.000 1.000)

11.748991966247559
(0.640 -0.764 0.080 -0.148
 -0.049 -0.145 -0.988 1.216
 0.767 0.629 -0.130 -2.031
 0.000 0.000 0.000 1.000)

11.765604972839355
(0.633 -0.768 0.095 -0.152
 -0.052 -0.165 -0.985 1.216
 0.773 0.618 -0.145 -2.029
 0.000 0.000 0.000 1.000)

11.782361030578613
(0.628 -0.770 0.115 -0.156
 -0.048 -0.186 -0.981 1.215
 0.777 0.610 -0.153 -2.028
 0.000 0.000 0.000 1.000)

11.799003601074219
(0.625 -0.770 0.130 -0.160
 -0.041 -0.199 -0.979 1.216
 0.780 0.606 -0.156 -2.027
 0.000 0.000 0.000 1.000)

11.81568717956543
(0.612 -0.786 0.088 -0.157
 -0.035 -0.138 -0.990 1.222
 0.790 0.603 -0.112 -2.032
 0.000 0.000 0.000 1.000)

11.83238410949707
(0.605 -0.796 0.027 -0.150
 -0.029 -0.056 -0.998 1.227
 0.796 0.603 -0.057 -2.038
 0.000 0.000 0.000 1.000)

11.849059104919434
(0.601 -0.797 -0.052 -0.140
 -0.009 0.058 -0.998 1.232
 0.799 0.601 0.028 -2.048
 0.000 0.000 0.000 1.000)

11.865732192993164
(0.609 -0.781 -0.139 -0.128
 0.030 0.198 -0.980 1.236
 0.793 0.592 0.144 -2.062
 0.000 0.000 0.000 1.000)

11.882405281066895
(0.640 -0.735 -0.224 -0.115
 0.091 0.362 -0.928 1.237
 0.763 0.574 0.298 -2.082
 0.000 0.000 0.000 1.000)

11.899080276489258
(0.696 -0.648 -0.309 -0.102
 0.137 0.542 -0.829 1.233
 0.705 0.534 0.466 -2.104
 0.000 0.000 0.000 1.000)

11.931798934936523
(0.766 -0.529 -0.365 -0.091
 0.171 0.716 -0.677 1.221
 0.619 0.456 0.639 -2.128
 0.000 0.000 0.000 1.000)

11.949114799499512
(0.839 -0.397 -0.371 -0.086
 0.193 0.856 -0.480 1.204
 0.508 0.331 0.795 -2.151
 0.000 0.000 0.000 1.000)

11.96579360961914
(0.903 -0.282 -0.325 -0.088
 0.199 0.944 -0.265 1.182
 0.382 0.174 0.908 -2.167
 0.000 0.000 0.000 1.000)

11.98246955871582
(0.949 -0.204 -0.241 -0.095
 0.191 0.979 -0.076 1.161
 0.252 0.026 0.967 -2.175
 0.000 0.000 0.000 1.000)

11.999099731445312
(0.976 -0.161 -0.146 -0.105
 0.174 0.981 0.085 1.143
 0.130 -0.108 0.986 -2.177
 0.000 0.000 0.000 1.000)

12.015888214111328
(0.988 -0.143 -0.063 -0.113
 0.153 0.968 0.197 1.132
 0.032 -0.204 0.978 -2.174
 0.000 0.000 0.000 1.000)

12.032510757446289
(0.993 -0.121 0.002 -0.119
 0.115 0.953 0.279 1.125
 -0.036 -0.277 0.960 -2.169
 0.000 0.000 0.000 1.000)

12.049185752868652
(0.995 -0.084 0.052 -0.122
 0.062 0.940 0.335 1.121
 -0.077 -0.330 0.941 -2.163
 0.000 0.000 0.000 1.000)

12.065869331359863
(0.992 0.057 0.115 -0.124
 -0.099 0.909 0.404 1.119
 -0.082 -0.412 0.907 -2.152
 0.000 0.000 0.000 1.000)

12.082542419433594
(0.983 0.126 0.134 -0.123
 -0.173 0.883 0.437 1.118
 -0.063 -0.452 0.890 -2.145
 0.000 0.000 0.000 1.000)

12.099212646484375
(0.972 0.180 0.150 -0.123
 -0.230 0.853 0.467 1.118
 -0.044 -0.489 0.871 -2.139
 0.000 0.000 0.000 1.000)

12.115900993347168
(0.959 0.225 0.170 -0.124
 -0.281 0.825 0.491 1.118
 -0.029 -0.519 0.854 -2.132
 0.000 0.000 0.000 1.000)

12.132577896118164
(0.944 0.268 0.193 -0.125
 -0.330 0.799 0.503 1.119
 -0.019 -0.538 0.843 -2.127
 0.000 0.000 0.000 1.000)

12.149261474609375
(0.931 0.297 0.213 -0.126
 -0.365 0.785 0.500 1.123
 -0.019 -0.543 0.839 -2.122
 0.000 0.000 0.000 1.000)

12.181955337524414
(0.924 0.307 0.226 -0.126
 -0.380 0.785 0.489 1.129
 -0.027 -0.538 0.842 -2.119
 0.000 0.000 0.000 1.000)

12.199272155761719
(0.922 0.308 0.232 -0.125
 -0.384 0.792 0.475 1.135
 -0.037 -0.527 0.849 -2.117
 0.000 0.000 0.000 1.000)

12.215919494628906
(0.923 0.307 0.230 -0.122
 -0.382 0.798 0.467 1.141
 -0.040 -0.519 0.854 -2.115
 0.000 0.000 0.000 1.000)

12.232614517211914
(0.929 0.299 0.216 -0.118
 -0.368 0.806 0.465 1.146
 -0.035 -0.511 0.859 -2.113
 0.000 0.000 0.000 1.000)

12.249293327331543
(0.939 0.285 0.193 -0.113
 -0.344 0.813 0.469 1.150
 -0.023 -0.507 0.862 -2.109
 0.000 0.000 0.000 1.000)

12.265945434570312
(0.950 0.264 0.166 -0.108
 -0.312 0.824 0.473 1.154
 -0.012 -0.501 0.865 -2.106
 0.000 0.000 0.000 1.000)

12.282645225524902
(0.960 0.245 0.133 -0.102
 -0.279 0.835 0.474 1.158
 0.006 -0.492 0.870 -2.103
 0.000 0.000 0.000 1.000)

12.299324035644531
(0.973 0.223 0.061 -0.091
 -0.226 0.861 0.456 1.167
 0.049 -0.458 0.888 -2.097
 0.000 0.000 0.000 1.000)

12.316012382507324
(0.974 0.224 0.031 -0.087
 -0.214 0.868 0.447 1.171
 0.074 -0.442 0.894 -2.095
 0.000 0.000 0.000 1.000)

12.332681655883789
(0.975 0.221 0.009 -0.085
 -0.203 0.874 0.442 1.174
 0.089 -0.433 0.897 -2.092
 0.000 0.000 0.000 1.000)

12.349361419677734
(0.975 0.223 0.001 -0.084
 -0.201 0.875 0.441 1.177
 0.098 -0.430 0.897 -2.090
 0.000 0.000 0.000 1.000)

12.366042137145996
(0.975 0.224 0.002 -0.084
 -0.202 0.873 0.444 1.179
 0.098 -0.433 0.896 -2.087
 0.000 0.000 0.000 1.000)

12.382736206054688
(0.975 0.220 0.006 -0.084
 -0.200 0.877 0.437 1.183
 0.091 -0.428 0.899 -2.085
 0.000 0.000 0.000 1.000)

12.399404525756836
(0.976 0.218 0.010 -0.085
 -0.202 0.883 0.423 1.188
 0.083 -0.415 0.906 -2.084
 0.000 0.000 0.000 1.000)

12.43210506439209
(0.975 0.222 0.005 -0.084
 -0.206 0.895 0.395 1.194
 0.083 -0.386 0.919 -2.083
 0.000 0.000 0.000 1.000)

12.44936752319336
(0.972 0.235 -0.014 -0.082
 -0.214 0.909 0.359 1.200
 0.097 -0.346 0.933 -2.082
 0.000 0.000 0.000 1.000)

12.466090202331543
(0.964 0.261 -0.049 -0.078
 -0.231 0.916 0.327 1.206
 0.131 -0.304 0.944 -2.081
 0.000 0.000 0.000 1.000)

12.482769012451172
(0.950 0.297 -0.093 -0.073
 -0.258 0.919 0.298 1.210
 0.174 -0.259 0.950 -2.080
 0.000 0.000 0.000 1.000)

12.499444007873535
(0.934 0.331 -0.135 -0.068
 -0.284 0.917 0.279 1.213
 0.216 -0.222 0.951 -2.078
 0.000 0.000 0.000 1.000)

12.51614761352539
(0.918 0.360 -0.165 -0.065
 -0.309 0.912 0.270 1.214
 0.248 -0.196 0.949 -2.075
 0.000 0.000 0.000 1.000)

12.574411392211914
(0.897 0.377 -0.229 -0.059
 -0.318 0.913 0.257 1.214
 0.306 -0.157 0.939 -2.070
 0.000 0.000 0.000 1.000)

12.575201034545898
(0.889 0.379 -0.257 -0.056
 -0.319 0.915 0.246 1.215
 0.329 -0.137 0.934 -2.068
 0.000 0.000 0.000 1.000)

12.591870307922363
(0.879 0.381 -0.289 -0.052
 -0.323 0.919 0.228 1.217
 0.352 -0.107 0.930 -2.066
 0.000 0.000 0.000 1.000)

12.608600616455078
(0.868 0.378 -0.322 -0.048
 -0.323 0.922 0.212 1.219
 0.377 -0.080 0.923 -2.064
 0.000 0.000 0.000 1.000)

12.625228881835938
(0.855 0.381 -0.353 -0.044
 -0.328 0.923 0.202 1.221
 0.403 -0.057 0.914 -2.062
 0.000 0.000 0.000 1.000)

12.641914367675781
(0.846 0.374 -0.380 -0.040
 -0.322 0.926 0.196 1.222
 0.426 -0.043 0.904 -2.060
 0.000 0.000 0.000 1.000)

12.658584594726562
(0.836 0.370 -0.404 -0.037
 -0.318 0.928 0.192 1.223
 0.447 -0.032 0.894 -2.058
 0.000 0.000 0.000 1.000)

12.675202369689941
(0.828 0.367 -0.424 -0.035
 -0.313 0.930 0.193 1.223
 0.465 -0.027 0.885 -2.056
 0.000 0.000 0.000 1.000)

12.691940307617188
(0.823 0.360 -0.440 -0.033
 -0.307 0.933 0.189 1.224
 0.478 -0.021 0.878 -2.055
 0.000 0.000 0.000 1.000)

12.708622932434082
(0.820 0.352 -0.452 -0.031
 -0.300 0.936 0.186 1.225
 0.488 -0.017 0.873 -2.053
 0.000 0.000 0.000 1.000)

12.725300788879395
(0.818 0.344 -0.461 -0.031
 -0.291 0.939 0.183 1.225
 0.496 -0.015 0.868 -2.052
 0.000 0.000 0.000 1.000)

12.741971015930176
(0.817 0.334 -0.470 -0.030
 -0.282 0.943 0.179 1.226
 0.503 -0.014 0.864 -2.051
 0.000 0.000 0.000 1.000)

12.758649826049805
(0.816 0.324 -0.479 -0.030
 -0.272 0.946 0.176 1.227
 0.510 -0.013 0.860 -2.049
 0.000 0.000 0.000 1.000)

12.775301933288574
(0.815 0.317 -0.485 -0.030
 -0.268 0.948 0.171 1.228
 0.514 -0.009 0.858 -2.048
 0.000 0.000 0.000 1.000)

12.791988372802734
(0.813 0.314 -0.490 -0.031
 -0.269 0.949 0.162 1.229
 0.516 0.000 0.856 -2.047
 0.000 0.000 0.000 1.000)

12.808669090270996
(0.810 0.317 -0.493 -0.033
 -0.280 0.948 0.150 1.230
 0.515 0.017 0.857 -2.047
 0.000 0.000 0.000 1.000)

12.825353622436523
(0.811 0.317 -0.492 -0.035
 -0.288 0.948 0.135 1.232
 0.509 0.033 0.860 -2.046
 0.000 0.000 0.000 1.000)

12.842021942138672
(0.814 0.314 -0.488 -0.038
 -0.291 0.949 0.125 1.233
 0.502 0.040 0.864 -2.046
 0.000 0.000 0.000 1.000)

12.858698844909668
(0.821 0.310 -0.480 -0.041
 -0.289 0.950 0.119 1.234
 0.493 0.041 0.869 -2.047
 0.000 0.000 0.000 1.000)

12.875370025634766
(0.828 0.311 -0.467 -0.046
 -0.290 0.950 0.118 1.234
 0.480 0.038 0.877 -2.047
 0.000 0.000 0.000 1.000)

12.892045974731445
(0.836 0.312 -0.452 -0.050
 -0.291 0.950 0.116 1.235
 0.465 0.035 0.885 -2.048
 0.000 0.000 0.000 1.000)

12.908729553222656
(0.841 0.318 -0.437 -0.055
 -0.297 0.948 0.118 1.235
 0.452 0.031 0.892 -2.049
 0.000 0.000 0.000 1.000)

12.9253568649292
(0.844 0.325 -0.426 -0.059
 -0.302 0.945 0.123 1.235
 0.443 0.025 0.896 -2.049
 0.000 0.000 0.000 1.000)

12.942079544067383
(0.846 0.333 -0.416 -0.063
 -0.310 0.942 0.125 1.235
 0.434 0.023 0.901 -2.049
 0.000 0.000 0.000 1.000)

12.958749771118164
(0.846 0.340 -0.412 -0.066
 -0.318 0.940 0.122 1.236
 0.429 0.028 0.903 -2.049
 0.000 0.000 0.000 1.000)

12.975435256958008
(0.845 0.344 -0.410 -0.069
 -0.326 0.938 0.113 1.238
 0.424 0.038 0.905 -2.048
 0.000 0.000 0.000 1.000)

12.992132186889648
(0.846 0.343 -0.408 -0.072
 -0.331 0.938 0.103 1.240
 0.419 0.048 0.907 -2.046
 0.000 0.000 0.000 1.000)

13.008784294128418
(0.849 0.341 -0.404 -0.075
 -0.333 0.938 0.092 1.242
 0.411 0.056 0.910 -2.045
 0.000 0.000 0.000 1.000)

13.025459289550781
(0.852 0.337 -0.400 -0.078
 -0.334 0.939 0.079 1.244
 0.402 0.066 0.913 -2.043
 0.000 0.000 0.000 1.000)

13.042082786560059
(0.855 0.332 -0.399 -0.081
 -0.333 0.940 0.068 1.246
 0.398 0.075 0.914 -2.042
 0.000 0.000 0.000 1.000)

13.058818817138672
(0.855 0.328 -0.401 -0.084
 -0.335 0.941 0.055 1.248
 0.395 0.087 0.915 -2.039
 0.000 0.000 0.000 1.000)

13.075429916381836
(0.854 0.327 -0.404 -0.086
 -0.341 0.939 0.038 1.250
 0.392 0.105 0.914 -2.037
 0.000 0.000 0.000 1.000)

13.092147827148438
(0.853 0.329 -0.406 -0.088
 -0.350 0.936 0.022 1.252
 0.387 0.124 0.914 -2.034
 0.000 0.000 0.000 1.000)

13.108915328979492
(0.853 0.331 -0.403 -0.091
 -0.358 0.934 0.008 1.254
 0.379 0.138 0.915 -2.031
 0.000 0.000 0.000 1.000)

13.125517845153809
(0.857 0.328 -0.398 -0.094
 -0.359 0.933 -0.003 1.256
 0.370 0.146 0.918 -2.029
 0.000 0.000 0.000 1.000)

13.142203330993652
(0.862 0.321 -0.392 -0.098
 -0.353 0.936 -0.011 1.257
 0.363 0.148 0.920 -2.026
 0.000 0.000 0.000 1.000)

13.158933639526367
(0.868 0.312 -0.385 -0.102
 -0.345 0.939 -0.017 1.258
 0.356 0.148 0.923 -2.024
 0.000 0.000 0.000 1.000)

13.175569534301758
(0.874 0.309 -0.375 -0.107
 -0.342 0.939 -0.024 1.259
 0.345 0.149 0.927 -2.021
 0.000 0.000 0.000 1.000)

13.192313194274902
(0.876 0.310 -0.369 -0.111
 -0.344 0.939 -0.029 1.260
 0.337 0.152 0.929 -2.018
 0.000 0.000 0.000 1.000)

13.208852767944336
(0.879 0.310 -0.362 -0.115
 -0.345 0.938 -0.033 1.260
 0.330 0.154 0.931 -2.014
 0.000 0.000 0.000 1.000)

13.225604057312012
(0.882 0.310 -0.356 -0.120
 -0.343 0.939 -0.032 1.260
 0.325 0.150 0.934 -2.010
 0.000 0.000 0.000 1.000)

13.24227523803711
(0.886 0.307 -0.347 -0.125
 -0.337 0.941 -0.027 1.259
 0.319 0.141 0.937 -2.006
 0.000 0.000 0.000 1.000)

13.258939743041992
(0.891 0.307 -0.335 -0.131
 -0.334 0.942 -0.025 1.259
 0.308 0.135 0.942 -2.001
 0.000 0.000 0.000 1.000)

13.275635719299316
(0.898 0.303 -0.319 -0.137
 -0.328 0.945 -0.024 1.258
 0.294 0.126 0.947 -1.996
 0.000 0.000 0.000 1.000)

13.292343139648438
(0.907 0.297 -0.300 -0.144
 -0.319 0.948 -0.024 1.257
 0.277 0.118 0.954 -1.991
 0.000 0.000 0.000 1.000)

13.309043884277344
(0.914 0.290 -0.282 -0.150
 -0.311 0.950 -0.028 1.258
 0.260 0.113 0.959 -1.986
 0.000 0.000 0.000 1.000)

13.325650215148926
(0.920 0.285 -0.270 -0.154
 -0.307 0.951 -0.041 1.260
 0.245 0.120 0.962 -1.981
 0.000 0.000 0.000 1.000)

13.342321395874023
(0.920 0.288 -0.266 -0.157
 -0.313 0.948 -0.057 1.263
 0.236 0.136 0.962 -1.975
 0.000 0.000 0.000 1.000)

13.358996391296387
(0.918 0.296 -0.266 -0.160
 -0.325 0.943 -0.072 1.265
 0.229 0.152 0.961 -1.969
 0.000 0.000 0.000 1.000)

13.37568473815918
(0.914 0.308 -0.263 -0.162
 -0.337 0.939 -0.072 1.266
 0.225 0.154 0.962 -1.964
 0.000 0.000 0.000 1.000)

13.392354011535645
(0.914 0.317 -0.254 -0.166
 -0.344 0.937 -0.067 1.267
 0.217 0.149 0.965 -1.959
 0.000 0.000 0.000 1.000)

13.408991813659668
(0.917 0.320 -0.237 -0.170
 -0.341 0.938 -0.055 1.267
 0.205 0.132 0.970 -1.955
 0.000 0.000 0.000 1.000)

13.42570686340332
(0.924 0.314 -0.217 -0.175
 -0.333 0.942 -0.053 1.268
 0.188 0.121 0.975 -1.951
 0.000 0.000 0.000 1.000)

13.442407608032227
(0.930 0.309 -0.198 -0.180
 -0.324 0.945 -0.048 1.269
 0.173 0.109 0.979 -1.946
 0.000 0.000 0.000 1.000)

13.459036827087402
(0.933 0.307 -0.186 -0.184
 -0.320 0.946 -0.045 1.271
 0.162 0.101 0.982 -1.942
 0.000 0.000 0.000 1.000)

13.475741386413574
(0.936 0.306 -0.176 -0.187
 -0.318 0.947 -0.046 1.273
 0.153 0.099 0.983 -1.937
 0.000 0.000 0.000 1.000)

13.492410659790039
(0.935 0.310 -0.173 -0.190
 -0.322 0.946 -0.048 1.275
 0.149 0.100 0.984 -1.933
 0.000 0.000 0.000 1.000)

13.509035110473633
(0.934 0.313 -0.174 -0.192
 -0.325 0.944 -0.047 1.277
 0.150 0.101 0.984 -1.928
 0.000 0.000 0.000 1.000)

13.5257568359375
(0.933 0.315 -0.173 -0.193
 -0.327 0.944 -0.044 1.278
 0.150 0.098 0.984 -1.924
 0.000 0.000 0.000 1.000)

13.542463302612305
(0.932 0.319 -0.172 -0.195
 -0.329 0.944 -0.036 1.280
 0.151 0.090 0.984 -1.919
 0.000 0.000 0.000 1.000)

13.559303283691406
(0.932 0.321 -0.168 -0.197
 -0.330 0.944 -0.028 1.281
 0.149 0.081 0.985 -1.915
 0.000 0.000 0.000 1.000)

13.575965881347656
(0.932 0.324 -0.162 -0.199
 -0.331 0.943 -0.022 1.282
 0.145 0.074 0.987 -1.911
 0.000 0.000 0.000 1.000)

13.592630386352539
(0.932 0.325 -0.160 -0.201
 -0.332 0.943 -0.017 1.283
 0.145 0.069 0.987 -1.906
 0.000 0.000 0.000 1.000)

13.609323501586914
(0.933 0.321 -0.165 -0.202
 -0.329 0.944 -0.021 1.286
 0.149 0.074 0.986 -1.897
 0.000 0.000 0.000 1.000)

13.641891479492188
(0.932 0.321 -0.170 -0.202
 -0.329 0.944 -0.023 1.288
 0.153 0.077 0.985 -1.892
 0.000 0.000 0.000 1.000)

13.659387588500977
(0.932 0.320 -0.172 -0.203
 -0.329 0.944 -0.027 1.289
 0.154 0.082 0.985 -1.887
 0.000 0.000 0.000 1.000)

13.676063537597656
(0.934 0.314 -0.169 -0.204
 -0.323 0.946 -0.027 1.290
 0.151 0.080 0.985 -1.883
 0.000 0.000 0.000 1.000)

13.69276237487793
(0.940 0.302 -0.160 -0.205
 -0.310 0.951 -0.023 1.291
 0.145 0.071 0.987 -1.878
 0.000 0.000 0.000 1.000)

13.709405899047852
(0.946 0.286 -0.151 -0.207
 -0.293 0.956 -0.027 1.292
 0.136 0.070 0.988 -1.874
 0.000 0.000 0.000 1.000)

13.72597599029541
(0.951 0.273 -0.145 -0.207
 -0.280 0.960 -0.030 1.294
 0.131 0.069 0.989 -1.870
 0.000 0.000 0.000 1.000)

13.742735862731934
(0.954 0.264 -0.145 -0.207
 -0.272 0.962 -0.038 1.295
 0.129 0.076 0.989 -1.865
 0.000 0.000 0.000 1.000)

13.75940227508545
(0.954 0.258 -0.150 -0.207
 -0.268 0.962 -0.050 1.296
 0.132 0.088 0.987 -1.860
 0.000 0.000 0.000 1.000)

13.776080131530762
(0.951 0.266 -0.160 -0.207
 -0.278 0.959 -0.052 1.296
 0.139 0.094 0.986 -1.855
 0.000 0.000 0.000 1.000)

13.792749404907227
(0.945 0.280 -0.171 -0.206
 -0.293 0.955 -0.051 1.296
 0.149 0.098 0.984 -1.849
 0.000 0.000 0.000 1.000)

13.80942153930664
(0.938 0.295 -0.184 -0.207
 -0.308 0.950 -0.046 1.294
 0.161 0.100 0.982 -1.843
 0.000 0.000 0.000 1.000)

13.82609748840332
(0.932 0.305 -0.197 -0.207
 -0.318 0.947 -0.035 1.293
 0.175 0.096 0.980 -1.837
 0.000 0.000 0.000 1.000)

13.842792510986328
(0.928 0.309 -0.210 -0.208
 -0.321 0.946 -0.028 1.292
 0.190 0.094 0.977 -1.831
 0.000 0.000 0.000 1.000)

13.892629623413086
(0.927 0.298 -0.228 -0.211
 -0.310 0.951 -0.019 1.292
 0.211 0.088 0.973 -1.817
 0.000 0.000 0.000 1.000)

13.89348030090332
(0.928 0.290 -0.234 -0.214
 -0.303 0.953 -0.020 1.295
 0.217 0.090 0.972 -1.810
 0.000 0.000 0.000 1.000)

13.910164833068848
(0.930 0.281 -0.239 -0.218
 -0.295 0.955 -0.023 1.298
 0.222 0.092 0.971 -1.801
 0.000 0.000 0.000 1.000)

13.927005767822266
(0.932 0.270 -0.241 -0.223
 -0.284 0.959 -0.023 1.301
 0.225 0.090 0.970 -1.792
 0.000 0.000 0.000 1.000)

13.943521499633789
(0.938 0.251 -0.238 -0.228
 -0.262 0.965 -0.018 1.304
 0.225 0.079 0.971 -1.783
 0.000 0.000 0.000 1.000)

13.960273742675781
(0.944 0.236 -0.232 -0.234
 -0.244 0.970 -0.006 1.307
 0.224 0.062 0.973 -1.772
 0.000 0.000 0.000 1.000)

13.9769287109375
(0.946 0.232 -0.225 -0.239
 -0.235 0.972 0.012 1.310
 0.221 0.041 0.974 -1.758
 0.000 0.000 0.000 1.000)

13.993597984313965
(0.946 0.233 -0.224 -0.243
 -0.236 0.972 0.016 1.316
 0.222 0.038 0.974 -1.743
 0.000 0.000 0.000 1.000)

14.01021957397461
(0.941 0.247 -0.232 -0.247
 -0.250 0.968 0.017 1.323
 0.229 0.042 0.972 -1.725
 0.000 0.000 0.000 1.000)

14.026898384094238
(0.931 0.267 -0.248 -0.249
 -0.272 0.962 0.017 1.329
 0.243 0.052 0.969 -1.705
 0.000 0.000 0.000 1.000)

14.043707847595215
(0.921 0.285 -0.266 -0.252
 -0.290 0.957 0.019 1.336
 0.260 0.060 0.964 -1.683
 0.000 0.000 0.000 1.000)

14.060306549072266
(0.913 0.298 -0.278 -0.256
 -0.302 0.953 0.030 1.340
 0.274 0.056 0.960 -1.659
 0.000 0.000 0.000 1.000)

14.077011108398438
(0.908 0.314 -0.277 -0.261
 -0.315 0.948 0.043 1.344
 0.276 0.048 0.960 -1.634
 0.000 0.000 0.000 1.000)

14.093609809875488
(0.912 0.341 -0.229 -0.277
 -0.334 0.940 0.071 1.351
 0.239 0.012 0.971 -1.579
 0.000 0.000 0.000 1.000)

14.126254081726074
(0.917 0.345 -0.201 -0.285
 -0.336 0.939 0.078 1.355
 0.215 -0.005 0.977 -1.550
 0.000 0.000 0.000 1.000)

14.143838882446289
(0.920 0.347 -0.182 -0.291
 -0.337 0.938 0.084 1.360
 0.200 -0.016 0.980 -1.519
 0.000 0.000 0.000 1.000)

14.160478591918945
(0.919 0.355 -0.173 -0.296
 -0.345 0.935 0.083 1.365
 0.191 -0.017 0.981 -1.487
 0.000 0.000 0.000 1.000)

14.177139282226562
(0.913 0.372 -0.169 -0.299
 -0.367 0.928 0.064 1.370
 0.181 0.003 0.984 -1.455
 0.000 0.000 0.000 1.000)

14.19384765625
(0.902 0.399 -0.164 -0.302
 -0.397 0.917 0.042 1.375
 0.167 0.027 0.986 -1.423
 0.000 0.000 0.000 1.000)

14.210657119750977
(0.891 0.426 -0.155 -0.303
 -0.430 0.903 0.012 1.379
 0.145 0.056 0.988 -1.393
 0.000 0.000 0.000 1.000)

14.22737979888916
(0.881 0.451 -0.143 -0.303
 -0.457 0.890 -0.007 1.382
 0.124 0.071 0.990 -1.364
 0.000 0.000 0.000 1.000)

14.244112014770508
(0.877 0.464 -0.126 -0.302
 -0.473 0.880 -0.046 1.386
 0.089 0.100 0.991 -1.338
 0.000 0.000 0.000 1.000)

14.260680198669434
(0.877 0.468 -0.110 -0.300
 -0.478 0.873 -0.099 1.390
 0.050 0.139 0.989 -1.316
 0.000 0.000 0.000 1.000)

14.277320861816406
(0.877 0.473 -0.088 -0.297
 -0.480 0.868 -0.126 1.391
 0.017 0.153 0.988 -1.296
 0.000 0.000 0.000 1.000)

14.29393482208252
(0.875 0.479 -0.072 -0.293
 -0.484 0.859 -0.167 1.392
 -0.018 0.181 0.983 -1.279
 0.000 0.000 0.000 1.000)

14.310663223266602
(0.873 0.484 -0.058 -0.288
 -0.486 0.852 -0.195 1.391
 -0.045 0.198 0.979 -1.265
 0.000 0.000 0.000 1.000)

14.327261924743652
(0.872 0.489 -0.018 -0.281
 -0.481 0.849 -0.220 1.386
 -0.092 0.200 0.975 -1.246
 0.000 0.000 0.000 1.000)

14.344144821166992
(0.873 0.488 0.007 -0.278
 -0.474 0.851 -0.228 1.382
 -0.117 0.196 0.974 -1.239
 0.000 0.000 0.000 1.000)

14.376458168029785
(0.874 0.484 0.035 -0.275
 -0.463 0.855 -0.235 1.379
 -0.144 0.189 0.971 -1.234
 0.000 0.000 0.000 1.000)

14.393935203552246
(0.877 0.477 0.061 -0.273
 -0.451 0.859 -0.242 1.377
 -0.168 0.184 0.968 -1.230
 0.000 0.000 0.000 1.000)

14.410709381103516
(0.876 0.476 0.076 -0.270
 -0.447 0.862 -0.241 1.374
 -0.180 0.177 0.968 -1.227
 0.000 0.000 0.000 1.000)

14.427358627319336
(0.876 0.473 0.093 -0.267
 -0.440 0.864 -0.244 1.372
 -0.196 0.173 0.965 -1.226
 0.000 0.000 0.000 1.000)

14.444061279296875
(0.871 0.479 0.109 -0.265
 -0.442 0.862 -0.249 1.370
 -0.213 0.168 0.962 -1.225
 0.000 0.000 0.000 1.000)

14.460721015930176
(0.867 0.483 0.126 -0.262
 -0.443 0.861 -0.250 1.368
 -0.229 0.161 0.960 -1.224
 0.000 0.000 0.000 1.000)

14.47737979888916
(0.861 0.489 0.142 -0.260
 -0.446 0.859 -0.253 1.366
 -0.245 0.155 0.957 -1.223
 0.000 0.000 0.000 1.000)

14.494029998779297
(0.858 0.491 0.153 -0.258
 -0.441 0.856 -0.270 1.365
 -0.263 0.164 0.951 -1.223
 0.000 0.000 0.000 1.000)

14.510778427124023
(0.856 0.490 0.168 -0.257
 -0.439 0.859 -0.264 1.364
 -0.274 0.152 0.950 -1.224
 0.000 0.000 0.000 1.000)

14.52754020690918
(0.858 0.482 0.180 -0.256
 -0.430 0.864 -0.263 1.363
 -0.282 0.148 0.948 -1.226
 0.000 0.000 0.000 1.000)

14.544035911560059
(0.859 0.473 0.197 -0.256
 -0.421 0.871 -0.254 1.362
 -0.291 0.135 0.947 -1.230
 0.000 0.000 0.000 1.000)

14.560794830322266
(0.862 0.455 0.222 -0.258
 -0.406 0.883 -0.236 1.361
 -0.304 0.113 0.946 -1.235
 0.000 0.000 0.000 1.000)

14.577466011047363
(0.868 0.410 0.281 -0.261
 -0.365 0.909 -0.201 1.361
 -0.338 0.072 0.939 -1.248
 0.000 0.000 0.000 1.000)

14.60993766784668
(0.868 0.392 0.306 -0.263
 -0.347 0.918 -0.191 1.362
 -0.356 0.060 0.933 -1.257
 0.000 0.000 0.000 1.000)

14.627513885498047
(0.867 0.367 0.336 -0.264
 -0.331 0.930 -0.162 1.361
 -0.372 0.030 0.928 -1.267
 0.000 0.000 0.000 1.000)

14.644179344177246
(0.868 0.338 0.364 -0.267
 -0.310 0.941 -0.133 1.360
 -0.388 0.003 0.922 -1.278
 0.000 0.000 0.000 1.000)

14.660869598388672
(0.870 0.304 0.388 -0.268
 -0.284 0.953 -0.109 1.359
 -0.403 -0.015 0.915 -1.291
 0.000 0.000 0.000 1.000)

14.677474975585938
(0.872 0.276 0.405 -0.269
 -0.267 0.960 -0.081 1.357
 -0.412 -0.037 0.911 -1.306
 0.000 0.000 0.000 1.000)

14.694160461425781
(0.869 0.271 0.414 -0.270
 -0.274 0.960 -0.054 1.355
 -0.413 -0.066 0.908 -1.322
 0.000 0.000 0.000 1.000)

14.71087646484375
(0.864 0.269 0.425 -0.272
 -0.285 0.958 -0.028 1.352
 -0.415 -0.097 0.905 -1.340
 0.000 0.000 0.000 1.000)

14.727571487426758
(0.858 0.266 0.440 -0.275
