0.007406949996948242
(1.000 -0.001 0.000 0.500
 0.001 1.000 0.000 0.001
 0.000 0.000 1.000 0.000
 0.000 0.000 0.000 1.000)

0.05606389045715332
(1.000 -0.010 0.000 0.500
 0.010 1.000 0.000 0.005
 0.000 0.000 1.000 0.000
 0.000 0.000 0.000 1.000)

0.07271194458007812
(1.000 -0.013 0.000 0.500
 0.013 1.000 0.000 0.006
 0.000 0.000 1.000 0.000
 0.000 0.000 0.000 1.000)

0.09046077728271484
(1.000 -0.016 0.000 0.500
 0.016 1.000 0.000 0.008
 0.000 0.000 1.000 0.000
 0.000 0.000 0.000 1.000)

0.10853099822998047
(1.000 -0.019 0.000 0.500
 0.019 1.000 0.000 0.009
 0.000 0.000 1.000 0.000
 0.000 0.000 0.000 1.000)

0.1252119541168213
(1.000 -0.022 0.000 0.500
 0.022 1.000 0.000 0.011
 0.000 0.000 1.000 0.000
 0.000 0.000 0.000 1.000)

0.14196395874023438
(1.000 -0.025 0.000 0.500
 0.025 1.000 0.000 0.012
 0.000 0.000 1.000 0.000
 0.000 0.000 0.000 1.000)

0.15868496894836426
(1.000 -0.028 0.000 0.500
 0.028 1.000 0.000 0.014
 0.000 0.000 1.000 0.000
 0.000 0.000 0.000 1.000)

0.17540884017944336
(1.000 -0.031 0.000 0.500
 0.031 1.000 0.000 0.015
 0.000 0.000 1.000 0.000
 0.000 0.000 0.000 1.000)

0.19215178489685059
(0.999 -0.034 0.000 0.500
 0.034 0.999 0.000 0.017
 0.000 0.000 1.000 0.000
 0.000 0.000 0.000 1.000)

0.20879793167114258
(0.999 -0.036 0.000 0.500
 0.036 0.999 0.000 0.018
 0.000 0.000 1.000 0.000
 0.000 0.000 0.000 1.000)

0.22550392150878906
(0.999 -0.039 0.000 0.500
 0.039 0.999 0.000 0.020
 0.000 0.000 1.000 0.000
 0.000 0.000 0.000 1.000)

0.24220895767211914
(0.999 -0.042 0.000 0.500
 0.042 0.999 0.000 0.021
 0.000 0.000 1.000 0.000
 0.000 0.000 0.000 1.000)

0.2588508129119873
(0.999 -0.045 0.000 0.499
 0.045 0.999 0.000 0.023
 0.000 0.000 1.000 0.000
 0.000 0.000 0.000 1.000)

0.27554798126220703
(0.999 -0.048 0.000 0.499
 0.048 0.999 0.000 0.024
 0.000 0.000 1.000 0.000
 0.000 0.000 0.000 1.000)

0.2922549247741699
(0.999 -0.051 0.000 0.499
 0.051 0.999 0.000 0.025
 0.000 0.000 1.000 0.000
 0.000 0.000 0.000 1.000)

0.30895495414733887
(0.999 -0.054 0.000 0.499
 0.054 0.999 0.000 0.027
 0.000 0.000 1.000 0.000
 0.000 0.000 0.000 1.000)

0.32563281059265137
(0.998 -0.057 0.000 0.499
 0.057 0.998 0.000 0.028
 0.000 0.000 1.000 0.000
 0.000 0.000 0.000 1.000)

0.3422818183898926
(0.998 -0.060 0.000 0.499
 0.060 0.998 0.000 0.030
 0.000 0.000 1.000 0.000
 0.000 0.000 0.000 1.000)

0.35897397994995117
(0.998 -0.063 0.000 0.499
 0.063 0.998 0.000 0.031
 0.000 0.000 1.000 0.000
 0.000 0.000 0.000 1.000)

0.37563180923461914
(0.998 -0.066 0.000 0.499
 0.066 0.998 0.000 0.033
 0.000 0.000 1.000 0.000
 0.000 0.000 0.000 1.000)

0.3923029899597168
(0.998 -0.068 0.000 0.499
 0.068 0.998 0.000 0.034
 0.000 0.000 1.000 0.000
 0.000 0.000 0.000 1.000)

0.40897679328918457
(0.997 -0.071 0.000 0.499
 0.071 0.997 0.000 0.036
 0.000 0.000 1.000 0.000
 0.000 0.000 0.000 1.000)

0.4256589412689209
(0.997 -0.074 0.000 0.499
 0.074 0.997 0.000 0.037
 0.000 0.000 1.000 0.000
 0.000 0.000 0.000 1.000)

0.44232988357543945
(0.997 -0.077 0.000 0.499
 0.077 0.997 0.000 0.039
 0.000 0.000 1.000 0.000
 0.000 0.000 0.000 1.000)

0.45903491973876953
(0.997 -0.080 0.000 0.498
 0.080 0.997 0.000 0.040
 0.000 0.000 1.000 0.000
 0.000 0.000 0.000 1.000)

0.47568678855895996
(0.997 -0.083 0.000 0.498
 0.083 0.997 0.000 0.041
 0.000 0.000 1.000 0.000
 0.000 0.000 0.000 1.000)

0.492358922958374
(0.996 -0.086 0.000 0.498
 0.086 0.996 0.000 0.043
 0.000 0.000 1.000 0.000
 0.000 0.000 0.000 1.000)

0.5090367794036865
(0.996 -0.089 0.000 0.498
 0.089 0.996 0.000 0.044
 0.000 0.000 1.000 0.000
 0.000 0.000 0.000 1.000)

0.5277969837188721
(0.996 -0.092 0.000 0.498
 0.092 0.996 0.000 0.046
 0.000 0.000 1.000 0.000
 0.000 0.000 0.000 1.000)

0.5444588661193848
(0.995 -0.095 0.000 0.498
 0.095 0.995 0.000 0.047
 0.000 0.000 1.000 0.000
 0.000 0.000 0.000 1.000)

0.5611159801483154
(0.995 -0.098 0.000 0.498
 0.098 0.995 0.000 0.049
 0.000 0.000 1.000 0.000
 0.000 0.000 0.000 1.000)

0.5777909755706787
(0.995 -0.101 0.000 0.497
 0.101 0.995 0.000 0.050
 0.000 0.000 1.000 0.000
 0.000 0.000 0.000 1.000)

0.5944669246673584
(0.995 -0.104 0.000 0.497
 0.104 0.995 0.000 0.052
 0.000 0.000 1.000 0.000
 0.000 0.000 0.000 1.000)

0.6111428737640381
(0.994 -0.106 0.000 0.497
 0.106 0.994 0.000 0.053
 0.000 0.000 1.000 0.000
 0.000 0.000 0.000 1.000)

0.6278209686279297
(0.994 -0.109 0.000 0.497
 0.109 0.994 0.000 0.055
 0.000 0.000 1.000 0.000
 0.000 0.000 0.000 1.000)

0.6445307731628418
(0.994 -0.112 0.000 0.497
 0.112 0.994 0.000 0.056
 0.000 0.000 1.000 0.000
 0.000 0.000 0.000 1.000)

0.6621179580688477
(0.993 -0.115 0.000 0.497
 0.115 0.993 0.000 0.058
 0.000 0.000 1.000 0.000
 0.000 0.000 0.000 1.000)

0.6787679195404053
(0.993 -0.118 0.000 0.496
 0.118 0.993 0.000 0.059
 0.000 0.000 1.000 0.000
 0.000 0.000 0.000 1.000)

0.695436954498291
(0.993 -0.121 0.000 0.496
 0.121 0.993 0.000 0.061
 0.000 0.000 1.000 0.000
 0.000 0.000 0.000 1.000)

0.7121047973632812
(0.992 -0.124 0.000 0.496
 0.124 0.992 0.000 0.062
 0.000 0.000 1.000 0.000
 0.000 0.000 0.000 1.000)

0.7287838459014893
(0.992 -0.127 0.000 0.496
 0.127 0.992 0.000 0.063
 0.000 0.000 1.000 0.000
 0.000 0.000 0.000 1.000)

0.7454609870910645
(0.992 -0.130 0.000 0.496
 0.130 0.992 0.000 0.065
 0.000 0.000 1.000 0.000
 0.000 0.000 0.000 1.000)

0.762138843536377
(0.991 -0.133 0.000 0.496
 0.133 0.991 0.000 0.066
 0.000 0.000 1.000 0.000
 0.000 0.000 0.000 1.000)

0.7788119316101074
(0.991 -0.136 0.000 0.495
 0.136 0.991 0.000 0.068
 0.000 0.000 1.000 0.000
 0.000 0.000 0.000 1.000)

0.7954869270324707
(0.990 -0.138 0.000 0.495
 0.138 0.990 0.000 0.069
 0.000 0.000 1.000 0.000
 0.000 0.000 0.000 1.000)

0.8121669292449951
(0.990 -0.141 0.000 0.495
 0.141 0.990 0.000 0.071
 0.000 0.000 1.000 0.000
 0.000 0.000 0.000 1.000)

0.8288388252258301
(0.990 -0.144 0.000 0.495
 0.144 0.990 0.000 0.072
 0.000 0.000 1.000 0.000
 0.000 0.000 0.000 1.000)

0.8455159664154053
(0.989 -0.147 0.000 0.495
 0.147 0.989 0.000 0.074
 0.000 0.000 1.000 0.000
 0.000 0.000 0.000 1.000)

0.8621938228607178
(0.989 -0.150 0.000 0.494
 0.150 0.989 0.000 0.075
 0.000 0.000 1.000 0.000
 0.000 0.000 0.000 1.000)

0.8788669109344482
(0.988 -0.153 0.000 0.494
 0.153 0.988 0.000 0.076
 0.000 0.000 1.000 0.000
 0.000 0.000 0.000 1.000)

0.8955438137054443
(0.988 -0.156 0.000 0.494
 0.156 0.988 0.000 0.078
 0.000 0.000 1.000 0.000
 0.000 0.000 0.000 1.000)

0.9122188091278076
(0.987 -0.159 0.000 0.494
 0.159 0.987 0.000 0.079
 0.000 0.000 1.000 0.000
 0.000 0.000 0.000 1.000)

0.9288978576660156
(0.987 -0.161 0.000 0.493
 0.161 0.987 0.000 0.081
 0.000 0.000 1.000 0.000
 0.000 0.000 0.000 1.000)

0.9455699920654297
(0.986 -0.164 0.000 0.493
 0.164 0.986 0.000 0.082
 0.000 0.000 1.000 0.000
 0.000 0.000 0.000 1.000)

0.9622468948364258
(0.986 -0.167 0.000 0.493
 0.167 0.986 0.000 0.084
 0.000 0.000 1.000 0.000
 0.000 0.000 0.000 1.000)

0.9789218902587891
(0.985 -0.170 0.000 0.493
 0.170 0.985 0.000 0.085
 0.000 0.000 1.000 0.000
 0.000 0.000 0.000 1.000)

0.9955959320068359
(0.985 -0.173 0.000 0.492
 0.173 0.985 0.000 0.086
 0.000 0.000 1.000 0.000
 0.000 0.000 0.000 1.000)

1.0122709274291992
(0.984 -0.176 0.000 0.492
 0.176 0.984 0.000 0.088
 0.000 0.000 1.000 0.000
 0.000 0.000 0.000 1.000)

1.0289499759674072
(0.984 -0.179 0.000 0.492
 0.179 0.984 0.000 0.089
 0.000 0.000 1.000 0.000
 0.000 0.000 0.000 1.000)

1.045623779296875
(0.983 -0.181 0.000 0.492
 0.181 0.983 0.000 0.091
 0.000 0.000 1.000 0.000
 0.000 0.000 0.000 1.000)

1.0623009204864502
(0.983 -0.184 0.000 0.491
 0.184 0.983 0.000 0.092
 0.000 0.000 1.000 0.000
 0.000 0.000 0.000 1.000)

1.078974962234497
(0.982 -0.187 0.000 0.491
 0.187 0.982 0.000 0.094
 0.000 0.000 1.000 0.000
 0.000 0.000 0.000 1.000)

1.0956549644470215
(0.982 -0.190 0.000 0.491
 0.190 0.982 0.000 0.095
 0.000 0.000 1.000 0.000
 0.000 0.000 0.000 1.000)

1.1123287677764893
(0.981 -0.193 0.000 0.491
 0.193 0.981 0.000 0.096
 0.000 0.000 1.000 0.000
 0.000 0.000 0.000 1.000)

1.1290018558502197
(0.981 -0.196 0.000 0.490
 0.196 0.981 0.000 0.098
 0.000 0.000 1.000 0.000
 0.000 0.000 0.000 1.000)

1.1456799507141113
(0.980 -0.199 0.000 0.490
 0.199 0.980 0.000 0.099
 0.000 0.000 1.000 0.000
 0.000 0.000 0.000 1.000)

1.1623539924621582
(0.979 -0.201 0.000 0.490
 0.201 0.979 0.000 0.101
 0.000 0.000 1.000 0.000
 0.000 0.000 0.000 1.000)

1.1790339946746826
(0.979 -0.204 0.000 0.489
 0.204 0.979 0.000 0.102
 0.000 0.000 1.000 0.000
 0.000 0.000 0.000 1.000)

1.1957049369812012
(0.978 -0.207 0.000 0.489
 0.207 0.978 0.000 0.104
 0.000 0.000 1.000 0.000
 0.000 0.000 0.000 1.000)

1.2123827934265137
(0.978 -0.210 0.000 0.489
 0.210 0.978 0.000 0.105
 0.000 0.000 1.000 0.000
 0.000 0.000 0.000 1.000)

1.2290589809417725
(0.977 -0.213 0.000 0.489
 0.213 0.977 0.000 0.106
 0.000 0.000 1.000 0.000
 0.000 0.000 0.000 1.000)

1.2457339763641357
(0.976 -0.216 0.000 0.488
 0.216 0.976 0.000 0.108
 0.000 0.000 1.000 0.000
 0.000 0.000 0.000 1.000)

1.2624099254608154
(0.976 -0.219 0.000 0.488
 0.219 0.976 0.000 0.109
 0.000 0.000 1.000 0.000
 0.000 0.000 0.000 1.000)

1.2790839672088623
(0.975 -0.221 0.000 0.488
 0.221 0.975 0.000 0.111
 0.000 0.000 1.000 0.000
 0.000 0.000 0.000 1.000)

1.2957589626312256
(0.975 -0.224 0.000 0.487
 0.224 0.975 0.000 0.112
 0.000 0.000 1.000 0.000
 0.000 0.000 0.000 1.000)

1.3124349117279053
(0.974 -0.227 0.000 0.487
 0.227 0.974 0.000 0.114
 0.000 0.000 1.000 0.000
 0.000 0.000 0.000 1.000)

1.329110860824585
(0.973 -0.230 0.000 0.487
 0.230 0.973 0.000 0.115
 0.000 0.000 1.000 0.000
 0.000 0.000 0.000 1.000)

1.3457858562469482
(0.973 -0.233 0.000 0.486
 0.233 0.973 0.000 0.116
 0.000 0.000 1.000 0.000
 0.000 0.000 0.000 1.000)

1.3624608516693115
(0.972 -0.236 0.000 0.486
 0.236 0.972 0.000 0.118
 0.000 0.000 1.000 0.000
 0.000 0.000 0.000 1.000)

1.3791379928588867
(0.971 -0.238 0.000 0.486
 0.238 0.971 0.000 0.119
 0.000 0.000 1.000 0.000
 0.000 0.000 0.000 1.000)

1.3958158493041992
(0.970 -0.241 0.000 0.485
 0.241 0.970 0.000 0.121
 0.000 0.000 1.000 0.000
 0.000 0.000 0.000 1.000)

1.4124858379364014
(0.970 -0.244 0.000 0.485
 0.244 0.970 0.000 0.122
 0.000 0.000 1.000 0.000
 0.000 0.000 0.000 1.000)

1.4291629791259766
(0.969 -0.247 0.000 0.485
 0.247 0.969 0.000 0.123
 0.000 0.000 1.000 0.000
 0.000 0.000 0.000 1.000)

1.4458518028259277
(0.968 -0.250 0.000 0.484
 0.250 0.968 0.000 0.125
 0.000 0.000 1.000 0.000
 0.000 0.000 0.000 1.000)

1.4625108242034912
(0.968 -0.252 0.000 0.484
 0.252 0.968 0.000 0.126
 0.000 0.000 1.000 0.000
 0.000 0.000 0.000 1.000)

1.479184865951538
(0.967 -0.255 0.000 0.483
 0.255 0.967 0.000 0.128
 0.000 0.000 1.000 0.000
 0.000 0.000 0.000 1.000)

1.495865821838379
(0.966 -0.258 0.000 0.483
 0.258 0.966 0.000 0.129
 0.000 0.000 1.000 0.000
 0.000 0.000 0.000 1.000)

1.512537956237793
(0.965 -0.261 0.000 0.483
 0.261 0.965 0.000 0.130
 0.000 0.000 1.000 0.000
 0.000 0.000 0.000 1.000)

1.5292167663574219
(0.965 -0.264 0.000 0.482
 0.264 0.965 0.000 0.132
 0.000 0.000 1.000 0.000
 0.000 0.000 0.000 1.000)

1.5459048748016357
(0.964 -0.267 0.000 0.482
 0.267 0.964 0.000 0.133
 0.000 0.000 1.000 0.000
 0.000 0.000 0.000 1.000)

1.5625669956207275
(0.963 -0.269 0.000 0.482
 0.269 0.963 0.000 0.135
 0.000 0.000 1.000 0.000
 0.000 0.000 0.000 1.000)

1.5792438983917236
(0.962 -0.272 0.000 0.481
 0.272 0.962 0.000 0.136
 0.000 0.000 1.000 0.000
 0.000 0.000 0.000 1.000)

1.5959148406982422
(0.961 -0.275 0.000 0.481
 0.275 0.961 0.000 0.137
 0.000 0.000 1.000 0.000
 0.000 0.000 0.000 1.000)

1.6125929355621338
(0.961 -0.278 0.000 0.480
 0.278 0.961 0.000 0.139
 0.000 0.000 1.000 0.000
 0.000 0.000 0.000 1.000)

1.6292657852172852
(0.960 -0.281 0.000 0.480
 0.281 0.960 0.000 0.140
 0.000 0.000 1.000 0.000
 0.000 0.000 0.000 1.000)

1.6459558010101318
(0.959 -0.283 0.000 0.480
 0.283 0.959 0.000 0.142
 0.000 0.000 1.000 0.000
 0.000 0.000 0.000 1.000)

1.6626179218292236
(0.958 -0.286 0.000 0.479
 0.286 0.958 0.000 0.143
 0.000 0.000 1.000 0.000
 0.000 0.000 0.000 1.000)

1.679292917251587
(0.957 -0.289 0.000 0.479
 0.289 0.957 0.000 0.144
 0.000 0.000 1.000 0.000
 0.000 0.000 0.000 1.000)

1.6959669589996338
(0.957 -0.292 0.000 0.478
 0.292 0.957 0.000 0.146
 0.000 0.000 1.000 0.000
 0.000 0.000 0.000 1.000)

1.7126469612121582
(0.956 -0.294 0.000 0.478
 0.294 0.956 0.000 0.147
 0.000 0.000 1.000 0.000
 0.000 0.000 0.000 1.000)

1.7293198108673096
(0.955 -0.297 0.000 0.477
 0.297 0.955 0.000 0.149
 0.000 0.000 1.000 0.000
 0.000 0.000 0.000 1.000)

1.7460088729858398
(0.954 -0.300 0.000 0.477
 0.300 0.954 0.000 0.150
 0.000 0.000 1.000 0.000
 0.000 0.000 0.000 1.000)

1.7626709938049316
(0.953 -0.303 0.000 0.477
 0.303 0.953 0.000 0.151
 0.000 0.000 1.000 0.000
 0.000 0.000 0.000 1.000)

1.7793498039245605
(0.952 -0.306 0.000 0.476
 0.306 0.952 0.000 0.153
 0.000 0.000 1.000 0.000
 0.000 0.000 0.000 1.000)

1.7961499691009521
(0.951 -0.308 0.000 0.476
 0.308 0.951 0.000 0.154
 0.000 0.000 1.000 0.000
 0.000 0.000 0.000 1.000)

1.812870979309082
(0.950 -0.311 0.000 0.475
 0.311 0.950 0.000 0.156
 0.000 0.000 1.000 0.000
 0.000 0.000 0.000 1.000)

1.8295938968658447
(0.949 -0.314 0.000 0.475
 0.314 0.949 0.000 0.157
 0.000 0.000 1.000 0.000
 0.000 0.000 0.000 1.000)

1.8463068008422852
(0.949 -0.317 0.000 0.474
 0.317 0.949 0.000 0.158
 0.000 0.000 1.000 0.000
 0.000 0.000 0.000 1.000)

1.863036870956421
(0.948 -0.319 0.000 0.474
 0.319 0.948 0.000 0.160
 0.000 0.000 1.000 0.000
 0.000 0.000 0.000 1.000)

1.8797547817230225
(0.947 -0.322 0.000 0.473
 0.322 0.947 0.000 0.161
 0.000 0.000 1.000 0.000
 0.000 0.000 0.000 1.000)

1.8964898586273193
(0.946 -0.325 0.000 0.473
 0.325 0.946 0.000 0.162
 0.000 0.000 1.000 0.000
 0.000 0.000 0.000 1.000)

1.913207769393921
(0.945 -0.328 0.000 0.472
 0.328 0.945 0.000 0.164
 0.000 0.000 1.000 0.000
 0.000 0.000 0.000 1.000)

1.9299259185791016
(0.944 -0.331 0.000 0.472
 0.331 0.944 0.000 0.165
 0.000 0.000 1.000 0.000
 0.000 0.000 0.000 1.000)

1.9466578960418701
(0.943 -0.333 0.000 0.471
 0.333 0.943 0.000 0.167
 0.000 0.000 1.000 0.000
 0.000 0.000 0.000 1.000)

1.963352918624878
(0.942 -0.336 0.000 0.471
 0.336 0.942 0.000 0.168
 0.000 0.000 1.000 0.000
 0.000 0.000 0.000 1.000)

1.9801158905029297
(0.941 -0.339 0.000 0.470
 0.339 0.941 0.000 0.169
 0.000 0.000 1.000 0.000
 0.000 0.000 0.000 1.000)

1.9968359470367432
(0.940 -0.342 0.000 0.470
 0.342 0.940 0.000 0.171
 0.000 0.000 1.000 0.000
 0.000 0.000 0.000 1.000)

2.0135607719421387
(0.939 -0.344 0.000 0.469
 0.344 0.939 0.000 0.172
 0.000 0.000 1.000 0.000
 0.000 0.000 0.000 1.000)

2.0302767753601074
(0.938 -0.347 0.000 0.469
 0.347 0.938 0.000 0.173
 0.000 0.000 1.000 0.000
 0.000 0.000 0.000 1.000)

2.0469958782196045
(0.937 -0.350 0.000 0.468
 0.350 0.937 0.000 0.175
 0.000 0.000 1.000 0.000
 0.000 0.000 0.000 1.000)

2.0637149810791016
(0.936 -0.352 0.000 0.468
 0.352 0.936 0.000 0.176
 0.000 0.000 1.000 0.000
 0.000 0.000 0.000 1.000)

2.0804309844970703
(0.935 -0.355 0.000 0.467
 0.355 0.935 0.000 0.178
 0.000 0.000 1.000 0.000
 0.000 0.000 0.000 1.000)

2.097158908843994
(0.934 -0.358 0.000 0.467
 0.358 0.934 0.000 0.179
 0.000 0.000 1.000 0.000
 0.000 0.000 0.000 1.000)

2.1138827800750732
(0.933 -0.361 0.000 0.466
 0.361 0.933 0.000 0.180
 0.000 0.000 1.000 0.000
 0.000 0.000 0.000 1.000)

2.1305899620056152
(0.932 -0.363 0.000 0.466
 0.363 0.932 0.000 0.182
 0.000 0.000 1.000 0.000
 0.000 0.000 0.000 1.000)

2.1473259925842285
(0.931 -0.366 0.000 0.465
 0.366 0.931 0.000 0.183
 0.000 0.000 1.000 0.000
 0.000 0.000 0.000 1.000)

2.164069890975952
(0.930 -0.369 0.000 0.465
 0.369 0.930 0.000 0.184
 0.000 0.000 1.000 0.000
 0.000 0.000 0.000 1.000)

