0.007529020309448242
(1.000 -0.001 0.000 0.500
 0.001 1.000 0.000 0.001
 0.000 0.000 1.000 0.000
 0.000 0.000 0.000 1.000)

0.06043505668640137
(1.000 -0.011 0.000 0.500
 0.011 1.000 0.000 0.005
 0.000 0.000 1.000 0.000
 0.000 0.000 0.000 1.000)

0.0771031379699707
(1.000 -0.013 0.000 0.500
 0.013 1.000 0.000 0.007
 0.000 0.000 1.000 0.000
 0.000 0.000 0.000 1.000)

0.09506392478942871
(1.000 -0.017 0.000 0.500
 0.017 1.000 0.000 0.008
 0.000 0.000 1.000 0.000
 0.000 0.000 0.000 1.000)

0.11179399490356445
(1.000 -0.020 0.000 0.500
 0.020 1.000 0.000 0.010
 0.000 0.000 1.000 0.000
 0.000 0.000 0.000 1.000)

0.1299610137939453
(1.000 -0.023 0.000 0.500
 0.023 1.000 0.000 0.011
 0.000 0.000 1.000 0.000
 0.000 0.000 0.000 1.000)

0.1466209888458252
(1.000 -0.026 0.000 0.500
 0.026 1.000 0.000 0.013
 0.000 0.000 1.000 0.000
 0.000 0.000 0.000 1.000)

0.1633589267730713
(1.000 -0.029 0.000 0.500
 0.029 1.000 0.000 0.014
 0.000 0.000 1.000 0.000
 0.000 0.000 0.000 1.000)

0.18016791343688965
(1.000 -0.031 0.000 0.500
 0.031 1.000 0.000 0.016
 0.000 0.000 1.000 0.000
 0.000 0.000 0.000 1.000)

0.1967480182647705
(0.999 -0.034 0.000 0.500
 0.034 0.999 0.000 0.017
 0.000 0.000 1.000 0.000
 0.000 0.000 0.000 1.000)

0.21338391304016113
(0.999 -0.037 0.000 0.500
 0.037 0.999 0.000 0.019
 0.000 0.000 1.000 0.000
 0.000 0.000 0.000 1.000)

0.23009109497070312
(0.999 -0.040 0.000 0.500
 0.040 0.999 0.000 0.020
 0.000 0.000 1.000 0.000
 0.000 0.000 0.000 1.000)

0.24689793586730957
(0.999 -0.043 0.000 0.500
 0.043 0.999 0.000 0.022
 0.000 0.000 1.000 0.000
 0.000 0.000 0.000 1.000)

0.26358509063720703
(0.999 -0.046 0.000 0.499
 0.046 0.999 0.000 0.023
 0.000 0.000 1.000 0.000
 0.000 0.000 0.000 1.000)

0.280379056930542
(0.999 -0.049 0.000 0.499
 0.049 0.999 0.000 0.024
 0.000 0.000 1.000 0.000
 0.000 0.000 0.000 1.000)

0.2969999313354492
(0.999 -0.052 0.000 0.499
 0.052 0.999 0.000 0.026
 0.000 0.000 1.000 0.000
 0.000 0.000 0.000 1.000)

0.3136911392211914
(0.999 -0.055 0.000 0.499
 0.055 0.999 0.000 0.027
 0.000 0.000 1.000 0.000
 0.000 0.000 0.000 1.000)

0.33039307594299316
(0.998 -0.058 0.000 0.499
 0.058 0.998 0.000 0.029
 0.000 0.000 1.000 0.000
 0.000 0.000 0.000 1.000)

0.3471651077270508
(0.998 -0.061 0.000 0.499
 0.061 0.998 0.000 0.030
 0.000 0.000 1.000 0.000
 0.000 0.000 0.000 1.000)

0.3638601303100586
(0.998 -0.063 0.000 0.499
 0.063 0.998 0.000 0.032
 0.000 0.000 1.000 0.000
 0.000 0.000 0.000 1.000)

0.38062214851379395
(0.998 -0.066 0.000 0.499
 0.066 0.998 0.000 0.033
 0.000 0.000 1.000 0.000
 0.000 0.000 0.000 1.000)

0.3973269462585449
(0.998 -0.069 0.000 0.499
 0.069 0.998 0.000 0.035
 0.000 0.000 1.000 0.000
 0.000 0.000 0.000 1.000)

0.4140589237213135
(0.997 -0.072 0.000 0.499
 0.072 0.997 0.000 0.036
 0.000 0.000 1.000 0.000
 0.000 0.000 0.000 1.000)

0.4307861328125
(0.997 -0.075 0.000 0.499
 0.075 0.997 0.000 0.038
 0.000 0.000 1.000 0.000
 0.000 0.000 0.000 1.000)

0.4475109577178955
(0.997 -0.078 0.000 0.498
 0.078 0.997 0.000 0.039
 0.000 0.000 1.000 0.000
 0.000 0.000 0.000 1.000)

0.4642491340637207
(0.997 -0.081 0.000 0.498
 0.081 0.997 0.000 0.040
 0.000 0.000 1.000 0.000
 0.000 0.000 0.000 1.000)

0.4808969497680664
(0.996 -0.084 0.000 0.498
 0.084 0.996 0.000 0.042
 0.000 0.000 1.000 0.000
 0.000 0.000 0.000 1.000)

0.4975440502166748
(0.996 -0.087 0.000 0.498
 0.087 0.996 0.000 0.043
 0.000 0.000 1.000 0.000
 0.000 0.000 0.000 1.000)

0.5142221450805664
(0.996 -0.090 0.000 0.498
 0.090 0.996 0.000 0.045
 0.000 0.000 1.000 0.000
 0.000 0.000 0.000 1.000)

0.5308940410614014
(0.996 -0.093 0.000 0.498
 0.093 0.996 0.000 0.046
 0.000 0.000 1.000 0.000
 0.000 0.000 0.000 1.000)

0.5475680828094482
(0.995 -0.095 0.000 0.498
 0.095 0.995 0.000 0.048
 0.000 0.000 1.000 0.000
 0.000 0.000 0.000 1.000)

0.5642781257629395
(0.995 -0.098 0.000 0.498
 0.098 0.995 0.000 0.049
 0.000 0.000 1.000 0.000
 0.000 0.000 0.000 1.000)

0.5809340476989746
(0.995 -0.101 0.000 0.497
 0.101 0.995 0.000 0.051
 0.000 0.000 1.000 0.000
 0.000 0.000 0.000 1.000)

0.5976059436798096
(0.995 -0.104 0.000 0.497
 0.104 0.995 0.000 0.052
 0.000 0.000 1.000 0.000
 0.000 0.000 0.000 1.000)

0.6142821311950684
(0.994 -0.107 0.000 0.497
 0.107 0.994 0.000 0.054
 0.000 0.000 1.000 0.000
 0.000 0.000 0.000 1.000)

0.6309599876403809
(0.994 -0.110 0.000 0.497
 0.110 0.994 0.000 0.055
 0.000 0.000 1.000 0.000
 0.000 0.000 0.000 1.000)

0.6476309299468994
(0.994 -0.113 0.000 0.497
 0.113 0.994 0.000 0.056
 0.000 0.000 1.000 0.000
 0.000 0.000 0.000 1.000)

0.6644620895385742
(0.993 -0.116 0.000 0.497
 0.116 0.993 0.000 0.058
 0.000 0.000 1.000 0.000
 0.000 0.000 0.000 1.000)

0.6811110973358154
(0.993 -0.119 0.000 0.496
 0.119 0.993 0.000 0.059
 0.000 0.000 1.000 0.000
 0.000 0.000 0.000 1.000)

0.6977839469909668
(0.993 -0.121 0.000 0.496
 0.121 0.993 0.000 0.061
 0.000 0.000 1.000 0.000
 0.000 0.000 0.000 1.000)

0.7144389152526855
(0.992 -0.124 0.000 0.496
 0.124 0.992 0.000 0.062
 0.000 0.000 1.000 0.000
 0.000 0.000 0.000 1.000)

0.7311100959777832
(0.992 -0.127 0.000 0.496
 0.127 0.992 0.000 0.064
 0.000 0.000 1.000 0.000
 0.000 0.000 0.000 1.000)

0.7477879524230957
(0.991 -0.130 0.000 0.496
 0.130 0.991 0.000 0.065
 0.000 0.000 1.000 0.000
 0.000 0.000 0.000 1.000)

0.7644619941711426
(0.991 -0.133 0.000 0.496
 0.133 0.991 0.000 0.067
 0.000 0.000 1.000 0.000
 0.000 0.000 0.000 1.000)

0.7811369895935059
(0.991 -0.136 0.000 0.495
 0.136 0.991 0.000 0.068
 0.000 0.000 1.000 0.000
 0.000 0.000 0.000 1.000)

0.797814130783081
(0.990 -0.139 0.000 0.495
 0.139 0.990 0.000 0.069
 0.000 0.000 1.000 0.000
 0.000 0.000 0.000 1.000)

0.8144910335540771
(0.990 -0.142 0.000 0.495
 0.142 0.990 0.000 0.071
 0.000 0.000 1.000 0.000
 0.000 0.000 0.000 1.000)

0.8311610221862793
(0.989 -0.145 0.000 0.495
 0.145 0.989 0.000 0.072
 0.000 0.000 1.000 0.000
 0.000 0.000 0.000 1.000)

0.847836971282959
(0.989 -0.147 0.000 0.495
 0.147 0.989 0.000 0.074
 0.000 0.000 1.000 0.000
 0.000 0.000 0.000 1.000)

0.8645191192626953
(0.989 -0.150 0.000 0.494
 0.150 0.989 0.000 0.075
 0.000 0.000 1.000 0.000
 0.000 0.000 0.000 1.000)

0.8811891078948975
(0.988 -0.153 0.000 0.494
 0.153 0.988 0.000 0.077
 0.000 0.000 1.000 0.000
 0.000 0.000 0.000 1.000)

0.8978631496429443
(0.988 -0.156 0.000 0.494
 0.156 0.988 0.000 0.078
 0.000 0.000 1.000 0.000
 0.000 0.000 0.000 1.000)

0.9145400524139404
(0.987 -0.159 0.000 0.494
 0.159 0.987 0.000 0.079
 0.000 0.000 1.000 0.000
 0.000 0.000 0.000 1.000)

0.9312119483947754
(0.987 -0.162 0.000 0.493
 0.162 0.987 0.000 0.081
 0.000 0.000 1.000 0.000
 0.000 0.000 0.000 1.000)

0.9478890895843506
(0.986 -0.165 0.000 0.493
 0.165 0.986 0.000 0.082
 0.000 0.000 1.000 0.000
 0.000 0.000 0.000 1.000)

0.9645659923553467
(0.986 -0.168 0.000 0.493
 0.168 0.986 0.000 0.084
 0.000 0.000 1.000 0.000
 0.000 0.000 0.000 1.000)

0.9812531471252441
(0.985 -0.170 0.000 0.493
 0.170 0.985 0.000 0.085
 0.000 0.000 1.000 0.000
 0.000 0.000 0.000 1.000)

0.9979181289672852
(0.985 -0.173 0.000 0.492
 0.173 0.985 0.000 0.087
 0.000 0.000 1.000 0.000
 0.000 0.000 0.000 1.000)

1.0145940780639648
(0.984 -0.176 0.000 0.492
 0.176 0.984 0.000 0.088
 0.000 0.000 1.000 0.000
 0.000 0.000 0.000 1.000)

1.0312681198120117
(0.984 -0.179 0.000 0.492
 0.179 0.984 0.000 0.090
 0.000 0.000 1.000 0.000
 0.000 0.000 0.000 1.000)

1.0479440689086914
(0.983 -0.182 0.000 0.492
 0.182 0.983 0.000 0.091
 0.000 0.000 1.000 0.000
 0.000 0.000 0.000 1.000)

1.0646250247955322
(0.983 -0.185 0.000 0.491
 0.185 0.983 0.000 0.092
 0.000 0.000 1.000 0.000
 0.000 0.000 0.000 1.000)

1.0813100337982178
(0.982 -0.188 0.000 0.491
 0.188 0.982 0.000 0.094
 0.000 0.000 1.000 0.000
 0.000 0.000 0.000 1.000)

1.0979719161987305
(0.982 -0.190 0.000 0.491
 0.190 0.982 0.000 0.095
 0.000 0.000 1.000 0.000
 0.000 0.000 0.000 1.000)

1.1146440505981445
(0.981 -0.193 0.000 0.491
 0.193 0.981 0.000 0.097
 0.000 0.000 1.000 0.000
 0.000 0.000 0.000 1.000)

1.1313230991363525
(0.981 -0.196 0.000 0.490
 0.196 0.981 0.000 0.098
 0.000 0.000 1.000 0.000
 0.000 0.000 0.000 1.000)

1.147995948791504
(0.980 -0.199 0.000 0.490
 0.199 0.980 0.000 0.100
 0.000 0.000 1.000 0.000
 0.000 0.000 0.000 1.000)

1.1646690368652344
(0.979 -0.202 0.000 0.490
 0.202 0.979 0.000 0.101
 0.000 0.000 1.000 0.000
 0.000 0.000 0.000 1.000)

1.1813609600067139
(0.979 -0.205 0.000 0.489
 0.205 0.979 0.000 0.102
 0.000 0.000 1.000 0.000
 0.000 0.000 0.000 1.000)

1.1981370449066162
(0.978 -0.208 0.000 0.489
 0.208 0.978 0.000 0.104
 0.000 0.000 1.000 0.000
 0.000 0.000 0.000 1.000)

1.21486496925354
(0.978 -0.210 0.000 0.489
 0.210 0.978 0.000 0.105
 0.000 0.000 1.000 0.000
 0.000 0.000 0.000 1.000)

1.2315630912780762
(0.977 -0.213 0.000 0.488
 0.213 0.977 0.000 0.107
 0.000 0.000 1.000 0.000
 0.000 0.000 0.000 1.000)

1.2483160495758057
(0.976 -0.216 0.000 0.488
 0.216 0.976 0.000 0.108
 0.000 0.000 1.000 0.000
 0.000 0.000 0.000 1.000)

1.2650420665740967
(0.976 -0.219 0.000 0.488
 0.219 0.976 0.000 0.110
 0.000 0.000 1.000 0.000
 0.000 0.000 0.000 1.000)

1.2817399501800537
(0.975 -0.222 0.000 0.488
 0.222 0.975 0.000 0.111
 0.000 0.000 1.000 0.000
 0.000 0.000 0.000 1.000)

1.2984931468963623
(0.974 -0.225 0.000 0.487
 0.225 0.974 0.000 0.112
 0.000 0.000 1.000 0.000
 0.000 0.000 0.000 1.000)

1.3152201175689697
(0.974 -0.228 0.000 0.487
 0.228 0.974 0.000 0.114
 0.000 0.000 1.000 0.000
 0.000 0.000 0.000 1.000)

1.3319461345672607
(0.973 -0.230 0.000 0.487
 0.230 0.973 0.000 0.115
 0.000 0.000 1.000 0.000
 0.000 0.000 0.000 1.000)

1.348675012588501
(0.972 -0.233 0.000 0.486
 0.233 0.972 0.000 0.117
 0.000 0.000 1.000 0.000
 0.000 0.000 0.000 1.000)

1.3653631210327148
(0.972 -0.236 0.000 0.486
 0.236 0.972 0.000 0.118
 0.000 0.000 1.000 0.000
 0.000 0.000 0.000 1.000)

1.3821210861206055
(0.971 -0.239 0.000 0.486
 0.239 0.971 0.000 0.119
 0.000 0.000 1.000 0.000
 0.000 0.000 0.000 1.000)

1.398853063583374
(0.970 -0.242 0.000 0.485
 0.242 0.970 0.000 0.121
 0.000 0.000 1.000 0.000
 0.000 0.000 0.000 1.000)

1.415574073791504
(0.970 -0.245 0.000 0.485
 0.245 0.970 0.000 0.122
 0.000 0.000 1.000 0.000
 0.000 0.000 0.000 1.000)

1.4323019981384277
(0.969 -0.247 0.000 0.484
 0.247 0.969 0.000 0.124
 0.000 0.000 1.000 0.000
 0.000 0.000 0.000 1.000)

1.4490299224853516
(0.968 -0.250 0.000 0.484
 0.250 0.968 0.000 0.125
 0.000 0.000 1.000 0.000
 0.000 0.000 0.000 1.000)

1.5203831195831299
(0.965 -0.262 0.000 0.482
 0.262 0.965 0.000 0.131
 0.000 0.000 1.000 0.000
 0.000 0.000 0.000 1.000)

1.5371739864349365
(0.964 -0.265 0.000 0.482
 0.265 0.964 0.000 0.133
 0.000 0.000 1.000 0.000
 0.000 0.000 0.000 1.000)

1.5538980960845947
(0.963 -0.268 0.000 0.482
 0.268 0.963 0.000 0.134
 0.000 0.000 1.000 0.000
 0.000 0.000 0.000 1.000)

1.5706250667572021
(0.963 -0.271 0.000 0.481
 0.271 0.963 0.000 0.135
 0.000 0.000 1.000 0.000
 0.000 0.000 0.000 1.000)

1.5873470306396484
(0.962 -0.274 0.000 0.481
 0.274 0.962 0.000 0.137
 0.000 0.000 1.000 0.000
 0.000 0.000 0.000 1.000)

1.6040730476379395
(0.961 -0.276 0.000 0.481
 0.276 0.961 0.000 0.138
 0.000 0.000 1.000 0.000
 0.000 0.000 0.000 1.000)

1.6207940578460693
(0.960 -0.279 0.000 0.480
 0.279 0.960 0.000 0.140
 0.000 0.000 1.000 0.000
 0.000 0.000 0.000 1.000)

1.6375210285186768
(0.959 -0.282 0.000 0.480
 0.282 0.959 0.000 0.141
 0.000 0.000 1.000 0.000
 0.000 0.000 0.000 1.000)

1.6542479991912842
(0.959 -0.285 0.000 0.479
 0.285 0.959 0.000 0.142
 0.000 0.000 1.000 0.000
 0.000 0.000 0.000 1.000)

1.670969009399414
(0.958 -0.288 0.000 0.479
 0.288 0.958 0.000 0.144
 0.000 0.000 1.000 0.000
 0.000 0.000 0.000 1.000)

1.687695026397705
(0.957 -0.290 0.000 0.478
 0.290 0.957 0.000 0.145
 0.000 0.000 1.000 0.000
 0.000 0.000 0.000 1.000)

1.7044191360473633
(0.956 -0.293 0.000 0.478
 0.293 0.956 0.000 0.147
 0.000 0.000 1.000 0.000
 0.000 0.000 0.000 1.000)

1.7211449146270752
(0.955 -0.296 0.000 0.478
 0.296 0.955 0.000 0.148
 0.000 0.000 1.000 0.000
 0.000 0.000 0.000 1.000)

1.7378740310668945
(0.954 -0.299 0.000 0.477
 0.299 0.954 0.000 0.149
 0.000 0.000 1.000 0.000
 0.000 0.000 0.000 1.000)

1.7545981407165527
(0.953 -0.301 0.000 0.477
 0.301 0.953 0.000 0.151
 0.000 0.000 1.000 0.000
 0.000 0.000 0.000 1.000)

1.7713210582733154
(0.953 -0.304 0.000 0.476
 0.304 0.953 0.000 0.152
 0.000 0.000 1.000 0.000
 0.000 0.000 0.000 1.000)

1.7880420684814453
(0.952 -0.307 0.000 0.476
 0.307 0.952 0.000 0.154
 0.000 0.000 1.000 0.000
 0.000 0.000 0.000 1.000)

1.8047749996185303
(0.951 -0.310 0.000 0.475
 0.310 0.951 0.000 0.155
 0.000 0.000 1.000 0.000
 0.000 0.000 0.000 1.000)

1.8215141296386719
(0.950 -0.313 0.000 0.475
 0.313 0.950 0.000 0.156
 0.000 0.000 1.000 0.000
 0.000 0.000 0.000 1.000)

1.8382580280303955
(0.949 -0.315 0.000 0.474
 0.315 0.949 0.000 0.158
 0.000 0.000 1.000 0.000
 0.000 0.000 0.000 1.000)

1.8549890518188477
(0.948 -0.318 0.000 0.474
 0.318 0.948 0.000 0.159
 0.000 0.000 1.000 0.000
 0.000 0.000 0.000 1.000)

1.871716022491455
(0.947 -0.321 0.000 0.474
 0.321 0.947 0.000 0.160
 0.000 0.000 1.000 0.000
 0.000 0.000 0.000 1.000)

1.8884470462799072
(0.946 -0.324 0.000 0.473
 0.324 0.946 0.000 0.162
 0.000 0.000 1.000 0.000
 0.000 0.000 0.000 1.000)

1.9051830768585205
(0.945 -0.326 0.000 0.473
 0.326 0.945 0.000 0.163
 0.000 0.000 1.000 0.000
 0.000 0.000 0.000 1.000)

1.9219229221343994
(0.944 -0.329 0.000 0.472
 0.329 0.944 0.000 0.165
 0.000 0.000 1.000 0.000
 0.000 0.000 0.000 1.000)

1.9386610984802246
(0.943 -0.332 0.000 0.472
 0.332 0.943 0.000 0.166
 0.000 0.000 1.000 0.000
 0.000 0.000 0.000 1.000)

1.955402135848999
(0.942 -0.335 0.000 0.471
 0.335 0.942 0.000 0.167
 0.000 0.000 1.000 0.000
 0.000 0.000 0.000 1.000)

1.972146987915039
(0.941 -0.337 0.000 0.471
 0.337 0.941 0.000 0.169
 0.000 0.000 1.000 0.000
 0.000 0.000 0.000 1.000)

1.9888861179351807
(0.940 -0.340 0.000 0.470
 0.340 0.940 0.000 0.170
 0.000 0.000 1.000 0.000
 0.000 0.000 0.000 1.000)

2.0056309700012207
(0.939 -0.343 0.000 0.470
 0.343 0.939 0.000 0.171
 0.000 0.000 1.000 0.000
 0.000 0.000 0.000 1.000)

2.0223629474639893
(0.938 -0.346 0.000 0.469
 0.346 0.938 0.000 0.173
 0.000 0.000 1.000 0.000
 0.000 0.000 0.000 1.000)

2.0391030311584473
(0.937 -0.348 0.000 0.469
 0.348 0.937 0.000 0.174
 0.000 0.000 1.000 0.000
 0.000 0.000 0.000 1.000)

2.0558409690856934
(0.936 -0.351 0.000 0.468
 0.351 0.936 0.000 0.176
 0.000 0.000 1.000 0.000
 0.000 0.000 0.000 1.000)

2.0725741386413574
(0.935 -0.354 0.000 0.468
 0.354 0.935 0.000 0.177
 0.000 0.000 1.000 0.000
 0.000 0.000 0.000 1.000)

2.0893030166625977
(0.934 -0.357 0.000 0.467
 0.357 0.934 0.000 0.178
 0.000 0.000 1.000 0.000
 0.000 0.000 0.000 1.000)

2.106050968170166
(0.933 -0.359 0.000 0.467
 0.359 0.933 0.000 0.180
 0.000 0.000 1.000 0.000
 0.000 0.000 0.000 1.000)

2.122786045074463
(0.932 -0.362 0.000 0.466
 0.362 0.932 0.000 0.181
 0.000 0.000 1.000 0.000
 0.000 0.000 0.000 1.000)

2.1395249366760254
(0.931 -0.365 0.000 0.466
 0.365 0.931 0.000 0.182
 0.000 0.000 1.000 0.000
 0.000 0.000 0.000 1.000)

2.1562600135803223
(0.930 -0.368 0.000 0.465
 0.368 0.930 0.000 0.184
 0.000 0.000 1.000 0.000
 0.000 0.000 0.000 1.000)

2.1729910373687744
(0.929 -0.370 0.000 0.464
 0.370 0.929 0.000 0.185
 0.000 0.000 1.000 0.000
 0.000 0.000 0.000 1.000)

2.1897361278533936
(0.928 -0.373 0.000 0.464
 0.373 0.928 0.000 0.186
 0.000 0.000 1.000 0.000
 0.000 0.000 0.000 1.000)

2.2064759731292725
(0.927 -0.376 0.000 0.463
 0.376 0.927 0.000 0.188
 0.000 0.000 1.000 0.000
 0.000 0.000 0.000 1.000)

2.2232091426849365
(0.926 -0.378 0.000 0.463
 0.378 0.926 0.000 0.189
 0.000 0.000 1.000 0.000
 0.000 0.000 0.000 1.000)

2.239943027496338
(0.925 -0.381 0.000 0.462
 0.381 0.925 0.000 0.191
 0.000 0.000 1.000 0.000
 0.000 0.000 0.000 1.000)

2.2566919326782227
(0.923 -0.384 0.000 0.462
 0.384 0.923 0.000 0.192
 0.000 0.000 1.000 0.000
 0.000 0.000 0.000 1.000)

2.273409128189087
(0.922 -0.386 0.000 0.461
 0.386 0.922 0.000 0.193
 0.000 0.000 1.000 0.000
 0.000 0.000 0.000 1.000)

2.2901699542999268
(0.921 -0.389 0.000 0.461
 0.389 0.921 0.000 0.195
 0.000 0.000 1.000 0.000
 0.000 0.000 0.000 1.000)

2.306910991668701
(0.920 -0.392 0.000 0.460
 0.392 0.920 0.000 0.196
 0.000 0.000 1.000 0.000
 0.000 0.000 0.000 1.000)

2.3236451148986816
(0.919 -0.395 0.000 0.459
 0.395 0.919 0.000 0.197
 0.000 0.000 1.000 0.000
 0.000 0.000 0.000 1.000)

2.3403799533843994
(0.918 -0.397 0.000 0.459
 0.397 0.918 0.000 0.199
 0.000 0.000 1.000 0.000
 0.000 0.000 0.000 1.000)

2.357119083404541
(0.917 -0.400 0.000 0.458
 0.400 0.917 0.000 0.200
 0.000 0.000 1.000 0.000
 0.000 0.000 0.000 1.000)

2.3738579750061035
(0.915 -0.403 0.000 0.458
 0.403 0.915 0.000 0.201
 0.000 0.000 1.000 0.000
 0.000 0.000 0.000 1.000)

2.3905680179595947
(0.914 -0.405 0.000 0.457
 0.405 0.914 0.000 0.203
 0.000 0.000 1.000 0.000
 0.000 0.000 0.000 1.000)

2.40728497505188
(0.913 -0.408 0.000 0.457
 0.408 0.913 0.000 0.204
 0.000 0.000 1.000 0.000
 0.000 0.000 0.000 1.000)

2.4240119457244873
(0.912 -0.411 0.000 0.456
 0.411 0.912 0.000 0.205
 0.000 0.000 1.000 0.000
 0.000 0.000 0.000 1.000)

2.440735101699829
(0.911 -0.413 0.000 0.455
 0.413 0.911 0.000 0.207
 0.000 0.000 1.000 0.000
 0.000 0.000 0.000 1.000)

2.4574921131134033
(0.909 -0.416 0.000 0.455
 0.416 0.909 0.000 0.208
 0.000 0.000 1.000 0.000
 0.000 0.000 0.000 1.000)

2.4742281436920166
(0.908 -0.419 0.000 0.454
 0.419 0.908 0.000 0.209
 0.000 0.000 1.000 0.000
 0.000 0.000 0.000 1.000)

2.4909751415252686
(0.907 -0.421 0.000 0.453
 0.421 0.907 0.000 0.211
 0.000 0.000 1.000 0.000
 0.000 0.000 0.000 1.000)

2.5077149868011475
(0.906 -0.424 0.000 0.453
 0.424 0.906 0.000 0.212
 0.000 0.000 1.000 0.000
 0.000 0.000 0.000 1.000)

2.5244381427764893
(0.904 -0.426 0.000 0.452
 0.426 0.904 0.000 0.213
 0.000 0.000 1.000 0.000
 0.000 0.000 0.000 1.000)

2.541154146194458
(0.903 -0.429 0.000 0.452
 0.429 0.903 0.000 0.215
 0.000 0.000 1.000 0.000
 0.000 0.000 0.000 1.000)

2.55787992477417
(0.902 -0.432 0.000 0.451
 0.432 0.902 0.000 0.216
 0.000 0.000 1.000 0.000
 0.000 0.000 0.000 1.000)

2.574608087539673
(0.901 -0.434 0.000 0.450
 0.434 0.901 0.000 0.217
 0.000 0.000 1.000 0.000
 0.000 0.000 0.000 1.000)

2.5913329124450684
(0.899 -0.437 0.000 0.450
 0.437 0.899 0.000 0.219
 0.000 0.000 1.000 0.000
 0.000 0.000 0.000 1.000)

2.6080589294433594
(0.898 -0.440 0.000 0.449
 0.440 0.898 0.000 0.220
 0.000 0.000 1.000 0.000
 0.000 0.000 0.000 1.000)

2.6247739791870117
(0.897 -0.442 0.000 0.448
 0.442 0.897 0.000 0.221
 0.000 0.000 1.000 0.000
 0.000 0.000 0.000 1.000)

2.64152193069458
(0.896 -0.445 0.000 0.448
 0.445 0.896 0.000 0.222
 0.000 0.000 1.000 0.000
 0.000 0.000 0.000 1.000)

2.658262014389038
(0.894 -0.447 0.000 0.447
 0.447 0.894 0.000 0.224
 0.000 0.000 1.000 0.000
 0.000 0.000 0.000 1.000)

2.6750011444091797
(0.893 -0.450 0.000 0.446
 0.450 0.893 0.000 0.225
 0.000 0.000 1.000 0.000
 0.000 0.000 0.000 1.000)

2.691740036010742
(0.892 -0.453 0.000 0.446
 0.453 0.892 0.000 0.226
 0.000 0.000 1.000 0.000
 0.000 0.000 0.000 1.000)

2.7084801197052
(0.890 -0.455 0.000 0.445
 0.455 0.890 0.000 0.228
 0.000 0.000 1.000 0.000
 0.000 0.000 0.000 1.000)

2.7252309322357178
(0.889 -0.458 0.000 0.444
 0.458 0.889 0.000 0.229
 0.000 0.000 1.000 0.000
 0.000 0.000 0.000 1.000)

2.7419440746307373
(0.888 -0.461 0.000 0.444
 0.461 0.888 0.000 0.230
 0.000 0.000 1.000 0.000
 0.000 0.000 0.000 1.000)

2.758660078048706
(0.886 -0.463 0.000 0.443
 0.463 0.886 0.000 0.232
 0.000 0.000 1.000 0.000
 0.000 0.000 0.000 1.000)

2.7754299640655518
(0.885 -0.466 0.000 0.442
 0.466 0.885 0.000 0.233
 0.000 0.000 1.000 0.000
 0.000 0.000 0.000 1.000)

2.792128086090088
(0.884 -0.468 0.000 0.442
 0.468 0.884 0.000 0.234
 0.000 0.000 1.000 0.000
 0.000 0.000 0.000 1.000)

2.808856964111328
(0.882 -0.471 0.000 0.441
 0.471 0.882 0.000 0.235
 0.000 0.000 1.000 0.000
 0.000 0.000 0.000 1.000)

2.8255739212036133
(0.881 -0.473 0.000 0.440
 0.473 0.881 0.000 0.237
 0.000 0.000 1.000 0.000
 0.000 0.000 0.000 1.000)

2.842298984527588
(0.879 -0.476 0.000 0.440
 0.476 0.879 0.000 0.238
 0.000 0.000 1.000 0.000
 0.000 0.000 0.000 1.000)

2.859015941619873
(0.878 -0.479 0.000 0.439
 0.479 0.878 0.000 0.239
 0.000 0.000 1.000 0.000
 0.000 0.000 0.000 1.000)

2.8757290840148926
(0.877 -0.481 0.000 0.438
 0.481 0.877 0.000 0.241
 0.000 0.000 1.000 0.000
 0.000 0.000 0.000 1.000)

2.8924639225006104
(0.875 -0.484 0.000 0.438
 0.484 0.875 0.000 0.242
 0.000 0.000 1.000 0.000
 0.000 0.000 0.000 1.000)

2.9091579914093018
(0.874 -0.486 0.000 0.437
 0.486 0.874 0.000 0.243
 0.000 0.000 1.000 0.000
 0.000 0.000 0.000 1.000)

2.925930976867676
(0.872 -0.489 0.000 0.436
 0.489 0.872 0.000 0.244
 0.000 0.000 1.000 0.000
 0.000 0.000 0.000 1.000)

2.942673921585083
(0.871 -0.491 0.000 0.435
 0.491 0.871 0.000 0.246
 0.000 0.000 1.000 0.000
 0.000 0.000 0.000 1.000)

2.959397077560425
(0.870 -0.494 0.000 0.435
 0.494 0.870 0.000 0.247
 0.000 0.000 1.000 0.000
 0.000 0.000 0.000 1.000)

2.976125955581665
(0.868 -0.496 0.000 0.434
 0.496 0.868 0.000 0.248
 0.000 0.000 1.000 0.000
 0.000 0.000 0.000 1.000)

2.992845058441162
(0.867 -0.499 0.000 0.433
 0.499 0.867 0.000 0.249
 0.000 0.000 1.000 0.000
 0.000 0.000 0.000 1.000)

3.0095651149749756
(0.865 -0.501 0.000 0.433
 0.501 0.865 0.000 0.251
 0.000 0.000 1.000 0.000
 0.000 0.000 0.000 1.000)

3.026292085647583
(0.864 -0.504 0.000 0.432
 0.504 0.864 0.000 0.252
 0.000 0.000 1.000 0.000
 0.000 0.000 0.000 1.000)

3.0430140495300293
(0.862 -0.506 0.000 0.431
 0.506 0.862 0.000 0.253
 0.000 0.000 1.000 0.000
 0.000 0.000 0.000 1.000)

3.059731960296631
(0.861 -0.509 0.000 0.430
 0.509 0.861 0.000 0.255
 0.000 0.000 1.000 0.000
 0.000 0.000 0.000 1.000)

3.076457977294922
(0.859 -0.512 0.000 0.430
 0.512 0.859 0.000 0.256
 0.000 0.000 1.000 0.000
 0.000 0.000 0.000 1.000)

3.0931761264801025
(0.858 -0.514 0.000 0.429
 0.514 0.858 0.000 0.257
 0.000 0.000 1.000 0.000
 0.000 0.000 0.000 1.000)

3.1098971366882324
(0.856 -0.517 0.000 0.428
 0.517 0.856 0.000 0.258
 0.000 0.000 1.000 0.000
 0.000 0.000 0.000 1.000)

3.126626968383789
(0.855 -0.519 0.000 0.427
 0.519 0.855 0.000 0.260
 0.000 0.000 1.000 0.000
 0.000 0.000 0.000 1.000)

3.1433639526367188
(0.853 -0.522 0.000 0.427
 0.522 0.853 0.000 0.261
 0.000 0.000 1.000 0.000
 0.000 0.000 0.000 1.000)

3.1601040363311768
(0.852 -0.524 0.000 0.426
 0.524 0.852 0.000 0.262
 0.000 0.000 1.000 0.000
 0.000 0.000 0.000 1.000)

3.176845073699951
(0.850 -0.526 0.000 0.425
 0.526 0.850 0.000 0.263
 0.000 0.000 1.000 0.000
 0.000 0.000 0.000 1.000)

3.193582057952881
(0.849 -0.529 0.000 0.424
 0.529 0.849 0.000 0.264
 0.000 0.000 1.000 0.000
 0.000 0.000 0.000 1.000)

3.2103230953216553
(0.847 -0.531 0.000 0.424
 0.531 0.847 0.000 0.266
 0.000 0.000 1.000 0.000
 0.000 0.000 0.000 1.000)

3.227062940597534
(0.846 -0.534 0.000 0.423
 0.534 0.846 0.000 0.267
 0.000 0.000 1.000 0.000
 0.000 0.000 0.000 1.000)

3.2438089847564697
(0.844 -0.536 0.000 0.422
 0.536 0.844 0.000 0.268
 0.000 0.000 1.000 0.000
 0.000 0.000 0.000 1.000)

3.260551929473877
(0.842 -0.539 0.000 0.421
 0.539 0.842 0.000 0.269
 0.000 0.000 1.000 0.000
 0.000 0.000 0.000 1.000)

3.2772741317749023
(0.841 -0.541 0.000 0.420
 0.541 0.841 0.000 0.271
 0.000 0.000 1.000 0.000
 0.000 0.000 0.000 1.000)

3.2940261363983154
(0.839 -0.544 0.000 0.420
 0.544 0.839 0.000 0.272
 0.000 0.000 1.000 0.000
 0.000 0.000 0.000 1.000)

3.310763120651245
(0.838 -0.546 0.000 0.419
 0.546 0.838 0.000 0.273
 0.000 0.000 1.000 0.000
 0.000 0.000 0.000 1.000)

3.327505111694336
(0.836 -0.549 0.000 0.418
 0.549 0.836 0.000 0.274
 0.000 0.000 1.000 0.000
 0.000 0.000 0.000 1.000)

3.344330072402954
(0.834 -0.551 0.000 0.417
 0.551 0.834 0.000 0.276
 0.000 0.000 1.000 0.000
 0.000 0.000 0.000 1.000)

3.360985040664673
(0.833 -0.554 0.000 0.416
 0.554 0.833 0.000 0.277
 0.000 0.000 1.000 0.000
 0.000 0.000 0.000 1.000)

3.377596139907837
(0.831 -0.556 0.000 0.416
 0.556 0.831 0.000 0.278
 0.000 0.000 1.000 0.000
 0.000 0.000 0.000 1.000)

3.3942580223083496
(0.830 -0.558 0.000 0.415
 0.558 0.830 0.000 0.279
 0.000 0.000 1.000 0.000
 0.000 0.000 0.000 1.000)

3.4109649658203125
(0.828 -0.561 0.000 0.414
 0.561 0.828 0.000 0.280
 0.000 0.000 1.000 0.000
 0.000 0.000 0.000 1.000)

3.427643060684204
(0.826 -0.563 0.000 0.413
 0.563 0.826 0.000 0.282
 0.000 0.000 1.000 0.000
 0.000 0.000 0.000 1.000)

3.444432020187378
(0.825 -0.566 0.000 0.412
 0.566 0.825 0.000 0.283
 0.000 0.000 1.000 0.000
 0.000 0.000 0.000 1.000)

3.461177110671997
(0.823 -0.568 0.000 0.412
 0.568 0.823 0.000 0.284
 0.000 0.000 1.000 0.000
 0.000 0.000 0.000 1.000)

3.4779269695281982
(0.821 -0.570 0.000 0.411
 0.570 0.821 0.000 0.285
 0.000 0.000 1.000 0.000
 0.000 0.000 0.000 1.000)

3.494662046432495
(0.820 -0.573 0.000 0.410
 0.573 0.820 0.000 0.286
 0.000 0.000 1.000 0.000
 0.000 0.000 0.000 1.000)

3.5114071369171143
(0.818 -0.575 0.000 0.409
 0.575 0.818 0.000 0.288
 0.000 0.000 1.000 0.000
 0.000 0.000 0.000 1.000)

3.528146982192993
(0.816 -0.578 0.000 0.408
 0.578 0.816 0.000 0.289
 0.000 0.000 1.000 0.000
 0.000 0.000 0.000 1.000)

3.5448861122131348
(0.815 -0.580 0.000 0.407
 0.580 0.815 0.000 0.290
 0.000 0.000 1.000 0.000
 0.000 0.000 0.000 1.000)

3.5616350173950195
(0.813 -0.582 0.000 0.406
 0.582 0.813 0.000 0.291
 0.000 0.000 1.000 0.000
 0.000 0.000 0.000 1.000)

3.578371047973633
(0.811 -0.585 0.000 0.406
 0.585 0.811 0.000 0.292
 0.000 0.000 1.000 0.000
 0.000 0.000 0.000 1.000)

3.5951130390167236
(0.810 -0.587 0.000 0.405
 0.587 0.810 0.000 0.294
 0.000 0.000 1.000 0.000
 0.000 0.000 0.000 1.000)

3.6118500232696533
(0.808 -0.589 0.000 0.404
 0.589 0.808 0.000 0.295
 0.000 0.000 1.000 0.000
 0.000 0.000 0.000 1.000)

3.6285979747772217
(0.806 -0.592 0.000 0.403
 0.592 0.806 0.000 0.296
 0.000 0.000 1.000 0.000
 0.000 0.000 0.000 1.000)

3.6453120708465576
(0.804 -0.594 0.000 0.402
 0.594 0.804 0.000 0.297
 0.000 0.000 1.000 0.000
 0.000 0.000 0.000 1.000)

3.662040948867798
(0.803 -0.597 0.000 0.401
 0.597 0.803 0.000 0.298
 0.000 0.000 1.000 0.000
 0.000 0.000 0.000 1.000)

3.678802967071533
(0.801 -0.599 0.000 0.400
 0.599 0.801 0.000 0.299
 0.000 0.000 1.000 0.000
 0.000 0.000 0.000 1.000)

3.6955461502075195
(0.799 -0.601 0.000 0.400
 0.601 0.799 0.000 0.301
 0.000 0.000 1.000 0.000
 0.000 0.000 0.000 1.000)

3.7122840881347656
(0.797 -0.604 0.000 0.399
 0.604 0.797 0.000 0.302
 0.000 0.000 1.000 0.000
 0.000 0.000 0.000 1.000)

3.7289929389953613
(0.796 -0.606 0.000 0.398
 0.606 0.796 0.000 0.303
 0.000 0.000 1.000 0.000
 0.000 0.000 0.000 1.000)

3.745759963989258
(0.794 -0.608 0.000 0.397
 0.608 0.794 0.000 0.304
 0.000 0.000 1.000 0.000
 0.000 0.000 0.000 1.000)

3.762500047683716
(0.792 -0.610 0.000 0.396
 0.610 0.792 0.000 0.305
 0.000 0.000 1.000 0.000
 0.000 0.000 0.000 1.000)

3.779236078262329
(0.790 -0.613 0.000 0.395
 0.613 0.790 0.000 0.306
 0.000 0.000 1.000 0.000
 0.000 0.000 0.000 1.000)

3.7959511280059814
(0.788 -0.615 0.000 0.394
 0.615 0.788 0.000 0.308
 0.000 0.000 1.000 0.000
 0.000 0.000 0.000 1.000)

3.812721014022827
(0.787 -0.617 0.000 0.393
 0.617 0.787 0.000 0.309
 0.000 0.000 1.000 0.000
 0.000 0.000 0.000 1.000)

3.8294601440429688
(0.785 -0.620 0.000 0.392
 0.620 0.785 0.000 0.310
 0.000 0.000 1.000 0.000
 0.000 0.000 0.000 1.000)

3.8461990356445312
(0.783 -0.622 0.000 0.392
 0.622 0.783 0.000 0.311
 0.000 0.000 1.000 0.000
 0.000 0.000 0.000 1.000)

3.862936019897461
(0.781 -0.624 0.000 0.391
 0.624 0.781 0.000 0.312
 0.000 0.000 1.000 0.000
 0.000 0.000 0.000 1.000)

3.8796751499176025
(0.779 -0.627 0.000 0.390
 0.627 0.779 0.000 0.313
 0.000 0.000 1.000 0.000
 0.000 0.000 0.000 1.000)

3.896415948867798
(0.778 -0.629 0.000 0.389
 0.629 0.778 0.000 0.314
 0.000 0.000 1.000 0.000
 0.000 0.000 0.000 1.000)

3.913159132003784
(0.776 -0.631 0.000 0.388
 0.631 0.776 0.000 0.316
 0.000 0.000 1.000 0.000
 0.000 0.000 0.000 1.000)

3.929885149002075
(0.774 -0.633 0.000 0.387
 0.633 0.774 0.000 0.317
 0.000 0.000 1.000 0.000
 0.000 0.000 0.000 1.000)

3.946613073348999
(0.772 -0.636 0.000 0.386
 0.636 0.772 0.000 0.318
 0.000 0.000 1.000 0.000
 0.000 0.000 0.000 1.000)

3.9633519649505615
(0.770 -0.638 0.000 0.385
 0.638 0.770 0.000 0.319
 0.000 0.000 1.000 0.000
 0.000 0.000 0.000 1.000)

3.9800870418548584
(0.768 -0.640 0.000 0.384
 0.640 0.768 0.000 0.320
 0.000 0.000 1.000 0.000
 0.000 0.000 0.000 1.000)

3.9968221187591553
(0.766 -0.642 0.000 0.383
 0.642 0.766 0.000 0.321
 0.000 0.000 1.000 0.000
 0.000 0.000 0.000 1.000)

4.0135393142700195
(0.765 -0.645 0.000 0.382
 0.645 0.765 0.000 0.322
 0.000 0.000 1.000 0.000
 0.000 0.000 0.000 1.000)

4.030272960662842
(0.763 -0.647 0.000 0.381
 0.647 0.763 0.000 0.323
 0.000 0.000 1.000 0.000
 0.000 0.000 0.000 1.000)

4.047016143798828
(0.761 -0.649 0.000 0.380
 0.649 0.761 0.000 0.325
 0.000 0.000 1.000 0.000
 0.000 0.000 0.000 1.000)

4.063751220703125
(0.759 -0.651 0.000 0.379
 0.651 0.759 0.000 0.326
 0.000 0.000 1.000 0.000
 0.000 0.000 0.000 1.000)

4.080466270446777
(0.757 -0.653 0.000 0.378
 0.653 0.757 0.000 0.327
 0.000 0.000 1.000 0.000
 0.000 0.000 0.000 1.000)

4.097245216369629
(0.755 -0.656 0.000 0.378
 0.656 0.755 0.000 0.328
 0.000 0.000 1.000 0.000
 0.000 0.000 0.000 1.000)

4.113971710205078
(0.753 -0.658 0.000 0.377
 0.658 0.753 0.000 0.329
 0.000 0.000 1.000 0.000
 0.000 0.000 0.000 1.000)

4.130710124969482
(0.751 -0.660 0.000 0.376
 0.660 0.751 0.000 0.330
 0.000 0.000 1.000 0.000
 0.000 0.000 0.000 1.000)

4.147449970245361
(0.749 -0.662 0.000 0.375
 0.662 0.749 0.000 0.331
 0.000 0.000 1.000 0.000
 0.000 0.000 0.000 1.000)

4.1641950607299805
(0.747 -0.664 0.000 0.374
 0.664 0.747 0.000 0.332
 0.000 0.000 1.000 0.000
 0.000 0.000 0.000 1.000)

4.180908203125
(0.745 -0.667 0.000 0.373
 0.667 0.745 0.000 0.333
 0.000 0.000 1.000 0.000
 0.000 0.000 0.000 1.000)

4.197648048400879
(0.743 -0.669 0.000 0.372
 0.669 0.743 0.000 0.334
 0.000 0.000 1.000 0.000
 0.000 0.000 0.000 1.000)

4.214387893676758
(0.741 -0.671 0.000 0.371
 0.671 0.741 0.000 0.335
 0.000 0.000 1.000 0.000
 0.000 0.000 0.000 1.000)

4.231122016906738
(0.739 -0.673 0.000 0.370
 0.673 0.739 0.000 0.337
 0.000 0.000 1.000 0.000
 0.000 0.000 0.000 1.000)

4.247865676879883
(0.738 -0.675 0.000 0.369
 0.675 0.738 0.000 0.338
 0.000 0.000 1.000 0.000
 0.000 0.000 0.000 1.000)

4.26460075378418
(0.736 -0.677 0.000 0.368
 0.677 0.736 0.000 0.339
 0.000 0.000 1.000 0.000
 0.000 0.000 0.000 1.000)

4.281322002410889
(0.734 -0.680 0.000 0.367
 0.680 0.734 0.000 0.340
 0.000 0.000 1.000 0.000
 0.000 0.000 0.000 1.000)

4.298080921173096
(0.732 -0.682 0.000 0.366
 0.682 0.732 0.000 0.341
 0.000 0.000 1.000 0.000
 0.000 0.000 0.000 1.000)

4.314823150634766
(0.730 -0.684 0.000 0.365
 0.684 0.730 0.000 0.342
 0.000 0.000 1.000 0.000
 0.000 0.000 0.000 1.000)

4.331563949584961
(0.728 -0.686 0.000 0.364
 0.686 0.728 0.000 0.343
 0.000 0.000 1.000 0.000
 0.000 0.000 0.000 1.000)

4.348299980163574
(0.726 -0.688 0.000 0.363
 0.688 0.726 0.000 0.344
 0.000 0.000 1.000 0.000
 0.000 0.000 0.000 1.000)

4.365038871765137
(0.724 -0.690 0.000 0.362
 0.690 0.724 0.000 0.345
 0.000 0.000 1.000 0.000
 0.000 0.000 0.000 1.000)

4.381775856018066
(0.722 -0.692 0.000 0.361
 0.692 0.722 0.000 0.346
 0.000 0.000 1.000 0.000
 0.000 0.000 0.000 1.000)

4.398515701293945
(0.720 -0.694 0.000 0.360
 0.694 0.720 0.000 0.347
 0.000 0.000 1.000 0.000
 0.000 0.000 0.000 1.000)

4.415256977081299
(0.717 -0.697 0.000 0.359
 0.697 0.717 0.000 0.348
 0.000 0.000 1.000 0.000
 0.000 0.000 0.000 1.000)

4.432007789611816
(0.715 -0.699 0.000 0.358
 0.699 0.715 0.000 0.349
 0.000 0.000 1.000 0.000
 0.000 0.000 0.000 1.000)

4.448737144470215
(0.713 -0.701 0.000 0.357
 0.701 0.713 0.000 0.350
 0.000 0.000 1.000 0.000
 0.000 0.000 0.000 1.000)

4.465505123138428
(0.711 -0.703 0.000 0.356
 0.703 0.711 0.000 0.351
 0.000 0.000 1.000 0.000
 0.000 0.000 0.000 1.000)

4.482222080230713
(0.709 -0.705 0.000 0.355
 0.705 0.709 0.000 0.352
 0.000 0.000 1.000 0.000
 0.000 0.000 0.000 1.000)

4.498950958251953
(0.707 -0.707 0.000 0.354
 0.707 0.707 0.000 0.353
 0.000 0.000 1.000 0.000
 0.000 0.000 0.000 1.000)

4.515690803527832
(0.705 -0.709 0.000 0.353
 0.709 0.705 0.000 0.355
 0.000 0.000 1.000 0.000
 0.000 0.000 0.000 1.000)

4.532426834106445
(0.703 -0.711 0.000 0.352
 0.711 0.703 0.000 0.356
 0.000 0.000 1.000 0.000
 0.000 0.000 0.000 1.000)

4.549170017242432
(0.701 -0.713 0.000 0.351
 0.713 0.701 0.000 0.357
 0.000 0.000 1.000 0.000
 0.000 0.000 0.000 1.000)

4.565912246704102
(0.699 -0.715 0.000 0.349
 0.715 0.699 0.000 0.358
 0.000 0.000 1.000 0.000
 0.000 0.000 0.000 1.000)

4.582653999328613
(0.697 -0.717 0.000 0.348
 0.717 0.697 0.000 0.359
 0.000 0.000 1.000 0.000
 0.000 0.000 0.000 1.000)

4.599386215209961
(0.695 -0.719 0.000 0.347
 0.719 0.695 0.000 0.360
 0.000 0.000 1.000 0.000
 0.000 0.000 0.000 1.000)

4.616087913513184
(0.693 -0.721 0.000 0.346
 0.721 0.693 0.000 0.361
 0.000 0.000 1.000 0.000
 0.000 0.000 0.000 1.000)

4.632818222045898
(0.691 -0.723 0.000 0.345
 0.723 0.691 0.000 0.362
 0.000 0.000 1.000 0.000
 0.000 0.000 0.000 1.000)

4.64964485168457
(0.688 -0.725 0.000 0.344
 0.725 0.688 0.000 0.363
 0.000 0.000 1.000 0.000
 0.000 0.000 0.000 1.000)

4.666309356689453
(0.686 -0.727 0.000 0.343
 0.727 0.686 0.000 0.364
 0.000 0.000 1.000 0.000
 0.000 0.000 0.000 1.000)

4.6830291748046875
(0.684 -0.729 0.000 0.342
 0.729 0.684 0.000 0.365
 0.000 0.000 1.000 0.000
 0.000 0.000 0.000 1.000)

4.699753761291504
(0.682 -0.731 0.000 0.341
 0.731 0.682 0.000 0.366
 0.000 0.000 1.000 0.000
 0.000 0.000 0.000 1.000)

4.716484069824219
(0.680 -0.733 0.000 0.340
 0.733 0.680 0.000 0.367
 0.000 0.000 1.000 0.000
 0.000 0.000 0.000 1.000)

4.733246803283691
(0.678 -0.735 0.000 0.339
 0.735 0.678 0.000 0.368
 0.000 0.000 1.000 0.000
 0.000 0.000 0.000 1.000)

4.749948024749756
(0.676 -0.737 0.000 0.338
 0.737 0.676 0.000 0.369
 0.000 0.000 1.000 0.000
 0.000 0.000 0.000 1.000)

4.766671180725098
(0.673 -0.739 0.000 0.337
 0.739 0.673 0.000 0.370
 0.000 0.000 1.000 0.000
 0.000 0.000 0.000 1.000)

4.783389091491699
(0.671 -0.741 0.000 0.336
 0.741 0.671 0.000 0.371
 0.000 0.000 1.000 0.000
 0.000 0.000 0.000 1.000)

4.800113677978516
(0.669 -0.743 0.000 0.335
 0.743 0.669 0.000 0.372
 0.000 0.000 1.000 0.000
 0.000 0.000 0.000 1.000)

4.816837310791016
(0.667 -0.745 0.000 0.333
 0.745 0.667 0.000 0.373
 0.000 0.000 1.000 0.000
 0.000 0.000 0.000 1.000)

4.833559036254883
(0.665 -0.747 0.000 0.332
 0.747 0.665 0.000 0.374
 0.000 0.000 1.000 0.000
 0.000 0.000 0.000 1.000)

4.850281715393066
(0.663 -0.749 0.000 0.331
 0.749 0.663 0.000 0.374
 0.000 0.000 1.000 0.000
 0.000 0.000 0.000 1.000)

4.867002010345459
(0.660 -0.751 0.000 0.330
 0.751 0.660 0.000 0.375
 0.000 0.000 1.000 0.000
 0.000 0.000 0.000 1.000)

4.883724212646484
(0.658 -0.753 0.000 0.329
 0.753 0.658 0.000 0.376
 0.000 0.000 1.000 0.000
 0.000 0.000 0.000 1.000)

4.900446891784668
(0.656 -0.755 0.000 0.328
 0.755 0.656 0.000 0.377
 0.000 0.000 1.000 0.000
 0.000 0.000 0.000 1.000)

4.917169094085693
(0.654 -0.757 0.000 0.327
 0.757 0.654 0.000 0.378
 0.000 0.000 1.000 0.000
 0.000 0.000 0.000 1.000)

4.933893203735352
(0.652 -0.759 0.000 0.326
 0.759 0.652 0.000 0.379
 0.000 0.000 1.000 0.000
 0.000 0.000 0.000 1.000)

4.950617790222168
(0.649 -0.760 0.000 0.325
 0.760 0.649 0.000 0.380
 0.000 0.000 1.000 0.000
 0.000 0.000 0.000 1.000)

4.967360019683838
(0.647 -0.762 0.000 0.324
 0.762 0.647 0.000 0.381
 0.000 0.000 1.000 0.000
 0.000 0.000 0.000 1.000)

4.984102249145508
(0.645 -0.764 0.000 0.322
 0.764 0.645 0.000 0.382
 0.000 0.000 1.000 0.000
 0.000 0.000 0.000 1.000)

5.000814914703369
(0.643 -0.766 0.000 0.321
 0.766 0.643 0.000 0.383
 0.000 0.000 1.000 0.000
 0.000 0.000 0.000 1.000)

5.017548084259033
(0.640 -0.768 0.000 0.320
 0.768 0.640 0.000 0.384
 0.000 0.000 1.000 0.000
 0.000 0.000 0.000 1.000)

5.034261703491211
(0.638 -0.770 0.000 0.319
 0.770 0.638 0.000 0.385
 0.000 0.000 1.000 0.000
 0.000 0.000 0.000 1.000)

5.05101203918457
(0.636 -0.772 0.000 0.318
 0.772 0.636 0.000 0.386
 0.000 0.000 1.000 0.000
 0.000 0.000 0.000 1.000)

5.067698955535889
(0.634 -0.774 0.000 0.317
 0.774 0.634 0.000 0.387
 0.000 0.000 1.000 0.000
 0.000 0.000 0.000 1.000)

5.084379196166992
(0.631 -0.775 0.000 0.316
 0.775 0.631 0.000 0.388
 0.000 0.000 1.000 0.000
 0.000 0.000 0.000 1.000)

5.101133346557617
(0.629 -0.777 0.000 0.315
 0.777 0.629 0.000 0.389
 0.000 0.000 1.000 0.000
 0.000 0.000 0.000 1.000)

5.117861747741699
(0.627 -0.779 0.000 0.313
 0.779 0.627 0.000 0.390
 0.000 0.000 1.000 0.000
 0.000 0.000 0.000 1.000)

5.134586334228516
(0.625 -0.781 0.000 0.312
 0.781 0.625 0.000 0.390
 0.000 0.000 1.000 0.000
 0.000 0.000 0.000 1.000)

5.151309967041016
(0.622 -0.783 0.000 0.311
 0.783 0.622 0.000 0.391
 0.000 0.000 1.000 0.000
 0.000 0.000 0.000 1.000)

5.168034076690674
(0.620 -0.785 0.000 0.310
 0.785 0.620 0.000 0.392
 0.000 0.000 1.000 0.000
 0.000 0.000 0.000 1.000)

5.184760093688965
(0.618 -0.786 0.000 0.309
 0.786 0.618 0.000 0.393
 0.000 0.000 1.000 0.000
 0.000 0.000 0.000 1.000)

5.201478958129883
(0.615 -0.788 0.000 0.308
 0.788 0.615 0.000 0.394
 0.000 0.000 1.000 0.000
 0.000 0.000 0.000 1.000)

5.218197822570801
(0.613 -0.790 0.000 0.307
 0.790 0.613 0.000 0.395
 0.000 0.000 1.000 0.000
 0.000 0.000 0.000 1.000)

5.23491907119751
(0.611 -0.792 0.000 0.305
 0.792 0.611 0.000 0.396
 0.000 0.000 1.000 0.000
 0.000 0.000 0.000 1.000)

5.251646041870117
(0.609 -0.794 0.000 0.304
 0.794 0.609 0.000 0.397
 0.000 0.000 1.000 0.000
 0.000 0.000 0.000 1.000)

5.268367767333984
(0.606 -0.795 0.000 0.303
 0.795 0.606 0.000 0.398
 0.000 0.000 1.000 0.000
 0.000 0.000 0.000 1.000)

5.2850847244262695
(0.604 -0.797 0.000 0.302
 0.797 0.604 0.000 0.399
 0.000 0.000 1.000 0.000
 0.000 0.000 0.000 1.000)

5.301811218261719
(0.602 -0.799 0.000 0.301
 0.799 0.602 0.000 0.399
 0.000 0.000 1.000 0.000
 0.000 0.000 0.000 1.000)

5.318534851074219
(0.599 -0.801 0.000 0.300
 0.801 0.599 0.000 0.400
 0.000 0.000 1.000 0.000
 0.000 0.000 0.000 1.000)

5.335240364074707
(0.597 -0.802 0.000 0.298
 0.802 0.597 0.000 0.401
 0.000 0.000 1.000 0.000
 0.000 0.000 0.000 1.000)

5.35196590423584
(0.595 -0.804 0.000 0.297
 0.804 0.595 0.000 0.402
 0.000 0.000 1.000 0.000
 0.000 0.000 0.000 1.000)

5.368689060211182
(0.592 -0.806 0.000 0.296
 0.806 0.592 0.000 0.403
 0.000 0.000 1.000 0.000
 0.000 0.000 0.000 1.000)

5.385379791259766
(0.590 -0.808 0.000 0.295
 0.808 0.590 0.000 0.404
 0.000 0.000 1.000 0.000
 0.000 0.000 0.000 1.000)

5.402140140533447
(0.587 -0.809 0.000 0.294
 0.809 0.587 0.000 0.405
 0.000 0.000 1.000 0.000
 0.000 0.000 0.000 1.000)

5.418866157531738
(0.585 -0.811 0.000 0.293
 0.811 0.585 0.000 0.405
 0.000 0.000 1.000 0.000
 0.000 0.000 0.000 1.000)

5.435586929321289
(0.583 -0.813 0.000 0.291
 0.813 0.583 0.000 0.406
 0.000 0.000 1.000 0.000
 0.000 0.000 0.000 1.000)

5.452311038970947
(0.580 -0.814 0.000 0.290
 0.814 0.580 0.000 0.407
 0.000 0.000 1.000 0.000
 0.000 0.000 0.000 1.000)

5.469032287597656
(0.578 -0.816 0.000 0.289
 0.816 0.578 0.000 0.408
 0.000 0.000 1.000 0.000
 0.000 0.000 0.000 1.000)

5.485756874084473
(0.576 -0.818 0.000 0.288
 0.818 0.576 0.000 0.409
 0.000 0.000 1.000 0.000
 0.000 0.000 0.000 1.000)

5.502483367919922
(0.573 -0.819 0.000 0.287
 0.819 0.573 0.000 0.410
 0.000 0.000 1.000 0.000
 0.000 0.000 0.000 1.000)

5.519229888916016
(0.571 -0.821 0.000 0.285
 0.821 0.571 0.000 0.411
 0.000 0.000 1.000 0.000
 0.000 0.000 0.000 1.000)

5.53594970703125
(0.568 -0.823 0.000 0.284
 0.823 0.568 0.000 0.411
 0.000 0.000 1.000 0.000
 0.000 0.000 0.000 1.000)

5.552670955657959
(0.566 -0.824 0.000 0.283
 0.824 0.566 0.000 0.412
 0.000 0.000 1.000 0.000
 0.000 0.000 0.000 1.000)

5.569370269775391
(0.564 -0.826 0.000 0.282
 0.826 0.564 0.000 0.413
 0.000 0.000 1.000 0.000
 0.000 0.000 0.000 1.000)

5.586073875427246
(0.561 -0.828 0.000 0.281
 0.828 0.561 0.000 0.414
 0.000 0.000 1.000 0.000
 0.000 0.000 0.000 1.000)

5.602821350097656
