0.008929014205932617
(1.000 -0.002 0.000 0.500
 0.002 1.000 0.000 0.001
 0.000 0.000 1.000 0.000
 0.000 0.000 0.000 1.000)

0.057784080505371094
(1.000 -0.010 0.000 0.500
 0.010 1.000 0.000 0.005
 0.000 0.000 1.000 0.000
 0.000 0.000 0.000 1.000)

0.07443594932556152
(1.000 -0.013 0.000 0.500
 0.013 1.000 0.000 0.006
 0.000 0.000 1.000 0.000
 0.000 0.000 0.000 1.000)

0.0937349796295166
(1.000 -0.016 0.000 0.500
 0.016 1.000 0.000 0.008
 0.000 0.000 1.000 0.000
 0.000 0.000 0.000 1.000)

0.11220216751098633
(1.000 -0.020 0.000 0.500
 0.020 1.000 0.000 0.010
 0.000 0.000 1.000 0.000
 0.000 0.000 0.000 1.000)

0.12895607948303223
(1.000 -0.023 0.000 0.500
 0.023 1.000 0.000 0.011
 0.000 0.000 1.000 0.000
 0.000 0.000 0.000 1.000)

0.14560508728027344
(1.000 -0.025 0.000 0.500
 0.025 1.000 0.000 0.013
 0.000 0.000 1.000 0.000
 0.000 0.000 0.000 1.000)

0.16225194931030273
(1.000 -0.028 0.000 0.500
 0.028 1.000 0.000 0.014
 0.000 0.000 1.000 0.000
 0.000 0.000 0.000 1.000)

0.17902302742004395
(1.000 -0.031 0.000 0.500
 0.031 1.000 0.000 0.016
 0.000 0.000 1.000 0.000
 0.000 0.000 0.000 1.000)

0.1957540512084961
(0.999 -0.034 0.000 0.500
 0.034 0.999 0.000 0.017
 0.000 0.000 1.000 0.000
 0.000 0.000 0.000 1.000)

0.21253395080566406
(0.999 -0.037 0.000 0.500
 0.037 0.999 0.000 0.019
 0.000 0.000 1.000 0.000
 0.000 0.000 0.000 1.000)

0.22921299934387207
(0.999 -0.040 0.000 0.500
 0.040 0.999 0.000 0.020
 0.000 0.000 1.000 0.000
 0.000 0.000 0.000 1.000)

0.2492210865020752
(0.999 -0.043 0.000 0.500
 0.043 0.999 0.000 0.022
 0.000 0.000 1.000 0.000
 0.000 0.000 0.000 1.000)

0.262592077255249
(0.999 -0.046 0.000 0.499
 0.046 0.999 0.000 0.023
 0.000 0.000 1.000 0.000
 0.000 0.000 0.000 1.000)

0.27930212020874023
(0.999 -0.049 0.000 0.499
 0.049 0.999 0.000 0.024
 0.000 0.000 1.000 0.000
 0.000 0.000 0.000 1.000)

0.29603004455566406
(0.999 -0.052 0.000 0.499
 0.052 0.999 0.000 0.026
 0.000 0.000 1.000 0.000
 0.000 0.000 0.000 1.000)

0.3126809597015381
(0.999 -0.055 0.000 0.499
 0.055 0.999 0.000 0.027
 0.000 0.000 1.000 0.000
 0.000 0.000 0.000 1.000)

0.3293330669403076
(0.998 -0.057 0.000 0.499
 0.057 0.998 0.000 0.029
 0.000 0.000 1.000 0.000
 0.000 0.000 0.000 1.000)

0.3461019992828369
(0.998 -0.060 0.000 0.499
 0.060 0.998 0.000 0.030
 0.000 0.000 1.000 0.000
 0.000 0.000 0.000 1.000)

0.3628041744232178
(0.998 -0.063 0.000 0.499
 0.063 0.998 0.000 0.032
 0.000 0.000 1.000 0.000
 0.000 0.000 0.000 1.000)

0.37950611114501953
(0.998 -0.066 0.000 0.499
 0.066 0.998 0.000 0.033
 0.000 0.000 1.000 0.000
 0.000 0.000 0.000 1.000)

0.39621400833129883
(0.998 -0.069 0.000 0.499
 0.069 0.998 0.000 0.035
 0.000 0.000 1.000 0.000
 0.000 0.000 0.000 1.000)

0.4129610061645508
(0.997 -0.072 0.000 0.499
 0.072 0.997 0.000 0.036
 0.000 0.000 1.000 0.000
 0.000 0.000 0.000 1.000)

0.4296281337738037
(0.997 -0.075 0.000 0.499
 0.075 0.997 0.000 0.037
 0.000 0.000 1.000 0.000
 0.000 0.000 0.000 1.000)

0.44629502296447754
(0.997 -0.078 0.000 0.498
 0.078 0.997 0.000 0.039
 0.000 0.000 1.000 0.000
 0.000 0.000 0.000 1.000)

0.46294307708740234
(0.997 -0.081 0.000 0.498
 0.081 0.997 0.000 0.040
 0.000 0.000 1.000 0.000
 0.000 0.000 0.000 1.000)

0.47962403297424316
(0.996 -0.084 0.000 0.498
 0.084 0.996 0.000 0.042
 0.000 0.000 1.000 0.000
 0.000 0.000 0.000 1.000)

0.4962949752807617
(0.996 -0.087 0.000 0.498
 0.087 0.996 0.000 0.043
 0.000 0.000 1.000 0.000
 0.000 0.000 0.000 1.000)

0.513085126876831
(0.996 -0.089 0.000 0.498
 0.089 0.996 0.000 0.045
 0.000 0.000 1.000 0.000
 0.000 0.000 0.000 1.000)

0.5297060012817383
(0.996 -0.092 0.000 0.498
 0.092 0.996 0.000 0.046
 0.000 0.000 1.000 0.000
 0.000 0.000 0.000 1.000)

0.5463590621948242
(0.995 -0.095 0.000 0.498
 0.095 0.995 0.000 0.048
 0.000 0.000 1.000 0.000
 0.000 0.000 0.000 1.000)

0.5630359649658203
(0.995 -0.098 0.000 0.498
 0.098 0.995 0.000 0.049
 0.000 0.000 1.000 0.000
 0.000 0.000 0.000 1.000)

0.5797100067138672
(0.995 -0.101 0.000 0.497
 0.101 0.995 0.000 0.051
 0.000 0.000 1.000 0.000
 0.000 0.000 0.000 1.000)

0.5963809490203857
(0.995 -0.104 0.000 0.497
 0.104 0.995 0.000 0.052
 0.000 0.000 1.000 0.000
 0.000 0.000 0.000 1.000)

0.6130590438842773
(0.994 -0.107 0.000 0.497
 0.107 0.994 0.000 0.053
 0.000 0.000 1.000 0.000
 0.000 0.000 0.000 1.000)

0.6297750473022461
(0.994 -0.110 0.000 0.497
 0.110 0.994 0.000 0.055
 0.000 0.000 1.000 0.000
 0.000 0.000 0.000 1.000)

0.6465029716491699
(0.994 -0.113 0.000 0.497
 0.113 0.994 0.000 0.056
 0.000 0.000 1.000 0.000
 0.000 0.000 0.000 1.000)

0.6652779579162598
(0.993 -0.116 0.000 0.497
 0.116 0.993 0.000 0.058
 0.000 0.000 1.000 0.000
 0.000 0.000 0.000 1.000)

0.6819360256195068
(0.993 -0.119 0.000 0.496
 0.119 0.993 0.000 0.059
 0.000 0.000 1.000 0.000
 0.000 0.000 0.000 1.000)

0.6986000537872314
(0.993 -0.122 0.000 0.496
 0.122 0.993 0.000 0.061
 0.000 0.000 1.000 0.000
 0.000 0.000 0.000 1.000)

0.7152750492095947
(0.992 -0.125 0.000 0.496
 0.125 0.992 0.000 0.062
 0.000 0.000 1.000 0.000
 0.000 0.000 0.000 1.000)

0.731964111328125
(0.992 -0.127 0.000 0.496
 0.127 0.992 0.000 0.064
 0.000 0.000 1.000 0.000
 0.000 0.000 0.000 1.000)

0.7486240863800049
(0.991 -0.130 0.000 0.496
 0.130 0.991 0.000 0.065
 0.000 0.000 1.000 0.000
 0.000 0.000 0.000 1.000)

0.7653040885925293
(0.991 -0.133 0.000 0.496
 0.133 0.991 0.000 0.067
 0.000 0.000 1.000 0.000
 0.000 0.000 0.000 1.000)

0.7819781303405762
(0.991 -0.136 0.000 0.495
 0.136 0.991 0.000 0.068
 0.000 0.000 1.000 0.000
 0.000 0.000 0.000 1.000)

0.7986581325531006
(0.990 -0.139 0.000 0.495
 0.139 0.990 0.000 0.069
 0.000 0.000 1.000 0.000
 0.000 0.000 0.000 1.000)

0.8153340816497803
(0.990 -0.142 0.000 0.495
 0.142 0.990 0.000 0.071
 0.000 0.000 1.000 0.000
 0.000 0.000 0.000 1.000)

0.8320200443267822
(0.989 -0.145 0.000 0.495
 0.145 0.989 0.000 0.072
 0.000 0.000 1.000 0.000
 0.000 0.000 0.000 1.000)

0.848689079284668
(0.989 -0.148 0.000 0.495
 0.148 0.989 0.000 0.074
 0.000 0.000 1.000 0.000
 0.000 0.000 0.000 1.000)

0.8654780387878418
(0.989 -0.150 0.000 0.494
 0.150 0.989 0.000 0.075
 0.000 0.000 1.000 0.000
 0.000 0.000 0.000 1.000)

0.8821799755096436
(0.988 -0.153 0.000 0.494
 0.153 0.988 0.000 0.077
 0.000 0.000 1.000 0.000
 0.000 0.000 0.000 1.000)

0.8989429473876953
(0.988 -0.156 0.000 0.494
 0.156 0.988 0.000 0.078
 0.000 0.000 1.000 0.000
 0.000 0.000 0.000 1.000)

0.9156310558319092
(0.987 -0.159 0.000 0.494
 0.159 0.987 0.000 0.080
 0.000 0.000 1.000 0.000
 0.000 0.000 0.000 1.000)

0.9323611259460449
(0.987 -0.162 0.000 0.493
 0.162 0.987 0.000 0.081
 0.000 0.000 1.000 0.000
 0.000 0.000 0.000 1.000)

0.9491310119628906
(0.986 -0.165 0.000 0.493
 0.165 0.986 0.000 0.082
 0.000 0.000 1.000 0.000
 0.000 0.000 0.000 1.000)

0.9658191204071045
(0.986 -0.168 0.000 0.493
 0.168 0.986 0.000 0.084
 0.000 0.000 1.000 0.000
 0.000 0.000 0.000 1.000)

0.9825351238250732
(0.985 -0.171 0.000 0.493
 0.171 0.985 0.000 0.085
 0.000 0.000 1.000 0.000
 0.000 0.000 0.000 1.000)

0.9992599487304688
(0.985 -0.174 0.000 0.492
 0.174 0.985 0.000 0.087
 0.000 0.000 1.000 0.000
 0.000 0.000 0.000 1.000)

1.015995979309082
(0.984 -0.176 0.000 0.492
 0.176 0.984 0.000 0.088
 0.000 0.000 1.000 0.000
 0.000 0.000 0.000 1.000)

1.0327141284942627
(0.984 -0.179 0.000 0.492
 0.179 0.984 0.000 0.090
 0.000 0.000 1.000 0.000
 0.000 0.000 0.000 1.000)

1.0494799613952637
(0.983 -0.182 0.000 0.492
 0.182 0.983 0.000 0.091
 0.000 0.000 1.000 0.000
 0.000 0.000 0.000 1.000)

1.0662281513214111
(0.983 -0.185 0.000 0.491
 0.185 0.983 0.000 0.093
 0.000 0.000 1.000 0.000
 0.000 0.000 0.000 1.000)

1.082909107208252
(0.982 -0.188 0.000 0.491
 0.188 0.982 0.000 0.094
 0.000 0.000 1.000 0.000
 0.000 0.000 0.000 1.000)

1.099626064300537
(0.982 -0.191 0.000 0.491
 0.191 0.982 0.000 0.095
 0.000 0.000 1.000 0.000
 0.000 0.000 0.000 1.000)

1.1163530349731445
(0.981 -0.194 0.000 0.491
 0.194 0.981 0.000 0.097
 0.000 0.000 1.000 0.000
 0.000 0.000 0.000 1.000)

1.1330950260162354
(0.981 -0.196 0.000 0.490
 0.196 0.981 0.000 0.098
 0.000 0.000 1.000 0.000
 0.000 0.000 0.000 1.000)

1.1498470306396484
(0.980 -0.199 0.000 0.490
 0.199 0.980 0.000 0.100
 0.000 0.000 1.000 0.000
 0.000 0.000 0.000 1.000)

1.166551113128662
(0.979 -0.202 0.000 0.490
 0.202 0.979 0.000 0.101
 0.000 0.000 1.000 0.000
 0.000 0.000 0.000 1.000)

1.1832661628723145
(0.979 -0.205 0.000 0.489
 0.205 0.979 0.000 0.103
 0.000 0.000 1.000 0.000
 0.000 0.000 0.000 1.000)

1.1999599933624268
(0.978 -0.208 0.000 0.489
 0.208 0.978 0.000 0.104
 0.000 0.000 1.000 0.000
 0.000 0.000 0.000 1.000)

1.216676950454712
(0.978 -0.211 0.000 0.489
 0.211 0.978 0.000 0.105
 0.000 0.000 1.000 0.000
 0.000 0.000 0.000 1.000)

1.2333531379699707
(0.977 -0.214 0.000 0.488
 0.214 0.977 0.000 0.107
 0.000 0.000 1.000 0.000
 0.000 0.000 0.000 1.000)

1.2501389980316162
(0.976 -0.216 0.000 0.488
 0.216 0.976 0.000 0.108
 0.000 0.000 1.000 0.000
 0.000 0.000 0.000 1.000)

1.266819953918457
(0.976 -0.219 0.000 0.488
 0.219 0.976 0.000 0.110
 0.000 0.000 1.000 0.000
 0.000 0.000 0.000 1.000)

1.283588171005249
(0.975 -0.222 0.000 0.488
 0.222 0.975 0.000 0.111
 0.000 0.000 1.000 0.000
 0.000 0.000 0.000 1.000)

1.3002591133117676
(0.974 -0.225 0.000 0.487
 0.225 0.974 0.000 0.112
 0.000 0.000 1.000 0.000
 0.000 0.000 0.000 1.000)

1.3169851303100586
(0.974 -0.228 0.000 0.487
 0.228 0.974 0.000 0.114
 0.000 0.000 1.000 0.000
 0.000 0.000 0.000 1.000)

1.3337221145629883
(0.973 -0.231 0.000 0.487
 0.231 0.973 0.000 0.115
 0.000 0.000 1.000 0.000
 0.000 0.000 0.000 1.000)

1.3505001068115234
(0.972 -0.234 0.000 0.486
 0.234 0.972 0.000 0.117
 0.000 0.000 1.000 0.000
 0.000 0.000 0.000 1.000)

1.367211103439331
(0.972 -0.236 0.000 0.486
 0.236 0.972 0.000 0.118
 0.000 0.000 1.000 0.000
 0.000 0.000 0.000 1.000)

1.3839221000671387
(0.971 -0.239 0.000 0.485
 0.239 0.971 0.000 0.120
 0.000 0.000 1.000 0.000
 0.000 0.000 0.000 1.000)

1.4006330966949463
(0.970 -0.242 0.000 0.485
 0.242 0.970 0.000 0.121
 0.000 0.000 1.000 0.000
 0.000 0.000 0.000 1.000)

1.417335033416748
(0.970 -0.245 0.000 0.485
 0.245 0.970 0.000 0.122
 0.000 0.000 1.000 0.000
 0.000 0.000 0.000 1.000)

1.434046983718872
(0.969 -0.248 0.000 0.484
 0.248 0.969 0.000 0.124
 0.000 0.000 1.000 0.000
 0.000 0.000 0.000 1.000)

1.4507460594177246
(0.968 -0.251 0.000 0.484
 0.251 0.968 0.000 0.125
 0.000 0.000 1.000 0.000
 0.000 0.000 0.000 1.000)

1.467468023300171
(0.967 -0.253 0.000 0.484
 0.253 0.967 0.000 0.127
 0.000 0.000 1.000 0.000
 0.000 0.000 0.000 1.000)

1.4841489791870117
(0.967 -0.256 0.000 0.483
 0.256 0.967 0.000 0.128
 0.000 0.000 1.000 0.000
 0.000 0.000 0.000 1.000)

1.500939130783081
(0.966 -0.259 0.000 0.483
 0.259 0.966 0.000 0.129
 0.000 0.000 1.000 0.000
 0.000 0.000 0.000 1.000)

1.5176491737365723
(0.965 -0.262 0.000 0.483
 0.262 0.965 0.000 0.131
 0.000 0.000 1.000 0.000
 0.000 0.000 0.000 1.000)

1.5343551635742188
(0.964 -0.265 0.000 0.482
 0.265 0.964 0.000 0.132
 0.000 0.000 1.000 0.000
 0.000 0.000 0.000 1.000)

1.5510680675506592
(0.964 -0.267 0.000 0.482
 0.267 0.964 0.000 0.134
 0.000 0.000 1.000 0.000
 0.000 0.000 0.000 1.000)

1.5677821636199951
(0.963 -0.270 0.000 0.481
 0.270 0.963 0.000 0.135
 0.000 0.000 1.000 0.000
 0.000 0.000 0.000 1.000)

1.584489107131958
(0.962 -0.273 0.000 0.481
 0.273 0.962 0.000 0.137
 0.000 0.000 1.000 0.000
 0.000 0.000 0.000 1.000)

1.6011991500854492
(0.961 -0.276 0.000 0.481
 0.276 0.961 0.000 0.138
 0.000 0.000 1.000 0.000
 0.000 0.000 0.000 1.000)

1.6179051399230957
(0.960 -0.279 0.000 0.480
 0.279 0.960 0.000 0.139
 0.000 0.000 1.000 0.000
 0.000 0.000 0.000 1.000)

1.6346120834350586
(0.960 -0.281 0.000 0.480
 0.281 0.960 0.000 0.141
 0.000 0.000 1.000 0.000
 0.000 0.000 0.000 1.000)

1.651324987411499
(0.959 -0.284 0.000 0.479
 0.284 0.959 0.000 0.142
 0.000 0.000 1.000 0.000
 0.000 0.000 0.000 1.000)

1.6680121421813965
(0.958 -0.287 0.000 0.479
 0.287 0.958 0.000 0.144
 0.000 0.000 1.000 0.000
 0.000 0.000 0.000 1.000)

1.6847319602966309
(0.957 -0.290 0.000 0.479
 0.290 0.957 0.000 0.145
 0.000 0.000 1.000 0.000
 0.000 0.000 0.000 1.000)

1.7014660835266113
(0.956 -0.293 0.000 0.478
 0.293 0.956 0.000 0.146
 0.000 0.000 1.000 0.000
 0.000 0.000 0.000 1.000)

1.7181899547576904
(0.955 -0.295 0.000 0.478
 0.295 0.955 0.000 0.148
 0.000 0.000 1.000 0.000
 0.000 0.000 0.000 1.000)

1.7349021434783936
(0.955 -0.298 0.000 0.477
 0.298 0.955 0.000 0.149
 0.000 0.000 1.000 0.000
 0.000 0.000 0.000 1.000)

1.7516450881958008
(0.954 -0.301 0.000 0.477
 0.301 0.954 0.000 0.150
 0.000 0.000 1.000 0.000
 0.000 0.000 0.000 1.000)

1.7683589458465576
(0.953 -0.304 0.000 0.476
 0.304 0.953 0.000 0.152
 0.000 0.000 1.000 0.000
 0.000 0.000 0.000 1.000)

1.7851059436798096
(0.952 -0.307 0.000 0.476
 0.307 0.952 0.000 0.153
 0.000 0.000 1.000 0.000
 0.000 0.000 0.000 1.000)

1.801872968673706
(0.951 -0.309 0.000 0.475
 0.309 0.951 0.000 0.155
 0.000 0.000 1.000 0.000
 0.000 0.000 0.000 1.000)

1.8185629844665527
(0.950 -0.312 0.000 0.475
 0.312 0.950 0.000 0.156
 0.000 0.000 1.000 0.000
 0.000 0.000 0.000 1.000)

1.8352861404418945
(0.949 -0.315 0.000 0.475
 0.315 0.949 0.000 0.157
 0.000 0.000 1.000 0.000
 0.000 0.000 0.000 1.000)

1.8520081043243408
(0.948 -0.318 0.000 0.474
 0.318 0.948 0.000 0.159
 0.000 0.000 1.000 0.000
 0.000 0.000 0.000 1.000)

1.8687381744384766
(0.947 -0.320 0.000 0.474
 0.320 0.947 0.000 0.160
 0.000 0.000 1.000 0.000
 0.000 0.000 0.000 1.000)

1.8855040073394775
(0.946 -0.323 0.000 0.473
 0.323 0.946 0.000 0.162
 0.000 0.000 1.000 0.000
 0.000 0.000 0.000 1.000)

1.9022259712219238
(0.945 -0.326 0.000 0.473
 0.326 0.945 0.000 0.163
 0.000 0.000 1.000 0.000
 0.000 0.000 0.000 1.000)

1.9189250469207764
(0.944 -0.329 0.000 0.472
 0.329 0.944 0.000 0.164
 0.000 0.000 1.000 0.000
 0.000 0.000 0.000 1.000)

1.935655117034912
(0.943 -0.331 0.000 0.472
 0.331 0.943 0.000 0.166
 0.000 0.000 1.000 0.000
 0.000 0.000 0.000 1.000)

1.9524221420288086
(0.943 -0.334 0.000 0.471
 0.334 0.943 0.000 0.167
 0.000 0.000 1.000 0.000
 0.000 0.000 0.000 1.000)

1.9690990447998047
(0.942 -0.337 0.000 0.471
 0.337 0.942 0.000 0.168
 0.000 0.000 1.000 0.000
 0.000 0.000 0.000 1.000)

1.9858660697937012
(0.941 -0.340 0.000 0.470
 0.340 0.941 0.000 0.170
 0.000 0.000 1.000 0.000
 0.000 0.000 0.000 1.000)

2.0025761127471924
(0.940 -0.342 0.000 0.470
 0.342 0.940 0.000 0.171
 0.000 0.000 1.000 0.000
 0.000 0.000 0.000 1.000)

2.0192861557006836
(0.939 -0.345 0.000 0.469
 0.345 0.939 0.000 0.173
 0.000 0.000 1.000 0.000
 0.000 0.000 0.000 1.000)

2.035994052886963
(0.938 -0.348 0.000 0.469
 0.348 0.938 0.000 0.174
 0.000 0.000 1.000 0.000
 0.000 0.000 0.000 1.000)

2.052694082260132
(0.937 -0.351 0.000 0.468
 0.351 0.937 0.000 0.175
 0.000 0.000 1.000 0.000
 0.000 0.000 0.000 1.000)

2.069470167160034
(0.935 -0.353 0.000 0.468
 0.353 0.935 0.000 0.177
 0.000 0.000 1.000 0.000
 0.000 0.000 0.000 1.000)

2.086151123046875
(0.934 -0.356 0.000 0.467
 0.356 0.934 0.000 0.178
 0.000 0.000 1.000 0.000
 0.000 0.000 0.000 1.000)

2.102877140045166
(0.933 -0.359 0.000 0.467
 0.359 0.933 0.000 0.179
 0.000 0.000 1.000 0.000
 0.000 0.000 0.000 1.000)

2.1196651458740234
(0.932 -0.362 0.000 0.466
 0.362 0.932 0.000 0.181
 0.000 0.000 1.000 0.000
 0.000 0.000 0.000 1.000)

2.1362640857696533
(0.931 -0.364 0.000 0.466
 0.364 0.931 0.000 0.182
 0.000 0.000 1.000 0.000
 0.000 0.000 0.000 1.000)

2.153064012527466
(0.930 -0.367 0.000 0.465
 0.367 0.930 0.000 0.183
 0.000 0.000 1.000 0.000
 0.000 0.000 0.000 1.000)

2.1697940826416016
(0.929 -0.370 0.000 0.465
 0.370 0.929 0.000 0.185
 0.000 0.000 1.000 0.000
 0.000 0.000 0.000 1.000)

2.186522960662842
(0.928 -0.372 0.000 0.464
 0.372 0.928 0.000 0.186
 0.000 0.000 1.000 0.000
 0.000 0.000 0.000 1.000)

2.203256130218506
(0.927 -0.375 0.000 0.463
 0.375 0.927 0.000 0.188
 0.000 0.000 1.000 0.000
 0.000 0.000 0.000 1.000)

2.219954013824463
(0.926 -0.378 0.000 0.463
 0.378 0.926 0.000 0.189
 0.000 0.000 1.000 0.000
 0.000 0.000 0.000 1.000)

2.236701011657715
(0.925 -0.381 0.000 0.462
 0.381 0.925 0.000 0.190
 0.000 0.000 1.000 0.000
 0.000 0.000 0.000 1.000)

2.253396987915039
(0.924 -0.383 0.000 0.462
 0.383 0.924 0.000 0.192
 0.000 0.000 1.000 0.000
 0.000 0.000 0.000 1.000)

2.2701549530029297
(0.923 -0.386 0.000 0.461
 0.386 0.923 0.000 0.193
 0.000 0.000 1.000 0.000
 0.000 0.000 0.000 1.000)

2.2868590354919434
(0.921 -0.389 0.000 0.461
 0.389 0.921 0.000 0.194
 0.000 0.000 1.000 0.000
 0.000 0.000 0.000 1.000)

2.3035459518432617
(0.920 -0.391 0.000 0.460
 0.391 0.920 0.000 0.196
 0.000 0.000 1.000 0.000
 0.000 0.000 0.000 1.000)

2.320307970046997
(0.919 -0.394 0.000 0.460
 0.394 0.919 0.000 0.197
 0.000 0.000 1.000 0.000
 0.000 0.000 0.000 1.000)

2.336992025375366
(0.918 -0.397 0.000 0.459
 0.397 0.918 0.000 0.198
 0.000 0.000 1.000 0.000
 0.000 0.000 0.000 1.000)

2.353731155395508
(0.917 -0.399 0.000 0.458
 0.399 0.917 0.000 0.200
 0.000 0.000 1.000 0.000
 0.000 0.000 0.000 1.000)

2.3704521656036377
(0.916 -0.402 0.000 0.458
 0.402 0.916 0.000 0.201
 0.000 0.000 1.000 0.000
 0.000 0.000 0.000 1.000)

2.387186050415039
(0.914 -0.405 0.000 0.457
 0.405 0.914 0.000 0.202
 0.000 0.000 1.000 0.000
 0.000 0.000 0.000 1.000)

2.4039220809936523
(0.913 -0.407 0.000 0.457
 0.407 0.913 0.000 0.204
 0.000 0.000 1.000 0.000
 0.000 0.000 0.000 1.000)

2.420668125152588
(0.912 -0.410 0.000 0.456
 0.410 0.912 0.000 0.205
 0.000 0.000 1.000 0.000
 0.000 0.000 0.000 1.000)

2.4373791217803955
(0.911 -0.413 0.000 0.455
 0.413 0.911 0.000 0.206
 0.000 0.000 1.000 0.000
 0.000 0.000 0.000 1.000)

2.4540340900421143
(0.910 -0.415 0.000 0.455
 0.415 0.910 0.000 0.208
 0.000 0.000 1.000 0.000
 0.000 0.000 0.000 1.000)

2.4707770347595215
(0.908 -0.418 0.000 0.454
 0.418 0.908 0.000 0.209
 0.000 0.000 1.000 0.000
 0.000 0.000 0.000 1.000)

2.487502098083496
(0.907 -0.421 0.000 0.454
 0.421 0.907 0.000 0.210
 0.000 0.000 1.000 0.000
 0.000 0.000 0.000 1.000)

2.5042221546173096
(0.906 -0.423 0.000 0.453
 0.423 0.906 0.000 0.212
 0.000 0.000 1.000 0.000
 0.000 0.000 0.000 1.000)

2.520998954772949
(0.905 -0.426 0.000 0.452
 0.426 0.905 0.000 0.213
 0.000 0.000 1.000 0.000
 0.000 0.000 0.000 1.000)

2.5377070903778076
(0.904 -0.429 0.000 0.452
 0.429 0.904 0.000 0.214
 0.000 0.000 1.000 0.000
 0.000 0.000 0.000 1.000)

2.554413080215454
(0.902 -0.431 0.000 0.451
 0.431 0.902 0.000 0.216
 0.000 0.000 1.000 0.000
 0.000 0.000 0.000 1.000)

2.5711100101470947
(0.901 -0.434 0.000 0.450
 0.434 0.901 0.000 0.217
 0.000 0.000 1.000 0.000
 0.000 0.000 0.000 1.000)

2.587825059890747
(0.900 -0.436 0.000 0.450
 0.436 0.900 0.000 0.218
 0.000 0.000 1.000 0.000
 0.000 0.000 0.000 1.000)

2.6045491695404053
(0.898 -0.439 0.000 0.449
 0.439 0.898 0.000 0.220
 0.000 0.000 1.000 0.000
 0.000 0.000 0.000 1.000)

2.6212880611419678
(0.897 -0.442 0.000 0.449
 0.442 0.897 0.000 0.221
 0.000 0.000 1.000 0.000
 0.000 0.000 0.000 1.000)

2.6380090713500977
(0.896 -0.444 0.000 0.448
 0.444 0.896 0.000 0.222
 0.000 0.000 1.000 0.000
 0.000 0.000 0.000 1.000)

2.6547231674194336
(0.895 -0.447 0.000 0.447
 0.447 0.895 0.000 0.223
 0.000 0.000 1.000 0.000
 0.000 0.000 0.000 1.000)

2.6713931560516357
(0.893 -0.450 0.000 0.447
 0.450 0.893 0.000 0.225
 0.000 0.000 1.000 0.000
 0.000 0.000 0.000 1.000)

2.6881461143493652
(0.892 -0.452 0.000 0.446
 0.452 0.892 0.000 0.226
 0.000 0.000 1.000 0.000
 0.000 0.000 0.000 1.000)

2.704857110977173
(0.891 -0.455 0.000 0.445
 0.455 0.891 0.000 0.227
 0.000 0.000 1.000 0.000
 0.000 0.000 0.000 1.000)

2.721519947052002
(0.889 -0.457 0.000 0.445
 0.457 0.889 0.000 0.229
 0.000 0.000 1.000 0.000
 0.000 0.000 0.000 1.000)

2.738229990005493
(0.888 -0.460 0.000 0.444
 0.460 0.888 0.000 0.230
 0.000 0.000 1.000 0.000
 0.000 0.000 0.000 1.000)

2.7549779415130615
(0.887 -0.463 0.000 0.443
 0.463 0.887 0.000 0.231
 0.000 0.000 1.000 0.000
 0.000 0.000 0.000 1.000)

2.771697998046875
(0.885 -0.465 0.000 0.443
 0.465 0.885 0.000 0.233
 0.000 0.000 1.000 0.000
 0.000 0.000 0.000 1.000)

2.7884671688079834
(0.884 -0.468 0.000 0.442
 0.468 0.884 0.000 0.234
 0.000 0.000 1.000 0.000
 0.000 0.000 0.000 1.000)

2.8051741123199463
(0.883 -0.470 0.000 0.441
 0.470 0.883 0.000 0.235
 0.000 0.000 1.000 0.000
 0.000 0.000 0.000 1.000)

2.8219411373138428
(0.881 -0.473 0.000 0.441
 0.473 0.881 0.000 0.236
 0.000 0.000 1.000 0.000
 0.000 0.000 0.000 1.000)

2.8386571407318115
(0.880 -0.475 0.000 0.440
 0.475 0.880 0.000 0.238
 0.000 0.000 1.000 0.000
 0.000 0.000 0.000 1.000)

2.855396032333374
(0.878 -0.478 0.000 0.439
 0.478 0.878 0.000 0.239
 0.000 0.000 1.000 0.000
 0.000 0.000 0.000 1.000)

2.8721301555633545
(0.877 -0.481 0.000 0.438
 0.481 0.877 0.000 0.240
 0.000 0.000 1.000 0.000
 0.000 0.000 0.000 1.000)

2.8889150619506836
(0.876 -0.483 0.000 0.438
 0.483 0.876 0.000 0.242
 0.000 0.000 1.000 0.000
 0.000 0.000 0.000 1.000)

2.905622959136963
(0.874 -0.486 0.000 0.437
 0.486 0.874 0.000 0.243
 0.000 0.000 1.000 0.000
 0.000 0.000 0.000 1.000)

2.922384023666382
(0.873 -0.488 0.000 0.436
 0.488 0.873 0.000 0.244
 0.000 0.000 1.000 0.000
 0.000 0.000 0.000 1.000)

2.93910813331604
(0.871 -0.491 0.000 0.436
 0.491 0.871 0.000 0.245
 0.000 0.000 1.000 0.000
 0.000 0.000 0.000 1.000)

2.955826997756958
(0.870 -0.493 0.000 0.435
 0.493 0.870 0.000 0.247
 0.000 0.000 1.000 0.000
 0.000 0.000 0.000 1.000)

2.9725501537323
(0.868 -0.496 0.000 0.434
 0.496 0.868 0.000 0.248
 0.000 0.000 1.000 0.000
 0.000 0.000 0.000 1.000)

2.989274024963379
(0.867 -0.498 0.000 0.433
 0.498 0.867 0.000 0.249
 0.000 0.000 1.000 0.000
 0.000 0.000 0.000 1.000)

3.005995035171509
(0.866 -0.501 0.000 0.433
 0.501 0.866 0.000 0.250
 0.000 0.000 1.000 0.000
 0.000 0.000 0.000 1.000)

3.0226809978485107
(0.864 -0.503 0.000 0.432
 0.503 0.864 0.000 0.252
 0.000 0.000 1.000 0.000
 0.000 0.000 0.000 1.000)

3.039419174194336
(0.863 -0.506 0.000 0.431
 0.506 0.863 0.000 0.253
 0.000 0.000 1.000 0.000
 0.000 0.000 0.000 1.000)

3.0562050342559814
(0.861 -0.508 0.000 0.431
 0.508 0.861 0.000 0.254
 0.000 0.000 1.000 0.000
 0.000 0.000 0.000 1.000)

3.0729219913482666
(0.860 -0.511 0.000 0.430
 0.511 0.860 0.000 0.255
 0.000 0.000 1.000 0.000
 0.000 0.000 0.000 1.000)

3.0896410942077637
(0.858 -0.513 0.000 0.429
 0.513 0.858 0.000 0.257
 0.000 0.000 1.000 0.000
 0.000 0.000 0.000 1.000)

3.106398105621338
(0.857 -0.516 0.000 0.428
 0.516 0.857 0.000 0.258
 0.000 0.000 1.000 0.000
 0.000 0.000 0.000 1.000)

3.1231369972229004
(0.855 -0.518 0.000 0.428
 0.518 0.855 0.000 0.259
 0.000 0.000 1.000 0.000
 0.000 0.000 0.000 1.000)

3.1398651599884033
(0.854 -0.521 0.000 0.427
 0.521 0.854 0.000 0.260
 0.000 0.000 1.000 0.000
 0.000 0.000 0.000 1.000)

3.1566059589385986
(0.852 -0.523 0.000 0.426
 0.523 0.852 0.000 0.262
 0.000 0.000 1.000 0.000
 0.000 0.000 0.000 1.000)

3.1733720302581787
(0.851 -0.526 0.000 0.425
 0.526 0.851 0.000 0.263
 0.000 0.000 1.000 0.000
 0.000 0.000 0.000 1.000)

3.1900999546051025
(0.849 -0.528 0.000 0.424
 0.528 0.849 0.000 0.264
 0.000 0.000 1.000 0.000
 0.000 0.000 0.000 1.000)

3.2067770957946777
(0.847 -0.531 0.000 0.424
 0.531 0.847 0.000 0.265
 0.000 0.000 1.000 0.000
 0.000 0.000 0.000 1.000)

3.2235169410705566
(0.846 -0.533 0.000 0.423
 0.533 0.846 0.000 0.267
 0.000 0.000 1.000 0.000
 0.000 0.000 0.000 1.000)

3.2402591705322266
(0.844 -0.536 0.000 0.422
 0.536 0.844 0.000 0.268
 0.000 0.000 1.000 0.000
 0.000 0.000 0.000 1.000)

3.257002115249634
(0.843 -0.538 0.000 0.421
 0.538 0.843 0.000 0.269
 0.000 0.000 1.000 0.000
 0.000 0.000 0.000 1.000)

3.273761034011841
(0.841 -0.541 0.000 0.421
 0.541 0.841 0.000 0.270
 0.000 0.000 1.000 0.000
 0.000 0.000 0.000 1.000)

3.290472984313965
(0.840 -0.543 0.000 0.420
 0.543 0.840 0.000 0.272
 0.000 0.000 1.000 0.000
 0.000 0.000 0.000 1.000)

3.307213068008423
(0.838 -0.546 0.000 0.419
 0.546 0.838 0.000 0.273
 0.000 0.000 1.000 0.000
 0.000 0.000 0.000 1.000)

3.323979139328003
(0.836 -0.548 0.000 0.418
 0.548 0.836 0.000 0.274
 0.000 0.000 1.000 0.000
 0.000 0.000 0.000 1.000)

3.340701103210449
(0.835 -0.551 0.000 0.417
 0.551 0.835 0.000 0.275
 0.000 0.000 1.000 0.000
 0.000 0.000 0.000 1.000)

3.35744309425354
(0.833 -0.553 0.000 0.417
 0.553 0.833 0.000 0.277
 0.000 0.000 1.000 0.000
 0.000 0.000 0.000 1.000)

3.37418794631958
(0.832 -0.555 0.000 0.416
 0.555 0.832 0.000 0.278
 0.000 0.000 1.000 0.000
 0.000 0.000 0.000 1.000)

3.390928030014038
(0.830 -0.558 0.000 0.415
 0.558 0.830 0.000 0.279
 0.000 0.000 1.000 0.000
 0.000 0.000 0.000 1.000)

3.4076650142669678
(0.828 -0.560 0.000 0.414
 0.560 0.828 0.000 0.280
 0.000 0.000 1.000 0.000
 0.000 0.000 0.000 1.000)

3.4244401454925537
(0.827 -0.563 0.000 0.413
 0.563 0.827 0.000 0.281
 0.000 0.000 1.000 0.000
 0.000 0.000 0.000 1.000)

3.4411470890045166
(0.825 -0.565 0.000 0.413
 0.565 0.825 0.000 0.283
 0.000 0.000 1.000 0.000
 0.000 0.000 0.000 1.000)

3.4578871726989746
(0.823 -0.568 0.000 0.412
 0.568 0.823 0.000 0.284
 0.000 0.000 1.000 0.000
 0.000 0.000 0.000 1.000)

3.474630117416382
(0.822 -0.570 0.000 0.411
 0.570 0.822 0.000 0.285
 0.000 0.000 1.000 0.000
 0.000 0.000 0.000 1.000)

3.4913690090179443
(0.820 -0.572 0.000 0.410
 0.572 0.820 0.000 0.286
 0.000 0.000 1.000 0.000
 0.000 0.000 0.000 1.000)

3.508108139038086
(0.818 -0.575 0.000 0.409
 0.575 0.818 0.000 0.287
 0.000 0.000 1.000 0.000
 0.000 0.000 0.000 1.000)

3.524851083755493
(0.817 -0.577 0.000 0.408
 0.577 0.817 0.000 0.289
 0.000 0.000 1.000 0.000
 0.000 0.000 0.000 1.000)

3.541591167449951
(0.815 -0.580 0.000 0.407
 0.580 0.815 0.000 0.290
 0.000 0.000 1.000 0.000
 0.000 0.000 0.000 1.000)

3.558351993560791
(0.813 -0.582 0.000 0.407
 0.582 0.813 0.000 0.291
 0.000 0.000 1.000 0.000
 0.000 0.000 0.000 1.000)

3.575045108795166
(0.812 -0.584 0.000 0.406
 0.584 0.812 0.000 0.292
 0.000 0.000 1.000 0.000
 0.000 0.000 0.000 1.000)

3.5918021202087402
(0.810 -0.587 0.000 0.405
 0.587 0.810 0.000 0.293
 0.000 0.000 1.000 0.000
 0.000 0.000 0.000 1.000)

3.6085469722747803
(0.808 -0.589 0.000 0.404
 0.589 0.808 0.000 0.294
 0.000 0.000 1.000 0.000
 0.000 0.000 0.000 1.000)

3.6252870559692383
(0.806 -0.591 0.000 0.403
 0.591 0.806 0.000 0.296
 0.000 0.000 1.000 0.000
 0.000 0.000 0.000 1.000)

3.6420180797576904
(0.805 -0.594 0.000 0.402
 0.594 0.805 0.000 0.297
 0.000 0.000 1.000 0.000
 0.000 0.000 0.000 1.000)

3.6587681770324707
(0.803 -0.596 0.000 0.401
 0.596 0.803 0.000 0.298
 0.000 0.000 1.000 0.000
 0.000 0.000 0.000 1.000)

3.675506114959717
(0.801 -0.598 0.000 0.401
 0.598 0.801 0.000 0.299
 0.000 0.000 1.000 0.000
 0.000 0.000 0.000 1.000)

3.6922390460968018
(0.799 -0.601 0.000 0.400
 0.601 0.799 0.000 0.300
 0.000 0.000 1.000 0.000
 0.000 0.000 0.000 1.000)

3.708994150161743
(0.798 -0.603 0.000 0.399
 0.603 0.798 0.000 0.302
 0.000 0.000 1.000 0.000
 0.000 0.000 0.000 1.000)

3.7257659435272217
(0.796 -0.605 0.000 0.398
 0.605 0.796 0.000 0.303
 0.000 0.000 1.000 0.000
 0.000 0.000 0.000 1.000)

3.742478132247925
(0.794 -0.608 0.000 0.397
 0.608 0.794 0.000 0.304
 0.000 0.000 1.000 0.000
 0.000 0.000 0.000 1.000)

3.759216070175171
(0.792 -0.610 0.000 0.396
 0.610 0.792 0.000 0.305
 0.000 0.000 1.000 0.000
 0.000 0.000 0.000 1.000)

3.775979995727539
(0.791 -0.612 0.000 0.395
 0.612 0.791 0.000 0.306
 0.000 0.000 1.000 0.000
 0.000 0.000 0.000 1.000)

3.792699098587036
(0.789 -0.615 0.000 0.394
 0.615 0.789 0.000 0.307
 0.000 0.000 1.000 0.000
 0.000 0.000 0.000 1.000)

3.8094420433044434
(0.787 -0.617 0.000 0.393
 0.617 0.787 0.000 0.308
 0.000 0.000 1.000 0.000
 0.000 0.000 0.000 1.000)

3.8261871337890625
(0.785 -0.619 0.000 0.393
 0.619 0.785 0.000 0.310
 0.000 0.000 1.000 0.000
 0.000 0.000 0.000 1.000)

3.8429269790649414
(0.783 -0.622 0.000 0.392
 0.622 0.783 0.000 0.311
 0.000 0.000 1.000 0.000
 0.000 0.000 0.000 1.000)

3.859708070755005
(0.782 -0.624 0.000 0.391
 0.624 0.782 0.000 0.312
 0.000 0.000 1.000 0.000
 0.000 0.000 0.000 1.000)

3.876404047012329
(0.780 -0.626 0.000 0.390
 0.626 0.780 0.000 0.313
 0.000 0.000 1.000 0.000
 0.000 0.000 0.000 1.000)

3.8931381702423096
(0.778 -0.628 0.000 0.389
 0.628 0.778 0.000 0.314
 0.000 0.000 1.000 0.000
 0.000 0.000 0.000 1.000)

3.909862995147705
(0.776 -0.631 0.000 0.388
 0.631 0.776 0.000 0.315
 0.000 0.000 1.000 0.000
 0.000 0.000 0.000 1.000)

3.9266200065612793
(0.774 -0.633 0.000 0.387
 0.633 0.774 0.000 0.316
 0.000 0.000 1.000 0.000
 0.000 0.000 0.000 1.000)

3.943341016769409
(0.772 -0.635 0.000 0.386
 0.635 0.772 0.000 0.318
 0.000 0.000 1.000 0.000
 0.000 0.000 0.000 1.000)

3.9600231647491455
(0.771 -0.637 0.000 0.385
 0.637 0.771 0.000 0.319
 0.000 0.000 1.000 0.000
 0.000 0.000 0.000 1.000)

3.9767820835113525
(0.769 -0.640 0.000 0.384
 0.640 0.769 0.000 0.320
 0.000 0.000 1.000 0.000
 0.000 0.000 0.000 1.000)

3.993499994277954
(0.767 -0.642 0.000 0.383
 0.642 0.767 0.000 0.321
 0.000 0.000 1.000 0.000
 0.000 0.000 0.000 1.000)

4.010186195373535
(0.765 -0.644 0.000 0.382
 0.644 0.765 0.000 0.322
 0.000 0.000 1.000 0.000
 0.000 0.000 0.000 1.000)

4.026900291442871
(0.763 -0.646 0.000 0.382
 0.646 0.763 0.000 0.323
 0.000 0.000 1.000 0.000
 0.000 0.000 0.000 1.000)

4.04362678527832
(0.761 -0.649 0.000 0.381
 0.649 0.761 0.000 0.324
 0.000 0.000 1.000 0.000
 0.000 0.000 0.000 1.000)

4.060395240783691
(0.759 -0.651 0.000 0.380
 0.651 0.759 0.000 0.325
 0.000 0.000 1.000 0.000
 0.000 0.000 0.000 1.000)

4.077101707458496
(0.757 -0.653 0.000 0.379
 0.653 0.757 0.000 0.327
 0.000 0.000 1.000 0.000
 0.000 0.000 0.000 1.000)

4.0938310623168945
(0.755 -0.655 0.000 0.378
 0.655 0.755 0.000 0.328
 0.000 0.000 1.000 0.000
 0.000 0.000 0.000 1.000)

4.110550880432129
(0.754 -0.657 0.000 0.377
 0.657 0.754 0.000 0.329
 0.000 0.000 1.000 0.000
 0.000 0.000 0.000 1.000)

4.1272711753845215
(0.752 -0.660 0.000 0.376
 0.660 0.752 0.000 0.330
 0.000 0.000 1.000 0.000
 0.000 0.000 0.000 1.000)

4.1439690589904785
(0.750 -0.662 0.000 0.375
 0.662 0.750 0.000 0.331
 0.000 0.000 1.000 0.000
 0.000 0.000 0.000 1.000)

4.160676002502441
(0.748 -0.664 0.000 0.374
 0.664 0.748 0.000 0.332
 0.000 0.000 1.000 0.000
 0.000 0.000 0.000 1.000)

4.177436828613281
(0.746 -0.666 0.000 0.373
 0.666 0.746 0.000 0.333
 0.000 0.000 1.000 0.000
 0.000 0.000 0.000 1.000)

4.194118022918701
(0.744 -0.668 0.000 0.372
 0.668 0.744 0.000 0.334
 0.000 0.000 1.000 0.000
 0.000 0.000 0.000 1.000)

4.210831165313721
(0.742 -0.671 0.000 0.371
 0.671 0.742 0.000 0.335
 0.000 0.000 1.000 0.000
 0.000 0.000 0.000 1.000)

4.227604866027832
(0.740 -0.673 0.000 0.370
 0.673 0.740 0.000 0.336
 0.000 0.000 1.000 0.000
 0.000 0.000 0.000 1.000)

4.244327068328857
(0.738 -0.675 0.000 0.369
 0.675 0.738 0.000 0.337
 0.000 0.000 1.000 0.000
 0.000 0.000 0.000 1.000)

4.261007308959961
(0.736 -0.677 0.000 0.368
 0.677 0.736 0.000 0.339
 0.000 0.000 1.000 0.000
 0.000 0.000 0.000 1.000)

4.277750015258789
(0.734 -0.679 0.000 0.367
 0.679 0.734 0.000 0.340
 0.000 0.000 1.000 0.000
 0.000 0.000 0.000 1.000)

4.294394016265869
(0.732 -0.681 0.000 0.366
 0.681 0.732 0.000 0.341
 0.000 0.000 1.000 0.000
 0.000 0.000 0.000 1.000)

4.311169147491455
(0.730 -0.683 0.000 0.365
 0.683 0.730 0.000 0.342
 0.000 0.000 1.000 0.000
 0.000 0.000 0.000 1.000)

4.327914237976074
(0.728 -0.686 0.000 0.364
 0.686 0.728 0.000 0.343
 0.000 0.000 1.000 0.000
 0.000 0.000 0.000 1.000)

4.344647407531738
(0.726 -0.688 0.000 0.363
 0.688 0.726 0.000 0.344
 0.000 0.000 1.000 0.000
 0.000 0.000 0.000 1.000)

4.3613810539245605
(0.724 -0.690 0.000 0.362
 0.690 0.724 0.000 0.345
 0.000 0.000 1.000 0.000
 0.000 0.000 0.000 1.000)

4.378119945526123
(0.722 -0.692 0.000 0.361
 0.692 0.722 0.000 0.346
 0.000 0.000 1.000 0.000
 0.000 0.000 0.000 1.000)

4.394878387451172
(0.720 -0.694 0.000 0.360
 0.694 0.720 0.000 0.347
 0.000 0.000 1.000 0.000
 0.000 0.000 0.000 1.000)

4.411602020263672
(0.718 -0.696 0.000 0.359
 0.696 0.718 0.000 0.348
 0.000 0.000 1.000 0.000
 0.000 0.000 0.000 1.000)

4.428323745727539
(0.716 -0.698 0.000 0.358
 0.698 0.716 0.000 0.349
 0.000 0.000 1.000 0.000
 0.000 0.000 0.000 1.000)

4.445044994354248
(0.714 -0.700 0.000 0.357
 0.700 0.714 0.000 0.350
 0.000 0.000 1.000 0.000
 0.000 0.000 0.000 1.000)

4.461764335632324
(0.712 -0.702 0.000 0.356
 0.702 0.712 0.000 0.351
 0.000 0.000 1.000 0.000
 0.000 0.000 0.000 1.000)

4.478488922119141
(0.710 -0.704 0.000 0.355
 0.704 0.710 0.000 0.352
 0.000 0.000 1.000 0.000
 0.000 0.000 0.000 1.000)

4.495204925537109
(0.708 -0.707 0.000 0.354
 0.707 0.708 0.000 0.353
 0.000 0.000 1.000 0.000
 0.000 0.000 0.000 1.000)

4.5119171142578125
(0.706 -0.709 0.000 0.353
 0.709 0.706 0.000 0.354
 0.000 0.000 1.000 0.000
 0.000 0.000 0.000 1.000)

4.528625965118408
(0.704 -0.711 0.000 0.352
 0.711 0.704 0.000 0.355
 0.000 0.000 1.000 0.000
 0.000 0.000 0.000 1.000)

4.5453200340271
(0.701 -0.713 0.000 0.351
 0.713 0.701 0.000 0.356
 0.000 0.000 1.000 0.000
 0.000 0.000 0.000 1.000)

4.562075138092041
(0.699 -0.715 0.000 0.350
 0.715 0.699 0.000 0.357
 0.000 0.000 1.000 0.000
 0.000 0.000 0.000 1.000)

4.5787353515625
(0.697 -0.717 0.000 0.349
 0.717 0.697 0.000 0.358
 0.000 0.000 1.000 0.000
 0.000 0.000 0.000 1.000)

4.595489025115967
(0.695 -0.719 0.000 0.348
 0.719 0.695 0.000 0.359
 0.000 0.000 1.000 0.000
 0.000 0.000 0.000 1.000)

4.612203121185303
(0.693 -0.721 0.000 0.347
 0.721 0.693 0.000 0.360
 0.000 0.000 1.000 0.000
 0.000 0.000 0.000 1.000)

4.628933906555176
(0.691 -0.723 0.000 0.346
 0.723 0.691 0.000 0.361
 0.000 0.000 1.000 0.000
 0.000 0.000 0.000 1.000)

4.645652770996094
(0.689 -0.725 0.000 0.344
 0.725 0.689 0.000 0.362
 0.000 0.000 1.000 0.000
 0.000 0.000 0.000 1.000)

4.662374019622803
(0.687 -0.727 0.000 0.343
 0.727 0.687 0.000 0.363
 0.000 0.000 1.000 0.000
 0.000 0.000 0.000 1.000)

4.679096221923828
(0.685 -0.729 0.000 0.342
 0.729 0.685 0.000 0.364
 0.000 0.000 1.000 0.000
 0.000 0.000 0.000 1.000)

4.695821762084961
(0.683 -0.731 0.000 0.341
 0.731 0.683 0.000 0.365
 0.000 0.000 1.000 0.000
 0.000 0.000 0.000 1.000)

4.7125420570373535
(0.680 -0.733 0.000 0.340
 0.733 0.680 0.000 0.366
 0.000 0.000 1.000 0.000
 0.000 0.000 0.000 1.000)

4.729259967803955
(0.678 -0.735 0.000 0.339
 0.735 0.678 0.000 0.367
 0.000 0.000 1.000 0.000
 0.000 0.000 0.000 1.000)

4.745939254760742
(0.676 -0.737 0.000 0.338
 0.737 0.676 0.000 0.368
 0.000 0.000 1.000 0.000
 0.000 0.000 0.000 1.000)

4.762697219848633
(0.674 -0.739 0.000 0.337
 0.739 0.674 0.000 0.369
 0.000 0.000 1.000 0.000
 0.000 0.000 0.000 1.000)

4.779417991638184
(0.672 -0.741 0.000 0.336
 0.741 0.672 0.000 0.370
 0.000 0.000 1.000 0.000
 0.000 0.000 0.000 1.000)

4.796133995056152
(0.670 -0.743 0.000 0.335
 0.743 0.670 0.000 0.371
 0.000 0.000 1.000 0.000
 0.000 0.000 0.000 1.000)

4.812854766845703
(0.667 -0.745 0.000 0.334
 0.745 0.667 0.000 0.372
 0.000 0.000 1.000 0.000
 0.000 0.000 0.000 1.000)

4.8295769691467285
(0.665 -0.747 0.000 0.333
 0.747 0.665 0.000 0.373
 0.000 0.000 1.000 0.000
 0.000 0.000 0.000 1.000)

4.846266746520996
(0.663 -0.749 0.000 0.332
 0.749 0.663 0.000 0.374
 0.000 0.000 1.000 0.000
 0.000 0.000 0.000 1.000)

4.863024711608887
(0.661 -0.750 0.000 0.330
 0.750 0.661 0.000 0.375
 0.000 0.000 1.000 0.000
 0.000 0.000 0.000 1.000)

4.879749298095703
(0.659 -0.752 0.000 0.329
 0.752 0.659 0.000 0.376
 0.000 0.000 1.000 0.000
 0.000 0.000 0.000 1.000)

4.8964738845825195
(0.657 -0.754 0.000 0.328
 0.754 0.657 0.000 0.377
 0.000 0.000 1.000 0.000
 0.000 0.000 0.000 1.000)

4.913200378417969
(0.654 -0.756 0.000 0.327
 0.756 0.654 0.000 0.378
 0.000 0.000 1.000 0.000
 0.000 0.000 0.000 1.000)

4.929922103881836
(0.652 -0.758 0.000 0.326
 0.758 0.652 0.000 0.379
 0.000 0.000 1.000 0.000
 0.000 0.000 0.000 1.000)

4.94664192199707
(0.650 -0.760 0.000 0.325
 0.760 0.650 0.000 0.380
 0.000 0.000 1.000 0.000
 0.000 0.000 0.000 1.000)

4.963359832763672
(0.648 -0.762 0.000 0.324
 0.762 0.648 0.000 0.381
 0.000 0.000 1.000 0.000
 0.000 0.000 0.000 1.000)

4.980032920837402
(0.645 -0.764 0.000 0.323
 0.764 0.645 0.000 0.382
 0.000 0.000 1.000 0.000
 0.000 0.000 0.000 1.000)

4.996804237365723
(0.643 -0.766 0.000 0.322
 0.766 0.643 0.000 0.383
 0.000 0.000 1.000 0.000
 0.000 0.000 0.000 1.000)

5.013484001159668
(0.641 -0.768 0.000 0.320
 0.768 0.641 0.000 0.384
 0.000 0.000 1.000 0.000
 0.000 0.000 0.000 1.000)

5.030204772949219
(0.639 -0.769 0.000 0.319
 0.769 0.639 0.000 0.385
 0.000 0.000 1.000 0.000
 0.000 0.000 0.000 1.000)

5.046979904174805
(0.636 -0.771 0.000 0.318
 0.771 0.636 0.000 0.386
 0.000 0.000 1.000 0.000
 0.000 0.000 0.000 1.000)

5.063671112060547
(0.634 -0.773 0.000 0.317
 0.773 0.634 0.000 0.387
 0.000 0.000 1.000 0.000
 0.000 0.000 0.000 1.000)

5.080432891845703
(0.632 -0.775 0.000 0.316
 0.775 0.632 0.000 0.387
 0.000 0.000 1.000 0.000
 0.000 0.000 0.000 1.000)

5.097150802612305
(0.630 -0.777 0.000 0.315
 0.777 0.630 0.000 0.388
 0.000 0.000 1.000 0.000
 0.000 0.000 0.000 1.000)

5.113850116729736
(0.627 -0.779 0.000 0.314
 0.779 0.627 0.000 0.389
 0.000 0.000 1.000 0.000
 0.000 0.000 0.000 1.000)

5.130592346191406
(0.625 -0.780 0.000 0.313
 0.780 0.625 0.000 0.390
 0.000 0.000 1.000 0.000
 0.000 0.000 0.000 1.000)

5.1473259925842285
(0.623 -0.782 0.000 0.311
 0.782 0.623 0.000 0.391
 0.000 0.000 1.000 0.000
 0.000 0.000 0.000 1.000)

5.164100170135498
(0.621 -0.784 0.000 0.310
 0.784 0.621 0.000 0.392
 0.000 0.000 1.000 0.000
 0.000 0.000 0.000 1.000)

5.180807113647461
(0.618 -0.786 0.000 0.309
 0.786 0.618 0.000 0.393
 0.000 0.000 1.000 0.000
 0.000 0.000 0.000 1.000)

5.197566032409668
(0.616 -0.788 0.000 0.308
 0.788 0.616 0.000 0.394
 0.000 0.000 1.000 0.000
 0.000 0.000 0.000 1.000)

5.214306831359863
(0.614 -0.790 0.000 0.307
 0.790 0.614 0.000 0.395
 0.000 0.000 1.000 0.000
 0.000 0.000 0.000 1.000)

5.231050968170166
(0.611 -0.791 0.000 0.306
 0.791 0.611 0.000 0.396
 0.000 0.000 1.000 0.000
 0.000 0.000 0.000 1.000)

5.247787952423096
(0.609 -0.793 0.000 0.305
 0.793 0.609 0.000 0.397
 0.000 0.000 1.000 0.000
 0.000 0.000 0.000 1.000)

5.26452112197876
(0.607 -0.795 0.000 0.303
 0.795 0.607 0.000 0.397
 0.000 0.000 1.000 0.000
 0.000 0.000 0.000 1.000)

5.281250953674316
(0.604 -0.797 0.000 0.302
 0.797 0.604 0.000 0.398
 0.000 0.000 1.000 0.000
 0.000 0.000 0.000 1.000)

5.297981262207031
(0.602 -0.798 0.000 0.301
 0.798 0.602 0.000 0.399
 0.000 0.000 1.000 0.000
 0.000 0.000 0.000 1.000)

5.314667701721191
(0.600 -0.800 0.000 0.300
 0.800 0.600 0.000 0.400
 0.000 0.000 1.000 0.000
 0.000 0.000 0.000 1.000)

5.3313889503479
(0.597 -0.802 0.000 0.299
 0.802 0.597 0.000 0.401
 0.000 0.000 1.000 0.000
 0.000 0.000 0.000 1.000)

5.348089218139648
(0.595 -0.804 0.000 0.298
 0.804 0.595 0.000 0.402
 0.000 0.000 1.000 0.000
 0.000 0.000 0.000 1.000)

5.364818096160889
(0.593 -0.805 0.000 0.296
 0.805 0.593 0.000 0.403
 0.000 0.000 1.000 0.000
 0.000 0.000 0.000 1.000)

5.3815531730651855
(0.590 -0.807 0.000 0.295
 0.807 0.590 0.000 0.404
 0.000 0.000 1.000 0.000
 0.000 0.000 0.000 1.000)

5.398284912109375
(0.588 -0.809 0.000 0.294
 0.809 0.588 0.000 0.404
 0.000 0.000 1.000 0.000
 0.000 0.000 0.000 1.000)

5.415008068084717
(0.586 -0.811 0.000 0.293
 0.811 0.586 0.000 0.405
 0.000 0.000 1.000 0.000
 0.000 0.000 0.000 1.000)

5.431731224060059
(0.583 -0.812 0.000 0.292
 0.812 0.583 0.000 0.406
 0.000 0.000 1.000 0.000
 0.000 0.000 0.000 1.000)

5.448456764221191
(0.581 -0.814 0.000 0.290
 0.814 0.581 0.000 0.407
 0.000 0.000 1.000 0.000
 0.000 0.000 0.000 1.000)

5.465177059173584
(0.579 -0.816 0.000 0.289
 0.816 0.579 0.000 0.408
 0.000 0.000 1.000 0.000
 0.000 0.000 0.000 1.000)

5.481899261474609
(0.576 -0.817 0.000 0.288
 0.817 0.576 0.000 0.409
 0.000 0.000 1.000 0.000
 0.000 0.000 0.000 1.000)

5.49863338470459
(0.574 -0.819 0.000 0.287
 0.819 0.574 0.000 0.410
 0.000 0.000 1.000 0.000
 0.000 0.000 0.000 1.000)

5.5153093338012695
(0.571 -0.821 0.000 0.286
 0.821 0.571 0.000 0.410
 0.000 0.000 1.000 0.000
 0.000 0.000 0.000 1.000)

5.53203010559082
(0.569 -0.822 0.000 0.284
 0.822 0.569 0.000 0.411
 0.000 0.000 1.000 0.000
 0.000 0.000 0.000 1.000)

5.548742294311523
