23.171457290649414
(0.907 -0.352 -0.229 -0.490
 0.198 0.840 -0.506 1.300
 0.371 0.413 0.832 1.181
 0.000 0.000 0.000 1.000)

23.321542739868164
(0.893 -0.393 -0.220 -0.363
 0.269 0.858 -0.437 1.267
 0.361 0.331 0.872 1.049
 0.000 0.000 0.000 1.000)

23.33912467956543
(0.892 -0.399 -0.212 -0.350
 0.279 0.855 -0.437 1.266
 0.356 0.330 0.874 1.035
 0.000 0.000 0.000 1.000)

23.355838775634766
(0.889 -0.411 -0.202 -0.336
 0.298 0.854 -0.426 1.264
 0.347 0.318 0.882 1.020
 0.000 0.000 0.000 1.000)

23.37252426147461
(0.883 -0.429 -0.192 -0.323
 0.320 0.848 -0.423 1.265
 0.344 0.312 0.886 1.007
 0.000 0.000 0.000 1.000)

23.389223098754883
(0.876 -0.440 -0.196 -0.308
 0.335 0.850 -0.406 1.264
 0.346 0.290 0.892 0.993
 0.000 0.000 0.000 1.000)

23.40586280822754
(0.875 -0.435 -0.212 -0.292
 0.325 0.853 -0.409 1.264
 0.358 0.290 0.887 0.980
 0.000 0.000 0.000 1.000)

23.42253303527832
(0.878 -0.427 -0.217 -0.278
 0.321 0.861 -0.395 1.264
 0.356 0.277 0.892 0.965
 0.000 0.000 0.000 1.000)

23.43913459777832
(0.885 -0.410 -0.221 -0.264
 0.311 0.874 -0.373 1.263
 0.346 0.261 0.901 0.950
 0.000 0.000 0.000 1.000)

23.455867767333984
(0.888 -0.409 -0.210 -0.252
 0.318 0.876 -0.363 1.265
 0.332 0.256 0.908 0.935
 0.000 0.000 0.000 1.000)

23.472558975219727
(0.885 -0.417 -0.207 -0.240
 0.334 0.879 -0.340 1.265
 0.324 0.231 0.917 0.920
 0.000 0.000 0.000 1.000)

23.489259719848633
(0.882 -0.426 -0.200 -0.230
 0.352 0.879 -0.323 1.269
 0.313 0.214 0.925 0.905
 0.000 0.000 0.000 1.000)

23.505916595458984
(0.887 -0.423 -0.187 -0.222
 0.347 0.876 -0.334 1.275
 0.306 0.231 0.924 0.891
 0.000 0.000 0.000 1.000)

23.53833770751953
(0.904 -0.388 -0.178 -0.214
 0.313 0.886 -0.341 1.280
 0.290 0.253 0.923 0.878
 0.000 0.000 0.000 1.000)

23.555953979492188
(0.922 -0.348 -0.169 -0.208
 0.273 0.894 -0.355 1.285
 0.274 0.281 0.920 0.866
 0.000 0.000 0.000 1.000)

23.572677612304688
(0.936 -0.318 -0.149 -0.198
 0.251 0.903 -0.349 1.290
 0.246 0.289 0.925 0.839
 0.000 0.000 0.000 1.000)

23.58933448791504
(0.934 -0.330 -0.137 -0.195
 0.271 0.904 -0.330 1.291
 0.233 0.271 0.934 0.826
 0.000 0.000 0.000 1.000)

23.60599708557129
(0.935 -0.338 -0.112 -0.193
 0.288 0.902 -0.321 1.294
 0.209 0.268 0.940 0.814
 0.000 0.000 0.000 1.000)

23.622610092163086
(0.938 -0.335 -0.092 -0.192
 0.290 0.900 -0.325 1.298
 0.191 0.278 0.941 0.803
 0.000 0.000 0.000 1.000)

23.63943862915039
(0.944 -0.323 -0.069 -0.190
 0.282 0.895 -0.346 1.304
 0.173 0.307 0.936 0.793
 0.000 0.000 0.000 1.000)

23.656070709228516
(0.949 -0.311 -0.055 -0.188
 0.273 0.894 -0.355 1.308
 0.160 0.322 0.933 0.784
 0.000 0.000 0.000 1.000)

23.672727584838867
(0.954 -0.297 -0.048 -0.185
 0.261 0.896 -0.359 1.311
 0.149 0.330 0.932 0.774
 0.000 0.000 0.000 1.000)

23.689353942871094
(0.958 -0.282 -0.043 -0.182
 0.249 0.900 -0.359 1.313
 0.140 0.333 0.932 0.764
 0.000 0.000 0.000 1.000)

23.706050872802734
(0.966 -0.255 -0.042 -0.178
 0.226 0.912 -0.342 1.312
 0.126 0.321 0.939 0.752
 0.000 0.000 0.000 1.000)

23.722702026367188
(0.973 -0.229 -0.039 -0.175
 0.203 0.920 -0.335 1.312
 0.113 0.318 0.941 0.741
 0.000 0.000 0.000 1.000)

23.73943328857422
(0.978 -0.207 -0.030 -0.172
 0.187 0.928 -0.324 1.309
 0.094 0.311 0.946 0.728
 0.000 0.000 0.000 1.000)

23.756086349487305
(0.981 -0.194 -0.023 -0.170
 0.178 0.934 -0.309 1.307
 0.081 0.299 0.951 0.716
 0.000 0.000 0.000 1.000)

23.788488388061523
(0.981 -0.196 -0.000 -0.170
 0.186 0.935 -0.302 1.305
 0.059 0.296 0.953 0.704
 0.000 0.000 0.000 1.000)

23.80604362487793
(0.977 -0.210 0.044 -0.171
 0.214 0.942 -0.260 1.299
 0.014 0.264 0.965 0.678
 0.000 0.000 0.000 1.000)

23.82272720336914
(0.975 -0.212 0.067 -0.172
 0.222 0.943 -0.247 1.296
 -0.011 0.256 0.967 0.666
 0.000 0.000 0.000 1.000)

23.839492797851562
(0.973 -0.212 0.090 -0.173
 0.227 0.946 -0.233 1.293
 -0.036 0.247 0.968 0.653
 0.000 0.000 0.000 1.000)

23.85616683959961
(0.971 -0.212 0.110 -0.173
 0.232 0.950 -0.211 1.289
 -0.059 0.230 0.971 0.640
 0.000 0.000 0.000 1.000)

23.872817993164062
(0.968 -0.217 0.126 -0.172
 0.239 0.952 -0.194 1.286
 -0.077 0.217 0.973 0.627
 0.000 0.000 0.000 1.000)

23.8895206451416
(0.964 -0.226 0.139 -0.170
 0.249 0.952 -0.177 1.282
 -0.093 0.205 0.974 0.613
 0.000 0.000 0.000 1.000)

23.906126022338867
(0.960 -0.237 0.146 -0.168
 0.259 0.953 -0.156 1.279
 -0.102 0.188 0.977 0.600
 0.000 0.000 0.000 1.000)

23.92279052734375
(0.957 -0.242 0.157 -0.166
 0.264 0.955 -0.137 1.275
 -0.117 0.173 0.978 0.586
 0.000 0.000 0.000 1.000)

23.93954086303711
(0.955 -0.245 0.168 -0.164
 0.267 0.955 -0.129 1.273
 -0.129 0.168 0.977 0.571
 0.000 0.000 0.000 1.000)

23.956188201904297
(0.950 -0.251 0.183 -0.161
 0.276 0.953 -0.125 1.271
 -0.143 0.170 0.975 0.557
 0.000 0.000 0.000 1.000)

23.97286605834961
(0.948 -0.255 0.191 -0.158
 0.280 0.952 -0.121 1.270
 -0.151 0.168 0.974 0.542
 0.000 0.000 0.000 1.000)

23.989551544189453
(0.948 -0.253 0.192 -0.153
 0.278 0.954 -0.113 1.268
 -0.155 0.160 0.975 0.527
 0.000 0.000 0.000 1.000)

24.006277084350586
(0.948 -0.255 0.190 -0.148
 0.276 0.957 -0.091 1.265
 -0.159 0.139 0.978 0.512
 0.000 0.000 0.000 1.000)

24.038637161254883
(0.947 -0.261 0.189 -0.142
 0.280 0.957 -0.078 1.262
 -0.160 0.126 0.979 0.496
 0.000 0.000 0.000 1.000)

24.056228637695312
(0.936 -0.297 0.187 -0.132
 0.310 0.950 -0.044 1.257
 -0.165 0.099 0.981 0.464
 0.000 0.000 0.000 1.000)

24.072978973388672
(0.931 -0.312 0.190 -0.127
 0.324 0.946 -0.032 1.255
 -0.169 0.092 0.981 0.448
 0.000 0.000 0.000 1.000)

24.089609146118164
(0.924 -0.330 0.193 -0.122
 0.339 0.941 -0.017 1.253
 -0.176 0.081 0.981 0.433
 0.000 0.000 0.000 1.000)

24.106260299682617
(0.918 -0.344 0.196 -0.116
 0.351 0.936 -0.001 1.251
 -0.184 0.070 0.981 0.419
 0.000 0.000 0.000 1.000)

24.12293815612793
(0.914 -0.355 0.198 -0.110
 0.361 0.933 0.007 1.251
 -0.187 0.065 0.980 0.405
 0.000 0.000 0.000 1.000)

24.139667510986328
(0.913 -0.356 0.197 -0.103
 0.363 0.932 0.005 1.252
 -0.185 0.067 0.980 0.392
 0.000 0.000 0.000 1.000)

24.156335830688477
(0.918 -0.348 0.191 -0.094
 0.355 0.935 -0.001 1.253
 -0.178 0.068 0.982 0.380
 0.000 0.000 0.000 1.000)

24.173004150390625
(0.926 -0.335 0.177 -0.084
 0.340 0.940 -0.001 1.254
 -0.166 0.061 0.984 0.369
 0.000 0.000 0.000 1.000)

24.189680099487305
(0.933 -0.322 0.163 -0.074
 0.326 0.945 0.000 1.255
 -0.154 0.053 0.987 0.359
 0.000 0.000 0.000 1.000)

24.206281661987305
(0.939 -0.307 0.155 -0.065
 0.311 0.950 -0.008 1.258
 -0.145 0.056 0.988 0.349
 0.000 0.000 0.000 1.000)

24.223012924194336
(0.944 -0.296 0.147 -0.056
 0.301 0.954 -0.014 1.261
 -0.136 0.057 0.989 0.340
 0.000 0.000 0.000 1.000)

24.239723205566406
(0.947 -0.290 0.141 -0.046
 0.296 0.955 -0.020 1.264
 -0.128 0.061 0.990 0.331
 0.000 0.000 0.000 1.000)

24.27210807800293
(0.949 -0.286 0.133 -0.037
 0.292 0.956 -0.027 1.266
 -0.120 0.065 0.991 0.321
 0.000 0.000 0.000 1.000)

24.289770126342773
(0.956 -0.267 0.120 -0.019
 0.273 0.961 -0.035 1.271
 -0.106 0.066 0.992 0.302
 0.000 0.000 0.000 1.000)

24.306331634521484
(0.961 -0.253 0.113 -0.009
 0.259 0.965 -0.042 1.274
 -0.098 0.069 0.993 0.292
 0.000 0.000 0.000 1.000)

24.322998046875
(0.965 -0.238 0.105 -0.000
 0.244 0.969 -0.047 1.276
 -0.091 0.072 0.993 0.282
 0.000 0.000 0.000 1.000)

24.339685440063477
(0.969 -0.226 0.098 0.009
 0.232 0.971 -0.055 1.279
 -0.083 0.076 0.994 0.272
 0.000 0.000 0.000 1.000)

24.3564453125
(0.971 -0.222 0.090 0.018
 0.228 0.972 -0.059 1.281
 -0.074 0.078 0.994 0.262
 0.000 0.000 0.000 1.000)

24.373048782348633
(0.973 -0.217 0.078 0.027
 0.222 0.973 -0.069 1.283
 -0.061 0.085 0.995 0.252
 0.000 0.000 0.000 1.000)

24.38978385925293
(0.975 -0.212 0.070 0.036
 0.217 0.973 -0.080 1.285
 -0.052 0.093 0.994 0.241
 0.000 0.000 0.000 1.000)

24.406448364257812
(0.978 -0.197 0.068 0.044
 0.203 0.975 -0.091 1.286
 -0.048 0.103 0.994 0.231
 0.000 0.000 0.000 1.000)

24.423240661621094
(0.982 -0.178 0.068 0.051
 0.184 0.978 -0.095 1.284
 -0.050 0.106 0.993 0.220
 0.000 0.000 0.000 1.000)

24.4396915435791
(0.984 -0.165 0.063 0.058
 0.170 0.981 -0.090 1.281
 -0.047 0.099 0.994 0.208
 0.000 0.000 0.000 1.000)

24.45641326904297
(0.983 -0.173 0.056 0.066
 0.177 0.981 -0.084 1.277
 -0.040 0.092 0.995 0.197
 0.000 0.000 0.000 1.000)

24.473087310791016
(0.981 -0.190 0.050 0.074
 0.193 0.978 -0.079 1.273
 -0.034 0.087 0.996 0.186
 0.000 0.000 0.000 1.000)

24.48975944519043
(0.978 -0.203 0.048 0.081
 0.206 0.975 -0.079 1.270
 -0.031 0.087 0.996 0.176
 0.000 0.000 0.000 1.000)

24.522262573242188
(0.981 -0.188 0.048 0.088
 0.191 0.978 -0.080 1.266
 -0.032 0.087 0.996 0.165
 0.000 0.000 0.000 1.000)

24.539852142333984
(0.991 -0.133 0.034 0.103
 0.135 0.988 -0.077 1.256
 -0.023 0.081 0.996 0.145
 0.000 0.000 0.000 1.000)

24.556453704833984
(0.992 -0.127 0.024 0.111
 0.128 0.989 -0.078 1.251
 -0.014 0.080 0.997 0.135
 0.000 0.000 0.000 1.000)

24.573131561279297
(0.992 -0.127 0.019 0.119
 0.128 0.989 -0.078 1.246
 -0.009 0.079 0.997 0.126
 0.000 0.000 0.000 1.000)

24.589784622192383
(0.993 -0.116 0.019 0.125
 0.117 0.990 -0.078 1.240
 -0.010 0.079 0.997 0.117
 0.000 0.000 0.000 1.000)

24.606494903564453
(0.995 -0.097 0.025 0.131
 0.099 0.992 -0.077 1.234
 -0.017 0.079 0.997 0.108
 0.000 0.000 0.000 1.000)

24.623193740844727
(0.997 -0.076 0.027 0.138
 0.078 0.994 -0.072 1.227
 -0.021 0.074 0.997 0.100
 0.000 0.000 0.000 1.000)

24.639860153198242
(0.998 -0.057 0.026 0.145
 0.059 0.996 -0.067 1.219
 -0.022 0.068 0.997 0.093
 0.000 0.000 0.000 1.000)

24.656492233276367
(0.999 -0.044 0.021 0.154
 0.045 0.997 -0.065 1.212
 -0.019 0.066 0.998 0.086
 0.000 0.000 0.000 1.000)

24.673198699951172
(0.999 -0.030 0.016 0.162
 0.031 0.997 -0.070 1.205
 -0.014 0.070 0.997 0.079
 0.000 0.000 0.000 1.000)

24.689870834350586
(1.000 -0.002 0.016 0.170
 0.004 0.997 -0.081 1.197
 -0.016 0.081 0.997 0.073
 0.000 0.000 0.000 1.000)

24.706554412841797
(0.999 0.039 0.018 0.177
 -0.037 0.996 -0.082 1.188
 -0.021 0.081 0.997 0.068
 0.000 0.000 0.000 1.000)

24.723392486572266
(0.996 0.088 0.020 0.184
 -0.086 0.993 -0.082 1.178
 -0.027 0.080 0.996 0.062
 0.000 0.000 0.000 1.000)

24.740137100219727
(0.991 0.135 0.024 0.191
 -0.133 0.988 -0.076 1.167
 -0.034 0.073 0.997 0.057
 0.000 0.000 0.000 1.000)

24.77241325378418
(0.981 0.190 0.030 0.206
 -0.189 0.981 -0.055 1.143
 -0.040 0.048 0.998 0.049
 0.000 0.000 0.000 1.000)

24.790048599243164
(0.981 0.192 0.025 0.216
 -0.191 0.981 -0.039 1.130
 -0.032 0.033 0.999 0.046
 0.000 0.000 0.000 1.000)

24.806753158569336
(0.981 0.194 0.011 0.226
 -0.194 0.981 -0.029 1.118
 -0.017 0.026 1.000 0.044
 0.000 0.000 0.000 1.000)

24.82342529296875
(0.980 0.198 -0.002 0.236
 -0.198 0.980 -0.015 1.106
 -0.001 0.015 1.000 0.042
 0.000 0.000 0.000 1.000)

24.840036392211914
(0.978 0.206 -0.017 0.245
 -0.207 0.978 -0.007 1.095
 0.015 0.011 1.000 0.042
 0.000 0.000 0.000 1.000)

24.856769561767578
(0.976 0.215 -0.027 0.253
 -0.215 0.977 0.006 1.084
 0.027 0.000 1.000 0.041
 0.000 0.000 0.000 1.000)

24.87344741821289
(0.974 0.224 -0.034 0.259
 -0.223 0.975 0.018 1.072
 0.037 -0.010 0.999 0.042
 0.000 0.000 0.000 1.000)

24.890094757080078
(0.973 0.227 -0.036 0.264
 -0.226 0.974 0.026 1.062
 0.041 -0.017 0.999 0.042
 0.000 0.000 0.000 1.000)

24.906797409057617
(0.974 0.224 -0.038 0.268
 -0.223 0.974 0.032 1.053
 0.044 -0.023 0.999 0.042
 0.000 0.000 0.000 1.000)

24.923477172851562
(0.974 0.223 -0.037 0.270
 -0.222 0.974 0.043 1.043
 0.046 -0.034 0.998 0.042
 0.000 0.000 0.000 1.000)

24.940122604370117
(0.976 0.214 -0.030 0.271
 -0.212 0.975 0.063 1.033
 0.043 -0.055 0.998 0.042
 0.000 0.000 0.000 1.000)

24.95680809020996
(0.979 0.204 -0.020 0.271
 -0.202 0.976 0.079 1.024
 0.036 -0.073 0.997 0.042
 0.000 0.000 0.000 1.000)

24.973495483398438
(0.982 0.187 -0.012 0.270
 -0.185 0.978 0.091 1.017
 0.029 -0.087 0.996 0.042
 0.000 0.000 0.000 1.000)

25.005882263183594
(0.985 0.172 -0.004 0.270
 -0.170 0.980 0.105 1.010
 0.021 -0.103 0.994 0.042
 0.000 0.000 0.000 1.000)

25.023494720458984
(0.988 0.154 0.005 0.268
 -0.154 0.981 0.116 1.000
 0.013 -0.116 0.993 0.042
 0.000 0.000 0.000 1.000)

25.040178298950195
(0.989 0.151 0.009 0.267
 -0.151 0.981 0.118 0.997
 0.009 -0.118 0.993 0.042
 0.000 0.000 0.000 1.000)

25.056875228881836
(0.988 0.152 0.012 0.265
 -0.153 0.981 0.122 0.994
 0.007 -0.123 0.992 0.042
 0.000 0.000 0.000 1.000)

25.073551177978516
(0.988 0.154 0.015 0.263
 -0.154 0.981 0.119 0.991
 0.003 -0.120 0.993 0.042
 0.000 0.000 0.000 1.000)

25.090219497680664
(0.988 0.150 0.022 0.260
 -0.152 0.981 0.121 0.988
 -0.003 -0.123 0.992 0.042
 0.000 0.000 0.000 1.000)

25.106908798217773
(0.989 0.147 0.025 0.258
 -0.149 0.981 0.127 0.985
 -0.006 -0.129 0.992 0.042
 0.000 0.000 0.000 1.000)

25.123565673828125
(0.989 0.146 0.031 0.256
 -0.149 0.980 0.133 0.981
 -0.011 -0.136 0.991 0.043
 0.000 0.000 0.000 1.000)

25.140235900878906
(0.989 0.142 0.035 0.253
 -0.145 0.980 0.135 0.977
 -0.015 -0.139 0.990 0.043
 0.000 0.000 0.000 1.000)

25.156936645507812
(0.989 0.143 0.039 0.250
 -0.147 0.979 0.142 0.973
 -0.018 -0.146 0.989 0.044
 0.000 0.000 0.000 1.000)

25.173606872558594
(0.988 0.145 0.048 0.246
 -0.151 0.977 0.151 0.969
 -0.025 -0.156 0.987 0.045
 0.000 0.000 0.000 1.000)

25.190284729003906
(0.989 0.139 0.058 0.242
 -0.146 0.977 0.154 0.964
 -0.035 -0.161 0.986 0.046
 0.000 0.000 0.000 1.000)

25.206974029541016
(0.989 0.129 0.070 0.237
 -0.138 0.977 0.159 0.960
 -0.048 -0.167 0.985 0.047
 0.000 0.000 0.000 1.000)

25.223600387573242
(0.990 0.112 0.082 0.233
 -0.125 0.978 0.166 0.955
 -0.061 -0.174 0.983 0.049
 0.000 0.000 0.000 1.000)

25.25603485107422
(0.991 0.086 0.104 0.224
 -0.103 0.979 0.176 0.944
 -0.087 -0.185 0.979 0.052
 0.000 0.000 0.000 1.000)

25.27366828918457
(0.991 0.080 0.109 0.221
 -0.099 0.978 0.182 0.938
 -0.092 -0.191 0.977 0.055
 0.000 0.000 0.000 1.000)

25.290342330932617
(0.990 0.069 0.120 0.216
 -0.090 0.978 0.186 0.932
 -0.105 -0.195 0.975 0.057
 0.000 0.000 0.000 1.000)

25.307022094726562
(0.990 0.057 0.133 0.212
 -0.082 0.978 0.193 0.926
 -0.119 -0.202 0.972 0.060
 0.000 0.000 0.000 1.000)

25.323694229125977
(0.988 0.046 0.150 0.207
 -0.076 0.977 0.200 0.919
 -0.138 -0.209 0.968 0.063
 0.000 0.000 0.000 1.000)

25.34039306640625
(0.986 0.031 0.165 0.201
 -0.066 0.976 0.206 0.911
 -0.154 -0.214 0.964 0.066
 0.000 0.000 0.000 1.000)

25.357040405273438
(0.984 0.019 0.176 0.197
 -0.058 0.974 0.221 0.902
 -0.167 -0.227 0.959 0.070
 0.000 0.000 0.000 1.000)

25.37375259399414
(0.983 -0.001 0.183 0.193
 -0.043 0.971 0.233 0.892
 -0.178 -0.237 0.955 0.074
 0.000 0.000 0.000 1.000)

25.390419006347656
(0.982 -0.014 0.190 0.190
 -0.033 0.970 0.243 0.881
 -0.187 -0.244 0.951 0.079
 0.000 0.000 0.000 1.000)

25.407119750976562
(0.981 -0.027 0.194 0.187
 -0.023 0.968 0.251 0.871
 -0.194 -0.250 0.948 0.083
 0.000 0.000 0.000 1.000)

25.423763275146484
(0.980 -0.033 0.198 0.184
 -0.020 0.965 0.261 0.861
 -0.200 -0.259 0.945 0.088
 0.000 0.000 0.000 1.000)

25.440357208251953
(0.978 -0.040 0.203 0.181
 -0.015 0.964 0.264 0.850
 -0.206 -0.261 0.943 0.093
 0.000 0.000 0.000 1.000)

25.457021713256836
(0.976 -0.052 0.210 0.178
 -0.008 0.961 0.277 0.839
 -0.216 -0.272 0.938 0.099
 0.000 0.000 0.000 1.000)

25.489511489868164
(0.973 -0.071 0.217 0.175
 0.005 0.957 0.289 0.828
 -0.229 -0.280 0.932 0.105
 0.000 0.000 0.000 1.000)

25.507102966308594
(0.965 -0.122 0.232 0.168
 0.044 0.948 0.315 0.807
 -0.259 -0.293 0.920 0.117
 0.000 0.000 0.000 1.000)

25.52373504638672
(0.960 -0.140 0.242 0.165
 0.054 0.943 0.327 0.796
 -0.274 -0.301 0.913 0.123
 0.000 0.000 0.000 1.000)

25.54038429260254
(0.957 -0.148 0.249 0.163
 0.057 0.939 0.339 0.786
 -0.284 -0.310 0.907 0.129
 0.000 0.000 0.000 1.000)

25.557077407836914
(0.957 -0.147 0.248 0.161
 0.052 0.934 0.353 0.775
 -0.284 -0.325 0.902 0.136
 0.000 0.000 0.000 1.000)

25.57377052307129
(0.957 -0.143 0.252 0.159
 0.044 0.931 0.362 0.764
 -0.286 -0.335 0.898 0.142
 0.000 0.000 0.000 1.000)

25.590457916259766
(0.958 -0.132 0.255 0.158
 0.029 0.927 0.374 0.753
 -0.286 -0.351 0.892 0.149
 0.000 0.000 0.000 1.000)

25.607219696044922
(0.960 -0.119 0.254 0.157
 0.012 0.922 0.386 0.742
 -0.280 -0.367 0.887 0.156
 0.000 0.000 0.000 1.000)

25.623899459838867
(0.962 -0.107 0.250 0.156
 -0.004 0.914 0.405 0.730
 -0.272 -0.391 0.879 0.163
 0.000 0.000 0.000 1.000)

25.640548706054688
(0.961 -0.099 0.257 0.154
 -0.018 0.908 0.419 0.719
 -0.275 -0.407 0.871 0.171
 0.000 0.000 0.000 1.000)

25.657257080078125
(0.960 -0.097 0.262 0.152
 -0.027 0.900 0.434 0.708
 -0.278 -0.424 0.862 0.178
 0.000 0.000 0.000 1.000)

25.6739501953125
(0.961 -0.095 0.261 0.150
 -0.036 0.889 0.456 0.698
 -0.275 -0.448 0.851 0.186
 0.000 0.000 0.000 1.000)

25.69058609008789
(0.961 -0.094 0.259 0.149
 -0.042 0.880 0.472 0.688
 -0.272 -0.465 0.842 0.193
 0.000 0.000 0.000 1.000)

25.707258224487305
(0.961 -0.087 0.262 0.148
 -0.051 0.877 0.478 0.680
 -0.272 -0.473 0.838 0.199
 0.000 0.000 0.000 1.000)

25.73966407775879
(0.960 -0.070 0.271 0.145
 -0.072 0.873 0.482 0.666
 -0.271 -0.483 0.833 0.210
 0.000 0.000 0.000 1.000)

25.757278442382812
(0.960 -0.064 0.272 0.144
 -0.081 0.867 0.492 0.658
 -0.267 -0.494 0.827 0.216
 0.000 0.000 0.000 1.000)

25.773962020874023
(0.959 -0.056 0.278 0.143
 -0.091 0.869 0.486 0.652
 -0.269 -0.491 0.829 0.219
 0.000 0.000 0.000 1.000)

25.790645599365234
(0.960 -0.049 0.277 0.142
 -0.095 0.869 0.486 0.646
 -0.264 -0.493 0.829 0.224
 0.000 0.000 0.000 1.000)

25.807329177856445
(0.959 -0.045 0.280 0.141
 -0.101 0.869 0.484 0.640
 -0.265 -0.493 0.829 0.228
 0.000 0.000 0.000 1.000)

25.823986053466797
(0.960 -0.043 0.277 0.141
 -0.103 0.866 0.490 0.634
 -0.261 -0.499 0.827 0.232
 0.000 0.000 0.000 1.000)

25.840679168701172
(0.960 -0.045 0.275 0.141
 -0.104 0.858 0.504 0.628
 -0.258 -0.512 0.819 0.237
 0.000 0.000 0.000 1.000)

25.85734748840332
(0.960 -0.052 0.275 0.141
 -0.096 0.862 0.498 0.623
 -0.262 -0.505 0.822 0.239
 0.000 0.000 0.000 1.000)

25.874034881591797
(0.958 -0.059 0.280 0.140
 -0.090 0.866 0.492 0.618
 -0.271 -0.496 0.825 0.241
 0.000 0.000 0.000 1.000)

25.89072608947754
(0.959 -0.066 0.277 0.140
 -0.085 0.862 0.500 0.613
 -0.272 -0.503 0.820 0.244
 0.000 0.000 0.000 1.000)

25.90739631652832
(0.956 -0.068 0.284 0.139
 -0.082 0.870 0.486 0.608
 -0.280 -0.488 0.827 0.245
 0.000 0.000 0.000 1.000)

25.92403793334961
(0.956 -0.075 0.284 0.139
 -0.075 0.872 0.484 0.604
 -0.284 -0.484 0.828 0.246
 0.000 0.000 0.000 1.000)

25.94074249267578
(0.953 -0.087 0.291 0.138
 -0.065 0.877 0.476 0.600
 -0.296 -0.472 0.830 0.246
 0.000 0.000 0.000 1.000)

25.957435607910156
(0.948 -0.108 0.298 0.138
 -0.042 0.888 0.457 0.597
 -0.314 -0.446 0.838 0.246
 0.000 0.000 0.000 1.000)

25.989816665649414
(0.940 -0.146 0.309 0.138
 -0.007 0.896 0.444 0.589
 -0.342 -0.419 0.841 0.247
 0.000 0.000 0.000 1.000)

26.00741195678711
(0.937 -0.166 0.306 0.140
 0.017 0.900 0.435 0.584
 -0.348 -0.403 0.847 0.248
 0.000 0.000 0.000 1.000)

26.024137496948242
(0.940 -0.182 0.290 0.144
 0.035 0.895 0.446 0.577
 -0.341 -0.409 0.847 0.249
 0.000 0.000 0.000 1.000)

26.04080581665039
(0.938 -0.198 0.284 0.146
 0.054 0.894 0.444 0.570
 -0.342 -0.401 0.850 0.250
 0.000 0.000 0.000 1.000)

26.057483673095703
(0.934 -0.215 0.286 0.149
 0.070 0.894 0.443 0.562
 -0.351 -0.394 0.849 0.252
 0.000 0.000 0.000 1.000)

26.07415008544922
(0.930 -0.229 0.286 0.151
 0.085 0.894 0.440 0.553
 -0.356 -0.385 0.851 0.253
 0.000 0.000 0.000 1.000)

26.09086799621582
(0.928 -0.247 0.279 0.153
 0.103 0.890 0.443 0.543
 -0.358 -0.382 0.852 0.256
 0.000 0.000 0.000 1.000)

26.10750961303711
(0.927 -0.256 0.272 0.156
 0.109 0.882 0.459 0.532
 -0.358 -0.396 0.846 0.259
 0.000 0.000 0.000 1.000)

26.124191284179688
(0.929 -0.260 0.265 0.158
 0.112 0.876 0.469 0.521
 -0.354 -0.406 0.843 0.262
 0.000 0.000 0.000 1.000)

26.1408634185791
(0.930 -0.261 0.260 0.159
 0.114 0.874 0.473 0.510
 -0.350 -0.410 0.842 0.264
 0.000 0.000 0.000 1.000)

26.157520294189453
(0.930 -0.265 0.256 0.160
 0.111 0.865 0.489 0.498
 -0.351 -0.426 0.834 0.268
 0.000 0.000 0.000 1.000)

26.1741886138916
(0.928 -0.266 0.260 0.159
 0.108 0.862 0.496 0.487
 -0.356 -0.432 0.829 0.271
 0.000 0.000 0.000 1.000)

26.19091796875
(0.926 -0.272 0.260 0.159
 0.107 0.853 0.511 0.477
 -0.361 -0.445 0.819 0.275
 0.000 0.000 0.000 1.000)

26.223432540893555
(0.926 -0.262 0.273 0.157
 0.090 0.853 0.514 0.460
 -0.367 -0.451 0.813 0.280
 0.000 0.000 0.000 1.000)

26.241037368774414
(0.931 -0.263 0.255 0.159
 0.093 0.843 0.530 0.454
 -0.354 -0.470 0.809 0.282
 0.000 0.000 0.000 1.000)

26.257659912109375
(0.929 -0.267 0.255 0.158
 0.093 0.837 0.539 0.450
 -0.358 -0.477 0.803 0.282
 0.000 0.000 0.000 1.000)

26.274520874023438
(0.923 -0.274 0.269 0.155
 0.093 0.839 0.536 0.451
 -0.372 -0.469 0.801 0.277
 0.000 0.000 0.000 1.000)

26.29109764099121
(0.925 -0.273 0.264 0.154
 0.098 0.844 0.527 0.457
 -0.366 -0.461 0.808 0.269
 0.000 0.000 0.000 1.000)

26.307924270629883
(0.932 -0.265 0.245 0.154
 0.101 0.843 0.528 0.466
 -0.347 -0.468 0.813 0.257
 0.000 0.000 0.000 1.000)

26.324447631835938
(0.937 -0.255 0.238 0.152
 0.104 0.857 0.505 0.481
 -0.333 -0.448 0.830 0.241
 0.000 0.000 0.000 1.000)

26.341278076171875
(0.941 -0.249 0.230 0.151
 0.115 0.873 0.473 0.501
 -0.319 -0.418 0.850 0.222
 0.000 0.000 0.000 1.000)

26.35780143737793
(0.942 -0.241 0.235 0.148
 0.121 0.894 0.431 0.525
 -0.314 -0.378 0.871 0.201
 0.000 0.000 0.000 1.000)

26.374637603759766
(0.945 -0.235 0.227 0.146
 0.133 0.911 0.391 0.551
 -0.299 -0.339 0.892 0.178
 0.000 0.000 0.000 1.000)

26.391191482543945
(0.947 -0.225 0.231 0.144
 0.132 0.924 0.359 0.579
 -0.294 -0.310 0.904 0.156
 0.000 0.000 0.000 1.000)

26.407886505126953
(0.950 -0.219 0.225 0.143
 0.140 0.937 0.321 0.610
 -0.281 -0.273 0.920 0.133
 0.000 0.000 0.000 1.000)

26.424545288085938
(0.953 -0.212 0.218 0.142
 0.147 0.949 0.279 0.643
 -0.266 -0.234 0.935 0.110
 0.000 0.000 0.000 1.000)

26.44123077392578
(0.955 -0.202 0.219 0.140
 0.152 0.962 0.227 0.679
 -0.256 -0.184 0.949 0.087
 0.000 0.000 0.000 1.000)

26.473628997802734
(0.958 -0.194 0.210 0.138
 0.162 0.974 0.159 0.752
 -0.236 -0.118 0.965 0.043
 0.000 0.000 0.000 1.000)

26.49125099182129
(0.960 -0.187 0.207 0.137
 0.165 0.979 0.116 0.792
 -0.224 -0.077 0.972 0.023
 0.000 0.000 0.000 1.000)

26.50797462463379
(0.962 -0.183 0.201 0.137
 0.172 0.983 0.069 0.834
 -0.210 -0.032 0.977 0.003
 0.000 0.000 0.000 1.000)

26.524629592895508
(0.964 -0.179 0.196 0.136
 0.180 0.984 0.017 0.877
 -0.196 0.019 0.980 -0.015
 0.000 0.000 0.000 1.000)

26.541292190551758
(0.966 -0.171 0.193 0.135
 0.182 0.983 -0.038 0.922
 -0.184 0.072 0.980 -0.032
 0.000 0.000 0.000 1.000)

26.557987213134766
(0.967 -0.165 0.193 0.133
 0.184 0.979 -0.086 0.966
 -0.175 0.119 0.977 -0.046
 0.000 0.000 0.000 1.000)

26.57463836669922
(0.969 -0.157 0.190 0.131
 0.184 0.973 -0.136 1.009
 -0.164 0.167 0.972 -0.059
 0.000 0.000 0.000 1.000)

26.59133529663086
(0.970 -0.152 0.189 0.129
 0.187 0.966 -0.181 1.052
 -0.155 0.211 0.965 -0.070
 0.000 0.000 0.000 1.000)

26.608007431030273
(0.970 -0.152 0.188 0.126
 0.192 0.956 -0.222 1.094
 -0.146 0.251 0.957 -0.079
 0.000 0.000 0.000 1.000)

26.624679565429688
(0.971 -0.151 0.186 0.123
 0.197 0.945 -0.263 1.135
 -0.136 0.292 0.947 -0.085
 0.000 0.000 0.000 1.000)

26.64137840270996
(0.971 -0.148 0.186 0.121
 0.200 0.931 -0.304 1.174
 -0.128 0.332 0.934 -0.090
 0.000 0.000 0.000 1.000)

27.00954818725586
(0.968 -0.076 0.239 0.034
 0.162 0.917 -0.365 1.343
 -0.192 0.392 0.900 -0.076
 0.000 0.000 0.000 1.000)

27.010557174682617
(0.969 -0.066 0.237 0.033
 0.145 0.932 -0.332 1.325
 -0.199 0.356 0.913 -0.077
 0.000 0.000 0.000 1.000)

27.0273494720459
(0.970 -0.058 0.234 0.033
 0.129 0.945 -0.302 1.307
 -0.204 0.323 0.924 -0.079
 0.000 0.000 0.000 1.000)

27.044036865234375
(0.971 -0.053 0.233 0.033
 0.120 0.951 -0.284 1.289
 -0.206 0.303 0.930 -0.079
 0.000 0.000 0.000 1.000)

27.06080436706543
(0.971 -0.052 0.232 0.032
 0.115 0.957 -0.265 1.271
 -0.208 0.284 0.936 -0.079
 0.000 0.000 0.000 1.000)

27.077362060546875
(0.971 -0.056 0.234 0.031
 0.115 0.963 -0.243 1.252
 -0.212 0.263 0.941 -0.078
 0.000 0.000 0.000 1.000)

27.094085693359375
(0.968 -0.067 0.241 0.030
 0.122 0.968 -0.221 1.232
 -0.218 0.243 0.945 -0.078
 0.000 0.000 0.000 1.000)

27.110734939575195
(0.965 -0.082 0.250 0.028
 0.134 0.971 -0.197 1.211
 -0.227 0.224 0.948 -0.076
 0.000 0.000 0.000 1.000)

27.127412796020508
(0.960 -0.095 0.262 0.025
 0.144 0.974 -0.174 1.189
 -0.239 0.205 0.949 -0.074
 0.000 0.000 0.000 1.000)

27.144081115722656
(0.955 -0.110 0.275 0.023
 0.156 0.976 -0.152 1.168
 -0.252 0.188 0.949 -0.071
 0.000 0.000 0.000 1.000)

27.16086769104004
(0.943 -0.144 0.301 0.019
 0.185 0.976 -0.114 1.126
 -0.278 0.163 0.947 -0.062
 0.000 0.000 0.000 1.000)

27.19315528869629
(0.936 -0.159 0.314 0.017
 0.198 0.975 -0.098 1.106
 -0.290 0.154 0.944 -0.056
 0.000 0.000 0.000 1.000)

27.210777282714844
(0.929 -0.178 0.325 0.016
 0.213 0.974 -0.076 1.085
 -0.303 0.139 0.943 -0.050
 0.000 0.000 0.000 1.000)

27.227432250976562
(0.923 -0.194 0.333 0.016
 0.220 0.974 -0.043 1.062
 -0.316 0.113 0.942 -0.043
 0.000 0.000 0.000 1.000)

27.244091033935547
(0.918 -0.202 0.340 0.016
 0.219 0.976 -0.013 1.040
 -0.329 0.086 0.940 -0.036
 0.000 0.000 0.000 1.000)

27.260854721069336
(0.917 -0.200 0.344 0.017
 0.210 0.978 0.010 1.020
 -0.339 0.063 0.939 -0.029
 0.000 0.000 0.000 1.000)

27.27754020690918
(0.917 -0.192 0.349 0.019
 0.195 0.980 0.027 1.001
 -0.347 0.043 0.937 -0.021
 0.000 0.000 0.000 1.000)

27.29419708251953
(0.918 -0.183 0.353 0.020
 0.180 0.983 0.042 0.983
 -0.354 0.025 0.935 -0.013
 0.000 0.000 0.000 1.000)

27.310888290405273
(0.917 -0.171 0.361 0.022
 0.163 0.985 0.051 0.966
 -0.364 0.012 0.931 -0.005
 0.000 0.000 0.000 1.000)

27.32758331298828
(0.914 -0.166 0.370 0.024
 0.153 0.986 0.063 0.949
 -0.375 -0.001 0.927 0.004
 0.000 0.000 0.000 1.000)

27.34418296813965
(0.910 -0.165 0.379 0.026
 0.146 0.986 0.078 0.932
 -0.387 -0.016 0.922 0.013
 0.000 0.000 0.000 1.000)

27.36088752746582
(0.906 -0.166 0.389 0.028
 0.139 0.986 0.096 0.916
 -0.399 -0.033 0.916 0.023
 0.000 0.000 0.000 1.000)

27.37754249572754
(0.901 -0.170 0.398 0.031
 0.135 0.984 0.115 0.899
 -0.412 -0.050 0.910 0.033
 0.000 0.000 0.000 1.000)

27.39421844482422
(0.891 -0.176 0.420 0.039
 0.124 0.981 0.147 0.867
 -0.438 -0.079 0.896 0.052
 0.000 0.000 0.000 1.000)

27.42662811279297
(0.885 -0.178 0.430 0.044
 0.116 0.979 0.166 0.852
 -0.450 -0.097 0.888 0.062
 0.000 0.000 0.000 1.000)

27.444244384765625
(0.882 -0.179 0.436 0.050
 0.108 0.977 0.183 0.838
 -0.459 -0.114 0.881 0.072
 0.000 0.000 0.000 1.000)

27.4609432220459
(0.879 -0.180 0.442 0.057
 0.104 0.976 0.190 0.825
 -0.466 -0.121 0.877 0.081
 0.000 0.000 0.000 1.000)

27.477628707885742
(0.878 -0.180 0.444 0.064
 0.102 0.976 0.194 0.812
 -0.468 -0.125 0.875 0.090
 0.000 0.000 0.000 1.000)

27.49405288696289
(0.876 -0.186 0.445 0.072
 0.102 0.973 0.206 0.798
 -0.471 -0.135 0.871 0.099
 0.000 0.000 0.000 1.000)

27.510984420776367
(0.873 -0.201 0.444 0.080
 0.104 0.967 0.234 0.783
 -0.477 -0.158 0.865 0.109
 0.000 0.000 0.000 1.000)

27.527639389038086
(0.869 -0.214 0.445 0.087
 0.108 0.962 0.252 0.769
 -0.482 -0.171 0.859 0.118
 0.000 0.000 0.000 1.000)

27.544294357299805
(0.867 -0.226 0.443 0.096
 0.109 0.956 0.274 0.756
 -0.485 -0.189 0.854 0.126
 0.000 0.000 0.000 1.000)

27.56103515625
(0.869 -0.239 0.434 0.104
 0.111 0.948 0.299 0.741
 -0.483 -0.211 0.850 0.135
 0.000 0.000 0.000 1.000)

27.577682495117188
(0.868 -0.249 0.430 0.113
 0.115 0.943 0.314 0.729
 -0.483 -0.223 0.847 0.142
 0.000 0.000 0.000 1.000)

27.594356536865234
(0.869 -0.257 0.423 0.121
 0.113 0.935 0.336 0.717
 -0.482 -0.244 0.841 0.149
 0.000 0.000 0.000 1.000)

27.611042022705078
(0.870 -0.263 0.417 0.128
 0.116 0.931 0.346 0.706
 -0.480 -0.252 0.840 0.155
 0.000 0.000 0.000 1.000)

27.62771987915039
(0.871 -0.266 0.414 0.134
 0.116 0.929 0.351 0.697
 -0.478 -0.258 0.840 0.160
 0.000 0.000 0.000 1.000)

27.64438819885254
(0.871 -0.261 0.417 0.143
 0.118 0.934 0.338 0.681
 -0.477 -0.246 0.844 0.167
 0.000 0.000 0.000 1.000)

27.676782608032227
(0.871 -0.262 0.415 0.148
 0.116 0.932 0.345 0.673
 -0.477 -0.252 0.842 0.171
 0.000 0.000 0.000 1.000)

27.69442367553711
(0.869 -0.264 0.418 0.151
 0.118 0.932 0.342 0.665
 -0.480 -0.248 0.841 0.174
 0.000 0.000 0.000 1.000)

27.711090087890625
(0.867 -0.265 0.421 0.155
 0.124 0.935 0.333 0.658
 -0.482 -0.236 0.844 0.176
 0.000 0.000 0.000 1.000)

27.727767944335938
(0.865 -0.265 0.425 0.158
 0.126 0.936 0.328 0.649
 -0.485 -0.231 0.843 0.179
 0.000 0.000 0.000 1.000)

27.744516372680664
(0.864 -0.267 0.427 0.162
 0.126 0.936 0.328 0.640
 -0.488 -0.230 0.842 0.181
 0.000 0.000 0.000 1.000)

27.761150360107422
(0.864 -0.269 0.426 0.166
 0.127 0.934 0.334 0.630
 -0.488 -0.234 0.841 0.184
 0.000 0.000 0.000 1.000)

27.777843475341797
(0.864 -0.270 0.425 0.170
 0.130 0.935 0.331 0.620
 -0.487 -0.231 0.843 0.185
 0.000 0.000 0.000 1.000)

27.794464111328125
(0.863 -0.280 0.421 0.173
 0.145 0.935 0.324 0.611
 -0.485 -0.219 0.847 0.187
 0.000 0.000 0.000 1.000)

27.811189651489258
(0.860 -0.286 0.423 0.176
 0.156 0.936 0.317 0.603
 -0.486 -0.207 0.849 0.188
 0.000 0.000 0.000 1.000)

27.827850341796875
(0.853 -0.291 0.433 0.177
 0.161 0.936 0.314 0.594
 -0.497 -0.198 0.845 0.189
 0.000 0.000 0.000 1.000)

27.844493865966797
(0.848 -0.293 0.441 0.178
 0.161 0.936 0.314 0.585
 -0.505 -0.195 0.841 0.191
 0.000 0.000 0.000 1.000)

27.861164093017578
(0.845 -0.297 0.445 0.180
 0.160 0.934 0.319 0.577
 -0.510 -0.199 0.837 0.193
 0.000 0.000 0.000 1.000)

27.87786293029785
(0.843 -0.291 0.453 0.181
 0.159 0.938 0.307 0.561
 -0.515 -0.187 0.837 0.196
 0.000 0.000 0.000 1.000)

27.89450454711914
(0.842 -0.288 0.457 0.182
 0.156 0.940 0.305 0.553
 -0.517 -0.185 0.836 0.197
 0.000 0.000 0.000 1.000)

27.926931381225586
(0.837 -0.291 0.463 0.183
 0.160 0.940 0.302 0.546
 -0.523 -0.179 0.833 0.198
 0.000 0.000 0.000 1.000)

27.944581985473633
(0.833 -0.297 0.467 0.183
 0.167 0.940 0.299 0.540
 -0.527 -0.171 0.832 0.199
 0.000 0.000 0.000 1.000)

27.96121597290039
(0.830 -0.301 0.470 0.184
 0.176 0.940 0.292 0.534
 -0.530 -0.160 0.833 0.199
 0.000 0.000 0.000 1.000)

27.97796058654785
(0.829 -0.300 0.472 0.185
 0.175 0.941 0.290 0.527
 -0.531 -0.158 0.832 0.200
 0.000 0.000 0.000 1.000)

27.994592666625977
(0.826 -0.296 0.480 0.185
 0.168 0.942 0.290 0.521
 -0.538 -0.159 0.828 0.201
 0.000 0.000 0.000 1.000)

28.011281967163086
(0.826 -0.288 0.484 0.186
 0.159 0.943 0.291 0.514
 -0.540 -0.164 0.825 0.202
 0.000 0.000 0.000 1.000)

28.027944564819336
(0.829 -0.285 0.482 0.187
 0.156 0.944 0.289 0.507
 -0.537 -0.164 0.827 0.203
 0.000 0.000 0.000 1.000)

28.044618606567383
(0.832 -0.282 0.477 0.188
 0.156 0.946 0.286 0.500
 -0.532 -0.163 0.831 0.205
 0.000 0.000 0.000 1.000)

28.061302185058594
(0.835 -0.270 0.479 0.189
 0.144 0.948 0.283 0.492
 -0.531 -0.167 0.831 0.207
 0.000 0.000 0.000 1.000)

28.07796287536621
(0.835 -0.266 0.481 0.189
 0.134 0.948 0.290 0.483
 -0.533 -0.178 0.827 0.210
 0.000 0.000 0.000 1.000)

28.094640731811523
(0.837 -0.264 0.480 0.191
 0.128 0.946 0.298 0.474
 -0.532 -0.188 0.825 0.212
 0.000 0.000 0.000 1.000)

28.111343383789062
(0.837 -0.269 0.477 0.192
 0.127 0.942 0.310 0.464
 -0.533 -0.199 0.823 0.215
 0.000 0.000 0.000 1.000)

28.1280574798584
(0.834 -0.275 0.478 0.195
 0.124 0.938 0.323 0.445
 -0.537 -0.210 0.817 0.223
 0.000 0.000 0.000 1.000)

28.160400390625
(0.836 -0.276 0.474 0.197
 0.129 0.939 0.319 0.436
 -0.533 -0.206 0.821 0.225
 0.000 0.000 0.000 1.000)

28.17807388305664
(0.841 -0.274 0.467 0.200
 0.122 0.936 0.331 0.426
 -0.528 -0.221 0.820 0.229
 0.000 0.000 0.000 1.000)

28.19476890563965
(0.843 -0.276 0.462 0.202
 0.116 0.931 0.345 0.415
 -0.525 -0.237 0.817 0.232
 0.000 0.000 0.000 1.000)

28.211414337158203
(0.844 -0.277 0.460 0.204
 0.113 0.929 0.353 0.405
 -0.525 -0.246 0.815 0.236
 0.000 0.000 0.000 1.000)

28.228069305419922
(0.844 -0.279 0.458 0.206
 0.113 0.927 0.357 0.395
 -0.524 -0.249 0.814 0.239
 0.000 0.000 0.000 1.000)

28.244733810424805
(0.846 -0.292 0.447 0.208
 0.129 0.924 0.361 0.386
 -0.518 -0.247 0.819 0.242
 0.000 0.000 0.000 1.000)

28.261425018310547
(0.844 -0.291 0.451 0.209
 0.118 0.920 0.373 0.374
 -0.523 -0.262 0.811 0.246
 0.000 0.000 0.000 1.000)

28.27808952331543
(0.842 -0.291 0.455 0.210
 0.114 0.919 0.378 0.364
 -0.528 -0.266 0.806 0.250
 0.000 0.000 0.000 1.000)

28.294771194458008
(0.842 -0.297 0.449 0.212
 0.116 0.915 0.387 0.355
 -0.526 -0.274 0.805 0.253
 0.000 0.000 0.000 1.000)

28.311534881591797
(0.845 -0.295 0.447 0.213
 0.115 0.915 0.387 0.345
 -0.523 -0.276 0.806 0.257
 0.000 0.000 0.000 1.000)

28.328147888183594
(0.845 -0.295 0.446 0.214
 0.109 0.912 0.396 0.335
 -0.524 -0.286 0.802 0.260
 0.000 0.000 0.000 1.000)

28.34482765197754
(0.849 -0.302 0.434 0.216
 0.120 0.909 0.398 0.327
 -0.515 -0.286 0.808 0.263
 0.000 0.000 0.000 1.000)

28.361560821533203
(0.850 -0.304 0.431 0.218
 0.115 0.904 0.411 0.310
 -0.515 -0.299 0.803 0.270
 0.000 0.000 0.000 1.000)

28.378185272216797
(0.844 -0.304 0.442 0.218
 0.110 0.904 0.413 0.302
 -0.526 -0.300 0.796 0.273
 0.000 0.000 0.000 1.000)

28.410545349121094
(0.846 -0.308 0.435 0.219
 0.110 0.899 0.423 0.294
 -0.522 -0.310 0.795 0.276
 0.000 0.000 0.000 1.000)

28.42820167541504
(0.846 -0.309 0.434 0.220
 0.113 0.900 0.421 0.286
 -0.521 -0.307 0.797 0.278
 0.000 0.000 0.000 1.000)

28.444866180419922
(0.851 -0.309 0.426 0.221
 0.112 0.897 0.428 0.279
 -0.514 -0.316 0.797 0.281
 0.000 0.000 0.000 1.000)

28.4615535736084
(0.847 -0.312 0.431 0.221
 0.118 0.900 0.419 0.272
 -0.519 -0.303 0.799 0.283
 0.000 0.000 0.000 1.000)

28.47817611694336
(0.846 -0.316 0.429 0.221
 0.113 0.893 0.435 0.264
 -0.521 -0.319 0.792 0.286
 0.000 0.000 0.000 1.000)

28.49489974975586
(0.843 -0.320 0.433 0.221
 0.115 0.893 0.436 0.258
 -0.526 -0.318 0.789 0.288
 0.000 0.000 0.000 1.000)

28.511577606201172
(0.851 -0.316 0.420 0.223
 0.106 0.886 0.452 0.250
 -0.515 -0.340 0.787 0.291
 0.000 0.000 0.000 1.000)

28.528209686279297
(0.852 -0.311 0.422 0.223
 0.093 0.882 0.462 0.242
 -0.516 -0.354 0.780 0.294
 0.000 0.000 0.000 1.000)

28.544879913330078
(0.852 -0.314 0.418 0.223
 0.091 0.877 0.473 0.235
 -0.515 -0.365 0.776 0.297
 0.000 0.000 0.000 1.000)

28.56159782409668
(0.854 -0.316 0.412 0.224
 0.091 0.873 0.479 0.229
 -0.511 -0.372 0.775 0.299
 0.000 0.000 0.000 1.000)

28.578243255615234
(0.856 -0.317 0.409 0.225
 0.087 0.867 0.490 0.224
 -0.510 -0.384 0.770 0.302
 0.000 0.000 0.000 1.000)

28.594928741455078
(0.843 -0.319 0.433 0.223
 0.088 0.876 0.474 0.220
 -0.531 -0.361 0.766 0.304
 0.000 0.000 0.000 1.000)

28.611665725708008
(0.833 -0.338 0.438 0.224
 0.103 0.873 0.476 0.213
 -0.544 -0.351 0.762 0.308
 0.000 0.000 0.000 1.000)

28.62835693359375
(0.834 -0.338 0.437 0.224
 0.104 0.873 0.477 0.210
 -0.542 -0.353 0.763 0.310
 0.000 0.000 0.000 1.000)

28.660694122314453
(0.827 -0.350 0.440 0.224
 0.116 0.872 0.476 0.208
 -0.550 -0.343 0.762 0.312
 0.000 0.000 0.000 1.000)

28.678329467773438
(0.833 -0.337 0.439 0.224
 0.100 0.872 0.480 0.205
 -0.544 -0.356 0.760 0.315
 0.000 0.000 0.000 1.000)

28.694978713989258
(0.840 -0.334 0.428 0.225
 0.099 0.869 0.484 0.205
 -0.534 -0.364 0.763 0.318
 0.000 0.000 0.000 1.000)

28.71167755126953
(0.845 -0.339 0.413 0.226
 0.107 0.865 0.490 0.205
 -0.524 -0.370 0.768 0.318
 0.000 0.000 0.000 1.000)

28.7283935546875
(0.847 -0.343 0.407 0.227
 0.113 0.864 0.491 0.205
 -0.520 -0.370 0.770 0.319
 0.000 0.000 0.000 1.000)

28.745040893554688
(0.856 -0.356 0.376 0.230
 0.119 0.842 0.527 0.203
 -0.504 -0.406 0.762 0.321
 0.000 0.000 0.000 1.000)

28.761859893798828
(0.856 -0.361 0.370 0.230
 0.121 0.836 0.536 0.204
 -0.503 -0.414 0.759 0.322
 0.000 0.000 0.000 1.000)

28.778331756591797
(0.854 -0.365 0.371 0.230
 0.125 0.836 0.534 0.205
 -0.505 -0.410 0.760 0.323
 0.000 0.000 0.000 1.000)

28.79525375366211
(0.844 -0.367 0.392 0.228
 0.130 0.848 0.513 0.208
 -0.521 -0.382 0.764 0.323
 0.000 0.000 0.000 1.000)

28.81175994873047
(0.841 -0.369 0.395 0.227
 0.127 0.846 0.518 0.209
 -0.525 -0.386 0.759 0.324
 0.000 0.000 0.000 1.000)

28.82855987548828
(0.835 -0.374 0.405 0.226
 0.134 0.851 0.508 0.212
 -0.534 -0.370 0.760 0.324
 0.000 0.000 0.000 1.000)

28.845111846923828
(0.822 -0.402 0.403 0.225
 0.158 0.841 0.517 0.217
 -0.547 -0.362 0.755 0.324
 0.000 0.000 0.000 1.000)

28.861774444580078
(0.813 -0.411 0.412 0.224
 0.168 0.844 0.510 0.220
 -0.557 -0.346 0.755 0.323
 0.000 0.000 0.000 1.000)

28.8941650390625
(0.811 -0.421 0.407 0.222
 0.173 0.837 0.520 0.224
 -0.559 -0.351 0.751 0.322
 0.000 0.000 0.000 1.000)

28.911821365356445
(0.818 -0.406 0.408 0.219
 0.172 0.849 0.500 0.230
 -0.549 -0.339 0.764 0.320
 0.000 0.000 0.000 1.000)

28.9285888671875
(0.822 -0.381 0.424 0.215
 0.145 0.859 0.491 0.236
 -0.551 -0.342 0.761 0.318
 0.000 0.000 0.000 1.000)

28.945152282714844
(0.830 -0.361 0.426 0.212
 0.136 0.870 0.473 0.244
 -0.542 -0.335 0.771 0.316
 0.000 0.000 0.000 1.000)

28.961814880371094
(0.830 -0.338 0.444 0.207
 0.122 0.886 0.448 0.252
 -0.544 -0.317 0.776 0.313
 0.000 0.000 0.000 1.000)

28.97841453552246
(0.830 -0.318 0.459 0.201
 0.101 0.894 0.437 0.262
 -0.549 -0.316 0.774 0.310
 0.000 0.000 0.000 1.000)

28.995424270629883
(0.831 -0.320 0.454 0.198
 0.097 0.889 0.448 0.268
 -0.547 -0.328 0.770 0.309
 0.000 0.000 0.000 1.000)

29.011886596679688
(0.815 -0.340 0.469 0.194
 0.131 0.897 0.422 0.279
 -0.564 -0.282 0.776 0.305
 0.000 0.000 0.000 1.000)

29.028545379638672
(0.811 -0.349 0.469 0.190
 0.169 0.908 0.383 0.292
 -0.559 -0.231 0.796 0.299
 0.000 0.000 0.000 1.000)

29.045242309570312
(0.804 -0.351 0.480 0.187
 0.179 0.913 0.366 0.303
 -0.567 -0.209 0.797 0.296
 0.000 0.000 0.000 1.000)

29.06194305419922
(0.802 -0.351 0.483 0.184
 0.196 0.919 0.343 0.313
 -0.564 -0.180 0.806 0.291
 0.000 0.000 0.000 1.000)

29.07849884033203
(0.811 -0.354 0.466 0.184
 0.216 0.921 0.324 0.324
 -0.544 -0.162 0.823 0.286
 0.000 0.000 0.000 1.000)

29.095226287841797
(0.815 -0.340 0.470 0.181
 0.201 0.926 0.321 0.337
 -0.544 -0.167 0.823 0.279
 0.000 0.000 0.000 1.000)

29.11190414428711
(0.819 -0.326 0.473 0.179
 0.190 0.931 0.312 0.341
 -0.542 -0.165 0.824 0.276
 0.000 0.000 0.000 1.000)

29.14431381225586
(0.822 -0.325 0.468 0.178
 0.183 0.928 0.324 0.345
 -0.539 -0.181 0.822 0.274
 0.000 0.000 0.000 1.000)

29.161943435668945
(0.825 -0.324 0.463 0.177
 0.167 0.922 0.349 0.346
 -0.541 -0.210 0.815 0.275
 0.000 0.000 0.000 1.000)

29.17854118347168
(0.824 -0.327 0.463 0.176
 0.163 0.919 0.358 0.347
 -0.543 -0.219 0.811 0.274
 0.000 0.000 0.000 1.000)

29.195470809936523
(0.820 -0.335 0.464 0.175
 0.172 0.918 0.358 0.348
 -0.546 -0.214 0.810 0.273
 0.000 0.000 0.000 1.000)

29.21200180053711
(0.814 -0.340 0.471 0.174
 0.180 0.918 0.352 0.349
 -0.552 -0.202 0.809 0.273
 0.000 0.000 0.000 1.000)

29.228673934936523
(0.813 -0.342 0.472 0.174
 0.185 0.919 0.347 0.350
 -0.552 -0.195 0.811 0.273
 0.000 0.000 0.000 1.000)

29.245325088500977
(0.815 -0.342 0.467 0.174
 0.187 0.919 0.346 0.350
 -0.548 -0.195 0.813 0.273
 0.000 0.000 0.000 1.000)

29.261985778808594
(0.818 -0.342 0.464 0.175
 0.173 0.913 0.369 0.349
 -0.549 -0.221 0.806 0.276
 0.000 0.000 0.000 1.000)

29.27863121032715
(0.821 -0.339 0.460 0.175
 0.169 0.913 0.371 0.350
 -0.546 -0.227 0.807 0.277
 0.000 0.000 0.000 1.000)

29.29534339904785
(0.820 -0.337 0.463 0.174
 0.176 0.918 0.355 0.351
 -0.545 -0.209 0.812 0.277
 0.000 0.000 0.000 1.000)

29.31203842163086
(0.818 -0.341 0.464 0.174
 0.184 0.918 0.351 0.351
 -0.546 -0.202 0.813 0.278
 0.000 0.000 0.000 1.000)

29.32871437072754
(0.811 -0.353 0.466 0.174
 0.188 0.912 0.364 0.350
 -0.554 -0.208 0.806 0.283
 0.000 0.000 0.000 1.000)

29.34535026550293
(0.806 -0.356 0.473 0.173
 0.193 0.913 0.360 0.349
 -0.560 -0.199 0.804 0.285
 0.000 0.000 0.000 1.000)

29.36205291748047
(0.802 -0.360 0.476 0.172
 0.182 0.907 0.379 0.346
 -0.569 -0.218 0.793 0.288
 0.000 0.000 0.000 1.000)

29.394460678100586
(0.801 -0.370 0.470 0.173
 0.185 0.900 0.393 0.344
 -0.569 -0.228 0.790 0.291
