0.008354902267456055
(1.000 -0.001 0.000 0.500
 0.001 1.000 0.000 0.001
 0.000 0.000 1.000 0.000
 0.000 0.000 0.000 1.000)

0.06390690803527832
(1.000 -0.011 0.000 0.500
 0.011 1.000 0.000 0.006
 0.000 0.000 1.000 0.000
 0.000 0.000 0.000 1.000)

0.08043789863586426
(1.000 -0.014 0.000 0.500
 0.014 1.000 0.000 0.007
 0.000 0.000 1.000 0.000
 0.000 0.000 0.000 1.000)

0.09867286682128906
(1.000 -0.017 0.000 0.500
 0.017 1.000 0.000 0.009
 0.000 0.000 1.000 0.000
 0.000 0.000 0.000 1.000)

0.1173100471496582
(1.000 -0.020 0.000 0.500
 0.020 1.000 0.000 0.010
 0.000 0.000 1.000 0.000
 0.000 0.000 0.000 1.000)

0.13397502899169922
(1.000 -0.023 0.000 0.500
 0.023 1.000 0.000 0.012
 0.000 0.000 1.000 0.000
 0.000 0.000 0.000 1.000)

0.15064692497253418
(1.000 -0.026 0.000 0.500
 0.026 1.000 0.000 0.013
 0.000 0.000 1.000 0.000
 0.000 0.000 0.000 1.000)

0.1673438549041748
(1.000 -0.029 0.000 0.500
 0.029 1.000 0.000 0.015
 0.000 0.000 1.000 0.000
 0.000 0.000 0.000 1.000)

0.18404603004455566
(0.999 -0.032 0.000 0.500
 0.032 0.999 0.000 0.016
 0.000 0.000 1.000 0.000
 0.000 0.000 0.000 1.000)

0.20078086853027344
(0.999 -0.035 0.000 0.500
 0.035 0.999 0.000 0.018
 0.000 0.000 1.000 0.000
 0.000 0.000 0.000 1.000)

0.21744394302368164
(0.999 -0.038 0.000 0.500
 0.038 0.999 0.000 0.019
 0.000 0.000 1.000 0.000
 0.000 0.000 0.000 1.000)

0.23412704467773438
(0.999 -0.041 0.000 0.500
 0.041 0.999 0.000 0.020
 0.000 0.000 1.000 0.000
 0.000 0.000 0.000 1.000)

0.2509338855743408
(0.999 -0.044 0.000 0.500
 0.044 0.999 0.000 0.022
 0.000 0.000 1.000 0.000
 0.000 0.000 0.000 1.000)

0.2676069736480713
(0.999 -0.047 0.000 0.499
 0.047 0.999 0.000 0.023
 0.000 0.000 1.000 0.000
 0.000 0.000 0.000 1.000)

0.28432798385620117
(0.999 -0.050 0.000 0.499
 0.050 0.999 0.000 0.025
 0.000 0.000 1.000 0.000
 0.000 0.000 0.000 1.000)

0.30102086067199707
(0.999 -0.053 0.000 0.499
 0.053 0.999 0.000 0.026
 0.000 0.000 1.000 0.000
 0.000 0.000 0.000 1.000)

0.3177030086517334
(0.998 -0.055 0.000 0.499
 0.055 0.998 0.000 0.028
 0.000 0.000 1.000 0.000
 0.000 0.000 0.000 1.000)

0.33446192741394043
(0.998 -0.058 0.000 0.499
 0.058 0.998 0.000 0.029
 0.000 0.000 1.000 0.000
 0.000 0.000 0.000 1.000)

0.3511929512023926
(0.998 -0.061 0.000 0.499
 0.061 0.998 0.000 0.031
 0.000 0.000 1.000 0.000
 0.000 0.000 0.000 1.000)

0.3679180145263672
(0.998 -0.064 0.000 0.499
 0.064 0.998 0.000 0.032
 0.000 0.000 1.000 0.000
 0.000 0.000 0.000 1.000)

0.38464903831481934
(0.998 -0.067 0.000 0.499
 0.067 0.998 0.000 0.034
 0.000 0.000 1.000 0.000
 0.000 0.000 0.000 1.000)

0.40136194229125977
(0.998 -0.070 0.000 0.499
 0.070 0.998 0.000 0.035
 0.000 0.000 1.000 0.000
 0.000 0.000 0.000 1.000)

0.41806793212890625
(0.997 -0.073 0.000 0.499
 0.073 0.997 0.000 0.036
 0.000 0.000 1.000 0.000
 0.000 0.000 0.000 1.000)

0.4347999095916748
(0.997 -0.076 0.000 0.499
 0.076 0.997 0.000 0.038
 0.000 0.000 1.000 0.000
 0.000 0.000 0.000 1.000)

0.45151805877685547
(0.997 -0.079 0.000 0.498
 0.079 0.997 0.000 0.039
 0.000 0.000 1.000 0.000
 0.000 0.000 0.000 1.000)

0.46824097633361816
(0.997 -0.082 0.000 0.498
 0.082 0.997 0.000 0.041
 0.000 0.000 1.000 0.000
 0.000 0.000 0.000 1.000)

0.4849109649658203
(0.996 -0.085 0.000 0.498
 0.085 0.996 0.000 0.042
 0.000 0.000 1.000 0.000
 0.000 0.000 0.000 1.000)

0.5015389919281006
(0.996 -0.087 0.000 0.498
 0.087 0.996 0.000 0.044
 0.000 0.000 1.000 0.000
 0.000 0.000 0.000 1.000)

0.5182199478149414
(0.996 -0.090 0.000 0.498
 0.090 0.996 0.000 0.045
 0.000 0.000 1.000 0.000
 0.000 0.000 0.000 1.000)

0.53489089012146
(0.996 -0.093 0.000 0.498
 0.093 0.996 0.000 0.047
 0.000 0.000 1.000 0.000
 0.000 0.000 0.000 1.000)

0.5516018867492676
(0.995 -0.096 0.000 0.498
 0.096 0.995 0.000 0.048
 0.000 0.000 1.000 0.000
 0.000 0.000 0.000 1.000)

0.5682530403137207
(0.995 -0.099 0.000 0.498
 0.099 0.995 0.000 0.050
 0.000 0.000 1.000 0.000
 0.000 0.000 0.000 1.000)

0.5849390029907227
(0.995 -0.102 0.000 0.497
 0.102 0.995 0.000 0.051
 0.000 0.000 1.000 0.000
 0.000 0.000 0.000 1.000)

0.6016030311584473
(0.994 -0.105 0.000 0.497
 0.105 0.994 0.000 0.052
 0.000 0.000 1.000 0.000
 0.000 0.000 0.000 1.000)

0.6182758808135986
(0.994 -0.108 0.000 0.497
 0.108 0.994 0.000 0.054
 0.000 0.000 1.000 0.000
 0.000 0.000 0.000 1.000)

0.6349539756774902
(0.994 -0.111 0.000 0.497
 0.111 0.994 0.000 0.055
 0.000 0.000 1.000 0.000
 0.000 0.000 0.000 1.000)

0.6516289710998535
(0.994 -0.113 0.000 0.497
 0.113 0.994 0.000 0.057
 0.000 0.000 1.000 0.000
 0.000 0.000 0.000 1.000)

0.668341875076294
(0.993 -0.116 0.000 0.497
 0.116 0.993 0.000 0.058
 0.000 0.000 1.000 0.000
 0.000 0.000 0.000 1.000)

0.6850309371948242
(0.993 -0.119 0.000 0.496
 0.119 0.993 0.000 0.060
 0.000 0.000 1.000 0.000
 0.000 0.000 0.000 1.000)

0.7017998695373535
(0.993 -0.122 0.000 0.496
 0.122 0.993 0.000 0.061
 0.000 0.000 1.000 0.000
 0.000 0.000 0.000 1.000)

0.7185280323028564
(0.992 -0.125 0.000 0.496
 0.125 0.992 0.000 0.063
 0.000 0.000 1.000 0.000
 0.000 0.000 0.000 1.000)

0.7352590560913086
(0.992 -0.128 0.000 0.496
 0.128 0.992 0.000 0.064
 0.000 0.000 1.000 0.000
 0.000 0.000 0.000 1.000)

0.7519688606262207
(0.991 -0.131 0.000 0.496
 0.131 0.991 0.000 0.065
 0.000 0.000 1.000 0.000
 0.000 0.000 0.000 1.000)

0.7686760425567627
(0.991 -0.134 0.000 0.496
 0.134 0.991 0.000 0.067
 0.000 0.000 1.000 0.000
 0.000 0.000 0.000 1.000)

0.7853848934173584
(0.991 -0.137 0.000 0.495
 0.137 0.991 0.000 0.068
 0.000 0.000 1.000 0.000
 0.000 0.000 0.000 1.000)

0.8020980358123779
(0.990 -0.140 0.000 0.495
 0.140 0.990 0.000 0.070
 0.000 0.000 1.000 0.000
 0.000 0.000 0.000 1.000)

0.8188118934631348
(0.990 -0.142 0.000 0.495
 0.142 0.990 0.000 0.071
 0.000 0.000 1.000 0.000
 0.000 0.000 0.000 1.000)

0.8355419635772705
(0.989 -0.145 0.000 0.495
 0.145 0.989 0.000 0.073
 0.000 0.000 1.000 0.000
 0.000 0.000 0.000 1.000)

0.8522579669952393
(0.989 -0.148 0.000 0.494
 0.148 0.989 0.000 0.074
 0.000 0.000 1.000 0.000
 0.000 0.000 0.000 1.000)

0.868941068649292
(0.989 -0.151 0.000 0.494
 0.151 0.989 0.000 0.076
 0.000 0.000 1.000 0.000
 0.000 0.000 0.000 1.000)

0.8857018947601318
(0.988 -0.154 0.000 0.494
 0.154 0.988 0.000 0.077
 0.000 0.000 1.000 0.000
 0.000 0.000 0.000 1.000)

0.9024279117584229
(0.988 -0.157 0.000 0.494
 0.157 0.988 0.000 0.078
 0.000 0.000 1.000 0.000
 0.000 0.000 0.000 1.000)

0.9191348552703857
(0.987 -0.160 0.000 0.494
 0.160 0.987 0.000 0.080
 0.000 0.000 1.000 0.000
 0.000 0.000 0.000 1.000)

0.9358580112457275
(0.987 -0.163 0.000 0.493
 0.163 0.987 0.000 0.081
 0.000 0.000 1.000 0.000
 0.000 0.000 0.000 1.000)

0.9525659084320068
(0.986 -0.165 0.000 0.493
 0.165 0.986 0.000 0.083
 0.000 0.000 1.000 0.000
 0.000 0.000 0.000 1.000)

0.9692890644073486
(0.986 -0.168 0.000 0.493
 0.168 0.986 0.000 0.084
 0.000 0.000 1.000 0.000
 0.000 0.000 0.000 1.000)

0.9860150814056396
(0.985 -0.171 0.000 0.493
 0.171 0.985 0.000 0.086
 0.000 0.000 1.000 0.000
 0.000 0.000 0.000 1.000)

1.0027449131011963
(0.985 -0.174 0.000 0.492
 0.174 0.985 0.000 0.087
 0.000 0.000 1.000 0.000
 0.000 0.000 0.000 1.000)

1.0194599628448486
(0.984 -0.177 0.000 0.492
 0.177 0.984 0.000 0.088
 0.000 0.000 1.000 0.000
 0.000 0.000 0.000 1.000)

1.036186933517456
(0.984 -0.180 0.000 0.492
 0.180 0.984 0.000 0.090
 0.000 0.000 1.000 0.000
 0.000 0.000 0.000 1.000)

1.0528910160064697
(0.983 -0.183 0.000 0.492
 0.183 0.983 0.000 0.091
 0.000 0.000 1.000 0.000
 0.000 0.000 0.000 1.000)

1.0696358680725098
(0.983 -0.186 0.000 0.491
 0.186 0.983 0.000 0.093
 0.000 0.000 1.000 0.000
 0.000 0.000 0.000 1.000)

1.0862469673156738
(0.982 -0.188 0.000 0.491
 0.188 0.982 0.000 0.094
 0.000 0.000 1.000 0.000
 0.000 0.000 0.000 1.000)

1.1030359268188477
(0.982 -0.191 0.000 0.491
 0.191 0.982 0.000 0.096
 0.000 0.000 1.000 0.000
 0.000 0.000 0.000 1.000)

1.119762897491455
(0.981 -0.194 0.000 0.490
 0.194 0.981 0.000 0.097
 0.000 0.000 1.000 0.000
 0.000 0.000 0.000 1.000)

1.1364860534667969
(0.980 -0.197 0.000 0.490
 0.197 0.980 0.000 0.099
 0.000 0.000 1.000 0.000
 0.000 0.000 0.000 1.000)

1.1532158851623535
(0.980 -0.200 0.000 0.490
 0.200 0.980 0.000 0.100
 0.000 0.000 1.000 0.000
 0.000 0.000 0.000 1.000)

1.1699318885803223
(0.979 -0.203 0.000 0.490
 0.203 0.979 0.000 0.101
 0.000 0.000 1.000 0.000
 0.000 0.000 0.000 1.000)

1.1866579055786133
(0.979 -0.206 0.000 0.489
 0.206 0.979 0.000 0.103
 0.000 0.000 1.000 0.000
 0.000 0.000 0.000 1.000)

1.203382968902588
(0.978 -0.208 0.000 0.489
 0.208 0.978 0.000 0.104
 0.000 0.000 1.000 0.000
 0.000 0.000 0.000 1.000)

1.2201049327850342
(0.977 -0.211 0.000 0.489
 0.211 0.977 0.000 0.106
 0.000 0.000 1.000 0.000
 0.000 0.000 0.000 1.000)

1.236832857131958
(0.977 -0.214 0.000 0.488
 0.214 0.977 0.000 0.107
 0.000 0.000 1.000 0.000
 0.000 0.000 0.000 1.000)

1.2535529136657715
(0.976 -0.217 0.000 0.488
 0.217 0.976 0.000 0.109
 0.000 0.000 1.000 0.000
 0.000 0.000 0.000 1.000)

1.270277976989746
(0.976 -0.220 0.000 0.488
 0.220 0.976 0.000 0.110
 0.000 0.000 1.000 0.000
 0.000 0.000 0.000 1.000)

1.286987066268921
(0.975 -0.223 0.000 0.487
 0.223 0.975 0.000 0.111
 0.000 0.000 1.000 0.000
 0.000 0.000 0.000 1.000)

1.3037140369415283
(0.974 -0.226 0.000 0.487
 0.226 0.974 0.000 0.113
 0.000 0.000 1.000 0.000
 0.000 0.000 0.000 1.000)

1.3204400539398193
(0.974 -0.228 0.000 0.487
 0.228 0.974 0.000 0.114
 0.000 0.000 1.000 0.000
 0.000 0.000 0.000 1.000)

1.3371598720550537
(0.973 -0.231 0.000 0.486
 0.231 0.973 0.000 0.116
 0.000 0.000 1.000 0.000
 0.000 0.000 0.000 1.000)

1.3538830280303955
(0.972 -0.234 0.000 0.486
 0.234 0.972 0.000 0.117
 0.000 0.000 1.000 0.000
 0.000 0.000 0.000 1.000)

1.3706090450286865
(0.972 -0.237 0.000 0.486
 0.237 0.972 0.000 0.118
 0.000 0.000 1.000 0.000
 0.000 0.000 0.000 1.000)

1.387328863143921
(0.971 -0.240 0.000 0.485
 0.240 0.971 0.000 0.120
 0.000 0.000 1.000 0.000
 0.000 0.000 0.000 1.000)

1.404062032699585
(0.970 -0.243 0.000 0.485
 0.243 0.970 0.000 0.121
 0.000 0.000 1.000 0.000
 0.000 0.000 0.000 1.000)

1.4207990169525146
(0.969 -0.245 0.000 0.485
 0.245 0.969 0.000 0.123
 0.000 0.000 1.000 0.000
 0.000 0.000 0.000 1.000)

1.4375128746032715
(0.969 -0.248 0.000 0.484
 0.248 0.969 0.000 0.124
 0.000 0.000 1.000 0.000
 0.000 0.000 0.000 1.000)

1.4542369842529297
(0.968 -0.251 0.000 0.484
 0.251 0.968 0.000 0.126
 0.000 0.000 1.000 0.000
 0.000 0.000 0.000 1.000)

1.4709579944610596
(0.967 -0.254 0.000 0.484
 0.254 0.967 0.000 0.127
 0.000 0.000 1.000 0.000
 0.000 0.000 0.000 1.000)

1.4876859188079834
(0.966 -0.257 0.000 0.483
 0.257 0.966 0.000 0.128
 0.000 0.000 1.000 0.000
 0.000 0.000 0.000 1.000)

1.5044078826904297
(0.966 -0.260 0.000 0.483
 0.260 0.966 0.000 0.130
 0.000 0.000 1.000 0.000
 0.000 0.000 0.000 1.000)

1.5211329460144043
(0.965 -0.262 0.000 0.482
 0.262 0.965 0.000 0.131
 0.000 0.000 1.000 0.000
 0.000 0.000 0.000 1.000)

1.5378549098968506
(0.964 -0.265 0.000 0.482
 0.265 0.964 0.000 0.133
 0.000 0.000 1.000 0.000
 0.000 0.000 0.000 1.000)

1.5545790195465088
(0.963 -0.268 0.000 0.482
 0.268 0.963 0.000 0.134
 0.000 0.000 1.000 0.000
 0.000 0.000 0.000 1.000)

1.5713129043579102
(0.963 -0.271 0.000 0.481
 0.271 0.963 0.000 0.135
 0.000 0.000 1.000 0.000
 0.000 0.000 0.000 1.000)

1.5880329608917236
(0.962 -0.274 0.000 0.481
 0.274 0.962 0.000 0.137
 0.000 0.000 1.000 0.000
 0.000 0.000 0.000 1.000)

1.604773998260498
(0.961 -0.276 0.000 0.481
 0.276 0.961 0.000 0.138
 0.000 0.000 1.000 0.000
 0.000 0.000 0.000 1.000)

1.6214780807495117
(0.960 -0.279 0.000 0.480
 0.279 0.960 0.000 0.140
 0.000 0.000 1.000 0.000
 0.000 0.000 0.000 1.000)

1.638206958770752
(0.959 -0.282 0.000 0.480
 0.282 0.959 0.000 0.141
 0.000 0.000 1.000 0.000
 0.000 0.000 0.000 1.000)

1.6549320220947266
(0.959 -0.285 0.000 0.479
 0.285 0.959 0.000 0.142
 0.000 0.000 1.000 0.000
 0.000 0.000 0.000 1.000)

1.6716570854187012
(0.958 -0.288 0.000 0.479
 0.288 0.958 0.000 0.144
 0.000 0.000 1.000 0.000
 0.000 0.000 0.000 1.000)

1.6883618831634521
(0.957 -0.290 0.000 0.478
 0.290 0.957 0.000 0.145
 0.000 0.000 1.000 0.000
 0.000 0.000 0.000 1.000)

1.7050819396972656
(0.956 -0.293 0.000 0.478
 0.293 0.956 0.000 0.147
 0.000 0.000 1.000 0.000
 0.000 0.000 0.000 1.000)

1.721811056137085
(0.955 -0.296 0.000 0.478
 0.296 0.955 0.000 0.148
 0.000 0.000 1.000 0.000
 0.000 0.000 0.000 1.000)

1.7385098934173584
(0.954 -0.299 0.000 0.477
 0.299 0.954 0.000 0.149
 0.000 0.000 1.000 0.000
 0.000 0.000 0.000 1.000)

1.7552599906921387
(0.953 -0.302 0.000 0.477
 0.302 0.953 0.000 0.151
 0.000 0.000 1.000 0.000
 0.000 0.000 0.000 1.000)

1.7719788551330566
(0.953 -0.304 0.000 0.476
 0.304 0.953 0.000 0.152
 0.000 0.000 1.000 0.000
 0.000 0.000 0.000 1.000)

1.7887160778045654
(0.952 -0.307 0.000 0.476
 0.307 0.952 0.000 0.154
 0.000 0.000 1.000 0.000
 0.000 0.000 0.000 1.000)

1.805433988571167
(0.951 -0.310 0.000 0.475
 0.310 0.951 0.000 0.155
 0.000 0.000 1.000 0.000
 0.000 0.000 0.000 1.000)

1.8221559524536133
(0.950 -0.313 0.000 0.475
 0.313 0.950 0.000 0.156
 0.000 0.000 1.000 0.000
 0.000 0.000 0.000 1.000)

1.838881015777588
(0.949 -0.315 0.000 0.474
 0.315 0.949 0.000 0.158
 0.000 0.000 1.000 0.000
 0.000 0.000 0.000 1.000)

1.8556149005889893
(0.948 -0.318 0.000 0.474
 0.318 0.948 0.000 0.159
 0.000 0.000 1.000 0.000
 0.000 0.000 0.000 1.000)

1.8723340034484863
(0.947 -0.321 0.000 0.474
 0.321 0.947 0.000 0.160
 0.000 0.000 1.000 0.000
 0.000 0.000 0.000 1.000)

1.889056921005249
(0.946 -0.324 0.000 0.473
 0.324 0.946 0.000 0.162
 0.000 0.000 1.000 0.000
 0.000 0.000 0.000 1.000)

1.905756950378418
(0.945 -0.327 0.000 0.473
 0.327 0.945 0.000 0.163
 0.000 0.000 1.000 0.000
 0.000 0.000 0.000 1.000)

1.9225130081176758
(0.944 -0.329 0.000 0.472
 0.329 0.944 0.000 0.165
 0.000 0.000 1.000 0.000
 0.000 0.000 0.000 1.000)

1.9392330646514893
(0.943 -0.332 0.000 0.472
 0.332 0.943 0.000 0.166
 0.000 0.000 1.000 0.000
 0.000 0.000 0.000 1.000)

1.9559569358825684
(0.942 -0.335 0.000 0.471
 0.335 0.942 0.000 0.167
 0.000 0.000 1.000 0.000
 0.000 0.000 0.000 1.000)

1.9726848602294922
(0.941 -0.338 0.000 0.471
 0.338 0.941 0.000 0.169
 0.000 0.000 1.000 0.000
 0.000 0.000 0.000 1.000)

1.9894030094146729
(0.940 -0.340 0.000 0.470
 0.340 0.940 0.000 0.170
 0.000 0.000 1.000 0.000
 0.000 0.000 0.000 1.000)

2.006135940551758
(0.939 -0.343 0.000 0.470
 0.343 0.939 0.000 0.172
 0.000 0.000 1.000 0.000
 0.000 0.000 0.000 1.000)

2.0228559970855713
(0.938 -0.346 0.000 0.469
 0.346 0.938 0.000 0.173
 0.000 0.000 1.000 0.000
 0.000 0.000 0.000 1.000)

2.0395829677581787
(0.937 -0.349 0.000 0.469
 0.349 0.937 0.000 0.174
 0.000 0.000 1.000 0.000
 0.000 0.000 0.000 1.000)

2.056309938430786
(0.936 -0.351 0.000 0.468
 0.351 0.936 0.000 0.176
 0.000 0.000 1.000 0.000
 0.000 0.000 0.000 1.000)

2.0730278491973877
(0.935 -0.354 0.000 0.468
 0.354 0.935 0.000 0.177
 0.000 0.000 1.000 0.000
 0.000 0.000 0.000 1.000)

2.089755058288574
(0.934 -0.357 0.000 0.467
 0.357 0.934 0.000 0.178
 0.000 0.000 1.000 0.000
 0.000 0.000 0.000 1.000)

2.1064798831939697
(0.933 -0.359 0.000 0.467
 0.359 0.933 0.000 0.180
 0.000 0.000 1.000 0.000
 0.000 0.000 0.000 1.000)

2.123180866241455
(0.932 -0.362 0.000 0.466
 0.362 0.932 0.000 0.181
 0.000 0.000 1.000 0.000
 0.000 0.000 0.000 1.000)

2.139904022216797
(0.931 -0.365 0.000 0.466
 0.365 0.931 0.000 0.182
 0.000 0.000 1.000 0.000
 0.000 0.000 0.000 1.000)

2.1566550731658936
(0.930 -0.368 0.000 0.465
 0.368 0.930 0.000 0.184
 0.000 0.000 1.000 0.000
 0.000 0.000 0.000 1.000)

2.1733760833740234
(0.929 -0.370 0.000 0.464
 0.370 0.929 0.000 0.185
 0.000 0.000 1.000 0.000
 0.000 0.000 0.000 1.000)

2.190103054046631
(0.928 -0.373 0.000 0.464
 0.373 0.928 0.000 0.187
 0.000 0.000 1.000 0.000
 0.000 0.000 0.000 1.000)

2.2068240642547607
(0.927 -0.376 0.000 0.463
 0.376 0.927 0.000 0.188
 0.000 0.000 1.000 0.000
 0.000 0.000 0.000 1.000)

2.22354793548584
(0.926 -0.378 0.000 0.463
 0.378 0.926 0.000 0.189
 0.000 0.000 1.000 0.000
 0.000 0.000 0.000 1.000)

2.2402708530426025
(0.925 -0.381 0.000 0.462
 0.381 0.925 0.000 0.191
 0.000 0.000 1.000 0.000
 0.000 0.000 0.000 1.000)

2.2569868564605713
(0.923 -0.384 0.000 0.462
 0.384 0.923 0.000 0.192
 0.000 0.000 1.000 0.000
 0.000 0.000 0.000 1.000)

2.2737209796905518
(0.922 -0.387 0.000 0.461
 0.387 0.922 0.000 0.193
 0.000 0.000 1.000 0.000
 0.000 0.000 0.000 1.000)

2.290447950363159
(0.921 -0.389 0.000 0.461
 0.389 0.921 0.000 0.195
 0.000 0.000 1.000 0.000
 0.000 0.000 0.000 1.000)

2.3071558475494385
(0.920 -0.392 0.000 0.460
 0.392 0.920 0.000 0.196
 0.000 0.000 1.000 0.000
 0.000 0.000 0.000 1.000)

2.323884963989258
(0.919 -0.395 0.000 0.459
 0.395 0.919 0.000 0.197
 0.000 0.000 1.000 0.000
 0.000 0.000 0.000 1.000)

2.340610980987549
(0.918 -0.397 0.000 0.459
 0.397 0.918 0.000 0.199
 0.000 0.000 1.000 0.000
 0.000 0.000 0.000 1.000)

2.357334852218628
(0.917 -0.400 0.000 0.458
 0.400 0.917 0.000 0.200
 0.000 0.000 1.000 0.000
 0.000 0.000 0.000 1.000)

2.374058961868286
(0.915 -0.403 0.000 0.458
 0.403 0.915 0.000 0.201
 0.000 0.000 1.000 0.000
 0.000 0.000 0.000 1.000)

2.3977129459381104
(0.914 -0.406 0.000 0.457
 0.406 0.914 0.000 0.203
 0.000 0.000 1.000 0.000
 0.000 0.000 0.000 1.000)

2.4144949913024902
(0.913 -0.409 0.000 0.456
 0.409 0.913 0.000 0.205
 0.000 0.000 1.000 0.000
 0.000 0.000 0.000 1.000)

2.4312188625335693
(0.911 -0.412 0.000 0.456
 0.412 0.911 0.000 0.206
 0.000 0.000 1.000 0.000
 0.000 0.000 0.000 1.000)

2.447943925857544
(0.910 -0.414 0.000 0.455
 0.414 0.910 0.000 0.207
 0.000 0.000 1.000 0.000
 0.000 0.000 0.000 1.000)

2.4646389484405518
(0.909 -0.417 0.000 0.454
 0.417 0.909 0.000 0.209
 0.000 0.000 1.000 0.000
 0.000 0.000 0.000 1.000)

2.4813928604125977
(0.908 -0.420 0.000 0.454
 0.420 0.908 0.000 0.210
 0.000 0.000 1.000 0.000
 0.000 0.000 0.000 1.000)

2.4981088638305664
(0.906 -0.422 0.000 0.453
 0.422 0.906 0.000 0.211
 0.000 0.000 1.000 0.000
 0.000 0.000 0.000 1.000)

2.5148210525512695
(0.905 -0.425 0.000 0.453
 0.425 0.905 0.000 0.212
 0.000 0.000 1.000 0.000
 0.000 0.000 0.000 1.000)

2.531524896621704
(0.904 -0.428 0.000 0.452
 0.428 0.904 0.000 0.214
 0.000 0.000 1.000 0.000
 0.000 0.000 0.000 1.000)

2.5482399463653564
(0.903 -0.430 0.000 0.451
 0.430 0.903 0.000 0.215
 0.000 0.000 1.000 0.000
 0.000 0.000 0.000 1.000)

2.5649008750915527
(0.901 -0.433 0.000 0.451
 0.433 0.901 0.000 0.216
 0.000 0.000 1.000 0.000
 0.000 0.000 0.000 1.000)

2.581652879714966
(0.900 -0.435 0.000 0.450
 0.435 0.900 0.000 0.218
 0.000 0.000 1.000 0.000
 0.000 0.000 0.000 1.000)

2.598357915878296
(0.899 -0.438 0.000 0.449
 0.438 0.899 0.000 0.219
 0.000 0.000 1.000 0.000
 0.000 0.000 0.000 1.000)

2.615082025527954
(0.898 -0.441 0.000 0.449
 0.441 0.898 0.000 0.220
 0.000 0.000 1.000 0.000
 0.000 0.000 0.000 1.000)

2.6318130493164062
(0.896 -0.443 0.000 0.448
 0.443 0.896 0.000 0.222
 0.000 0.000 1.000 0.000
 0.000 0.000 0.000 1.000)

2.648534059524536
(0.895 -0.446 0.000 0.448
 0.446 0.895 0.000 0.223
 0.000 0.000 1.000 0.000
 0.000 0.000 0.000 1.000)

2.6652610301971436
(0.894 -0.449 0.000 0.447
 0.449 0.894 0.000 0.224
 0.000 0.000 1.000 0.000
 0.000 0.000 0.000 1.000)

2.681994915008545
(0.892 -0.451 0.000 0.446
 0.451 0.892 0.000 0.226
 0.000 0.000 1.000 0.000
 0.000 0.000 0.000 1.000)

2.6987218856811523
(0.891 -0.454 0.000 0.446
 0.454 0.891 0.000 0.227
 0.000 0.000 1.000 0.000
 0.000 0.000 0.000 1.000)

2.7154390811920166
(0.890 -0.456 0.000 0.445
 0.456 0.890 0.000 0.228
 0.000 0.000 1.000 0.000
 0.000 0.000 0.000 1.000)

2.7321550846099854
(0.888 -0.459 0.000 0.444
 0.459 0.888 0.000 0.229
 0.000 0.000 1.000 0.000
 0.000 0.000 0.000 1.000)

2.74885892868042
(0.887 -0.462 0.000 0.444
 0.462 0.887 0.000 0.231
 0.000 0.000 1.000 0.000
 0.000 0.000 0.000 1.000)

2.765604019165039
(0.886 -0.464 0.000 0.443
 0.464 0.886 0.000 0.232
 0.000 0.000 1.000 0.000
 0.000 0.000 0.000 1.000)

2.782325029373169
(0.884 -0.467 0.000 0.442
 0.467 0.884 0.000 0.233
 0.000 0.000 1.000 0.000
 0.000 0.000 0.000 1.000)

2.7990429401397705
(0.883 -0.469 0.000 0.442
 0.469 0.883 0.000 0.235
 0.000 0.000 1.000 0.000
 0.000 0.000 0.000 1.000)

2.8157799243927
(0.882 -0.472 0.000 0.441
 0.472 0.882 0.000 0.236
 0.000 0.000 1.000 0.000
 0.000 0.000 0.000 1.000)

2.8325159549713135
(0.880 -0.474 0.000 0.440
 0.474 0.880 0.000 0.237
 0.000 0.000 1.000 0.000
 0.000 0.000 0.000 1.000)

2.8492469787597656
(0.879 -0.477 0.000 0.439
 0.477 0.879 0.000 0.239
 0.000 0.000 1.000 0.000
 0.000 0.000 0.000 1.000)

2.865959882736206
(0.877 -0.480 0.000 0.439
 0.480 0.877 0.000 0.240
 0.000 0.000 1.000 0.000
 0.000 0.000 0.000 1.000)

2.88273286819458
(0.876 -0.482 0.000 0.438
 0.482 0.876 0.000 0.241
 0.000 0.000 1.000 0.000
 0.000 0.000 0.000 1.000)

2.8994719982147217
(0.875 -0.485 0.000 0.437
 0.485 0.875 0.000 0.242
 0.000 0.000 1.000 0.000
 0.000 0.000 0.000 1.000)

2.916184902191162
(0.873 -0.487 0.000 0.437
 0.487 0.873 0.000 0.244
 0.000 0.000 1.000 0.000
 0.000 0.000 0.000 1.000)

2.932919979095459
(0.872 -0.490 0.000 0.436
 0.490 0.872 0.000 0.245
 0.000 0.000 1.000 0.000
 0.000 0.000 0.000 1.000)

2.9496989250183105
(0.870 -0.492 0.000 0.435
 0.492 0.870 0.000 0.246
 0.000 0.000 1.000 0.000
 0.000 0.000 0.000 1.000)

2.9664440155029297
(0.869 -0.495 0.000 0.434
 0.495 0.869 0.000 0.247
 0.000 0.000 1.000 0.000
 0.000 0.000 0.000 1.000)

2.9831788539886475
(0.867 -0.497 0.000 0.434
 0.497 0.867 0.000 0.249
 0.000 0.000 1.000 0.000
 0.000 0.000 0.000 1.000)

2.999929904937744
(0.866 -0.500 0.000 0.433
 0.500 0.866 0.000 0.250
 0.000 0.000 1.000 0.000
 0.000 0.000 0.000 1.000)

3.0166659355163574
(0.865 -0.503 0.000 0.432
 0.503 0.865 0.000 0.251
 0.000 0.000 1.000 0.000
 0.000 0.000 0.000 1.000)

3.03341007232666
(0.863 -0.505 0.000 0.432
 0.505 0.863 0.000 0.253
 0.000 0.000 1.000 0.000
 0.000 0.000 0.000 1.000)

3.0501480102539062
(0.862 -0.508 0.000 0.431
 0.508 0.862 0.000 0.254
 0.000 0.000 1.000 0.000
 0.000 0.000 0.000 1.000)

3.0669028759002686
(0.860 -0.510 0.000 0.430
 0.510 0.860 0.000 0.255
 0.000 0.000 1.000 0.000
 0.000 0.000 0.000 1.000)

3.083603858947754
(0.859 -0.513 0.000 0.429
 0.513 0.859 0.000 0.256
 0.000 0.000 1.000 0.000
 0.000 0.000 0.000 1.000)

3.10036301612854
(0.857 -0.515 0.000 0.429
 0.515 0.857 0.000 0.258
 0.000 0.000 1.000 0.000
 0.000 0.000 0.000 1.000)

3.117060899734497
(0.856 -0.518 0.000 0.428
 0.518 0.856 0.000 0.259
 0.000 0.000 1.000 0.000
 0.000 0.000 0.000 1.000)

3.1337668895721436
(0.854 -0.520 0.000 0.427
 0.520 0.854 0.000 0.260
 0.000 0.000 1.000 0.000
 0.000 0.000 0.000 1.000)

3.1504878997802734
(0.853 -0.523 0.000 0.426
 0.523 0.853 0.000 0.261
 0.000 0.000 1.000 0.000
 0.000 0.000 0.000 1.000)

3.1672120094299316
(0.851 -0.525 0.000 0.426
 0.525 0.851 0.000 0.263
 0.000 0.000 1.000 0.000
 0.000 0.000 0.000 1.000)

3.1839230060577393
(0.850 -0.528 0.000 0.425
 0.528 0.850 0.000 0.264
 0.000 0.000 1.000 0.000
 0.000 0.000 0.000 1.000)

3.200545072555542
(0.848 -0.530 0.000 0.424
 0.530 0.848 0.000 0.265
 0.000 0.000 1.000 0.000
 0.000 0.000 0.000 1.000)

3.2172188758850098
(0.846 -0.532 0.000 0.423
 0.532 0.846 0.000 0.266
 0.000 0.000 1.000 0.000
 0.000 0.000 0.000 1.000)

3.2338950634002686
(0.845 -0.535 0.000 0.422
 0.535 0.845 0.000 0.267
 0.000 0.000 1.000 0.000
 0.000 0.000 0.000 1.000)

3.25056791305542
(0.843 -0.537 0.000 0.422
 0.537 0.843 0.000 0.269
 0.000 0.000 1.000 0.000
 0.000 0.000 0.000 1.000)

3.267241954803467
(0.842 -0.540 0.000 0.421
 0.540 0.842 0.000 0.270
 0.000 0.000 1.000 0.000
 0.000 0.000 0.000 1.000)

3.2839179039001465
(0.840 -0.542 0.000 0.420
 0.542 0.840 0.000 0.271
 0.000 0.000 1.000 0.000
 0.000 0.000 0.000 1.000)

3.3005869388580322
(0.839 -0.545 0.000 0.419
 0.545 0.839 0.000 0.272
 0.000 0.000 1.000 0.000
 0.000 0.000 0.000 1.000)

3.317265033721924
(0.837 -0.547 0.000 0.419
 0.547 0.837 0.000 0.274
 0.000 0.000 1.000 0.000
 0.000 0.000 0.000 1.000)

3.334069013595581
(0.835 -0.550 0.000 0.418
 0.550 0.835 0.000 0.275
 0.000 0.000 1.000 0.000
 0.000 0.000 0.000 1.000)

3.350811004638672
(0.834 -0.552 0.000 0.417
 0.552 0.834 0.000 0.276
 0.000 0.000 1.000 0.000
 0.000 0.000 0.000 1.000)

3.367550849914551
(0.832 -0.554 0.000 0.416
 0.554 0.832 0.000 0.277
 0.000 0.000 1.000 0.000
 0.000 0.000 0.000 1.000)

3.3842930793762207
(0.831 -0.557 0.000 0.415
 0.557 0.831 0.000 0.278
 0.000 0.000 1.000 0.000
 0.000 0.000 0.000 1.000)

3.4010300636291504
(0.829 -0.559 0.000 0.414
 0.559 0.829 0.000 0.280
 0.000 0.000 1.000 0.000
 0.000 0.000 0.000 1.000)

3.417759895324707
(0.827 -0.562 0.000 0.414
 0.562 0.827 0.000 0.281
 0.000 0.000 1.000 0.000
 0.000 0.000 0.000 1.000)

3.4344849586486816
(0.826 -0.564 0.000 0.413
 0.564 0.826 0.000 0.282
 0.000 0.000 1.000 0.000
 0.000 0.000 0.000 1.000)

3.45120906829834
(0.824 -0.567 0.000 0.412
 0.567 0.824 0.000 0.283
 0.000 0.000 1.000 0.000
 0.000 0.000 0.000 1.000)

3.467926025390625
(0.822 -0.569 0.000 0.411
 0.569 0.822 0.000 0.284
 0.000 0.000 1.000 0.000
 0.000 0.000 0.000 1.000)

3.484653949737549
(0.821 -0.571 0.000 0.410
 0.571 0.821 0.000 0.286
 0.000 0.000 1.000 0.000
 0.000 0.000 0.000 1.000)

3.5013680458068848
(0.819 -0.574 0.000 0.410
 0.574 0.819 0.000 0.287
 0.000 0.000 1.000 0.000
 0.000 0.000 0.000 1.000)

3.518095016479492
(0.817 -0.576 0.000 0.409
 0.576 0.817 0.000 0.288
 0.000 0.000 1.000 0.000
 0.000 0.000 0.000 1.000)

3.534820079803467
(0.816 -0.579 0.000 0.408
 0.579 0.816 0.000 0.289
 0.000 0.000 1.000 0.000
 0.000 0.000 0.000 1.000)

3.55153489112854
(0.814 -0.581 0.000 0.407
 0.581 0.814 0.000 0.290
 0.000 0.000 1.000 0.000
 0.000 0.000 0.000 1.000)

3.568253993988037
(0.812 -0.583 0.000 0.406
 0.583 0.812 0.000 0.292
 0.000 0.000 1.000 0.000
 0.000 0.000 0.000 1.000)

3.5849318504333496
(0.811 -0.586 0.000 0.405
 0.586 0.811 0.000 0.293
 0.000 0.000 1.000 0.000
 0.000 0.000 0.000 1.000)

3.601698875427246
(0.809 -0.588 0.000 0.404
 0.588 0.809 0.000 0.294
 0.000 0.000 1.000 0.000
 0.000 0.000 0.000 1.000)

3.618403911590576
(0.807 -0.590 0.000 0.404
 0.590 0.807 0.000 0.295
 0.000 0.000 1.000 0.000
 0.000 0.000 0.000 1.000)

3.635143995285034
(0.805 -0.593 0.000 0.403
 0.593 0.805 0.000 0.296
 0.000 0.000 1.000 0.000
 0.000 0.000 0.000 1.000)

3.651859998703003
(0.804 -0.595 0.000 0.402
 0.595 0.804 0.000 0.298
 0.000 0.000 1.000 0.000
 0.000 0.000 0.000 1.000)

3.668596029281616
(0.802 -0.597 0.000 0.401
 0.597 0.802 0.000 0.299
 0.000 0.000 1.000 0.000
 0.000 0.000 0.000 1.000)

3.685302972793579
(0.800 -0.600 0.000 0.400
 0.600 0.800 0.000 0.300
 0.000 0.000 1.000 0.000
 0.000 0.000 0.000 1.000)

3.702070951461792
(0.798 -0.602 0.000 0.399
 0.602 0.798 0.000 0.301
 0.000 0.000 1.000 0.000
 0.000 0.000 0.000 1.000)

3.7188119888305664
(0.797 -0.604 0.000 0.398
 0.604 0.797 0.000 0.302
 0.000 0.000 1.000 0.000
 0.000 0.000 0.000 1.000)

3.7355198860168457
(0.795 -0.607 0.000 0.397
 0.607 0.795 0.000 0.303
 0.000 0.000 1.000 0.000
 0.000 0.000 0.000 1.000)

3.7522969245910645
(0.793 -0.609 0.000 0.397
 0.609 0.793 0.000 0.305
 0.000 0.000 1.000 0.000
 0.000 0.000 0.000 1.000)

3.7690229415893555
(0.791 -0.611 0.000 0.396
 0.611 0.791 0.000 0.306
 0.000 0.000 1.000 0.000
 0.000 0.000 0.000 1.000)

3.7857348918914795
(0.790 -0.614 0.000 0.395
 0.614 0.790 0.000 0.307
 0.000 0.000 1.000 0.000
 0.000 0.000 0.000 1.000)

3.8024990558624268
(0.788 -0.616 0.000 0.394
 0.616 0.788 0.000 0.308
 0.000 0.000 1.000 0.000
 0.000 0.000 0.000 1.000)

3.819208860397339
(0.786 -0.618 0.000 0.393
 0.618 0.786 0.000 0.309
 0.000 0.000 1.000 0.000
 0.000 0.000 0.000 1.000)

3.8359808921813965
(0.784 -0.621 0.000 0.392
 0.621 0.784 0.000 0.310
 0.000 0.000 1.000 0.000
 0.000 0.000 0.000 1.000)

3.8527190685272217
(0.782 -0.623 0.000 0.391
 0.623 0.782 0.000 0.311
 0.000 0.000 1.000 0.000
 0.000 0.000 0.000 1.000)

3.8694589138031006
(0.780 -0.625 0.000 0.390
 0.625 0.780 0.000 0.313
 0.000 0.000 1.000 0.000
 0.000 0.000 0.000 1.000)

3.886167049407959
(0.779 -0.627 0.000 0.389
 0.627 0.779 0.000 0.314
 0.000 0.000 1.000 0.000
 0.000 0.000 0.000 1.000)

3.9029409885406494
(0.777 -0.630 0.000 0.388
 0.630 0.777 0.000 0.315
 0.000 0.000 1.000 0.000
 0.000 0.000 0.000 1.000)

3.9196829795837402
(0.775 -0.632 0.000 0.387
 0.632 0.775 0.000 0.316
 0.000 0.000 1.000 0.000
 0.000 0.000 0.000 1.000)

3.936397075653076
(0.773 -0.634 0.000 0.387
 0.634 0.773 0.000 0.317
 0.000 0.000 1.000 0.000
 0.000 0.000 0.000 1.000)

3.9531750679016113
(0.771 -0.637 0.000 0.386
 0.637 0.771 0.000 0.318
 0.000 0.000 1.000 0.000
 0.000 0.000 0.000 1.000)

3.969892978668213
(0.769 -0.639 0.000 0.385
 0.639 0.769 0.000 0.319
 0.000 0.000 1.000 0.000
 0.000 0.000 0.000 1.000)

3.9866268634796143
(0.768 -0.641 0.000 0.384
 0.641 0.768 0.000 0.320
 0.000 0.000 1.000 0.000
 0.000 0.000 0.000 1.000)

4.0033416748046875
(0.766 -0.643 0.000 0.383
 0.643 0.766 0.000 0.322
 0.000 0.000 1.000 0.000
 0.000 0.000 0.000 1.000)

4.020042896270752
(0.764 -0.645 0.000 0.382
 0.645 0.764 0.000 0.323
 0.000 0.000 1.000 0.000
 0.000 0.000 0.000 1.000)

4.036797046661377
(0.762 -0.648 0.000 0.381
 0.648 0.762 0.000 0.324
 0.000 0.000 1.000 0.000
 0.000 0.000 0.000 1.000)

4.053552627563477
(0.760 -0.650 0.000 0.380
 0.650 0.760 0.000 0.325
 0.000 0.000 1.000 0.000
 0.000 0.000 0.000 1.000)

4.070298194885254
(0.758 -0.652 0.000 0.379
 0.652 0.758 0.000 0.326
 0.000 0.000 1.000 0.000
 0.000 0.000 0.000 1.000)

4.08701229095459
(0.756 -0.654 0.000 0.378
 0.654 0.756 0.000 0.327
 0.000 0.000 1.000 0.000
 0.000 0.000 0.000 1.000)

4.103776931762695
(0.754 -0.657 0.000 0.377
 0.657 0.754 0.000 0.328
 0.000 0.000 1.000 0.000
 0.000 0.000 0.000 1.000)

4.120511054992676
(0.752 -0.659 0.000 0.376
 0.659 0.752 0.000 0.329
 0.000 0.000 1.000 0.000
 0.000 0.000 0.000 1.000)

4.137242317199707
(0.750 -0.661 0.000 0.375
 0.661 0.750 0.000 0.330
 0.000 0.000 1.000 0.000
 0.000 0.000 0.000 1.000)

4.153959274291992
(0.748 -0.663 0.000 0.374
 0.663 0.748 0.000 0.332
 0.000 0.000 1.000 0.000
 0.000 0.000 0.000 1.000)

4.170686721801758
(0.747 -0.665 0.000 0.373
 0.665 0.747 0.000 0.333
 0.000 0.000 1.000 0.000
 0.000 0.000 0.000 1.000)

4.187414169311523
(0.745 -0.667 0.000 0.372
 0.667 0.745 0.000 0.334
 0.000 0.000 1.000 0.000
 0.000 0.000 0.000 1.000)

4.204134941101074
(0.743 -0.670 0.000 0.371
 0.670 0.743 0.000 0.335
 0.000 0.000 1.000 0.000
 0.000 0.000 0.000 1.000)

4.220839977264404
(0.741 -0.672 0.000 0.370
 0.672 0.741 0.000 0.336
 0.000 0.000 1.000 0.000
 0.000 0.000 0.000 1.000)

4.237531661987305
(0.739 -0.674 0.000 0.369
 0.674 0.739 0.000 0.337
 0.000 0.000 1.000 0.000
 0.000 0.000 0.000 1.000)

4.2542948722839355
(0.737 -0.676 0.000 0.368
 0.676 0.737 0.000 0.338
 0.000 0.000 1.000 0.000
 0.000 0.000 0.000 1.000)

4.271015167236328
(0.735 -0.678 0.000 0.367
 0.678 0.735 0.000 0.339
 0.000 0.000 1.000 0.000
 0.000 0.000 0.000 1.000)

4.287755012512207
(0.733 -0.680 0.000 0.366
 0.680 0.733 0.000 0.340
 0.000 0.000 1.000 0.000
 0.000 0.000 0.000 1.000)

4.304495811462402
(0.731 -0.683 0.000 0.365
 0.683 0.731 0.000 0.341
 0.000 0.000 1.000 0.000
 0.000 0.000 0.000 1.000)

4.321238040924072
(0.729 -0.685 0.000 0.364
 0.685 0.729 0.000 0.342
 0.000 0.000 1.000 0.000
 0.000 0.000 0.000 1.000)

4.337970733642578
(0.727 -0.687 0.000 0.363
 0.687 0.727 0.000 0.343
 0.000 0.000 1.000 0.000
 0.000 0.000 0.000 1.000)

4.35472297668457
(0.725 -0.689 0.000 0.362
 0.689 0.725 0.000 0.344
 0.000 0.000 1.000 0.000
 0.000 0.000 0.000 1.000)

4.371455192565918
(0.723 -0.691 0.000 0.361
 0.691 0.723 0.000 0.346
 0.000 0.000 1.000 0.000
 0.000 0.000 0.000 1.000)

4.388199806213379
(0.721 -0.693 0.000 0.360
 0.693 0.721 0.000 0.347
 0.000 0.000 1.000 0.000
 0.000 0.000 0.000 1.000)

4.404900074005127
(0.719 -0.695 0.000 0.359
 0.695 0.719 0.000 0.348
 0.000 0.000 1.000 0.000
 0.000 0.000 0.000 1.000)

4.421674728393555
(0.717 -0.697 0.000 0.358
 0.697 0.717 0.000 0.349
 0.000 0.000 1.000 0.000
 0.000 0.000 0.000 1.000)

4.438399314880371
(0.715 -0.699 0.000 0.357
 0.699 0.715 0.000 0.350
 0.000 0.000 1.000 0.000
 0.000 0.000 0.000 1.000)

4.455173969268799
(0.713 -0.702 0.000 0.356
 0.702 0.713 0.000 0.351
 0.000 0.000 1.000 0.000
 0.000 0.000 0.000 1.000)

4.471918106079102
(0.711 -0.704 0.000 0.355
 0.704 0.711 0.000 0.352
 0.000 0.000 1.000 0.000
 0.000 0.000 0.000 1.000)

4.488655090332031
(0.709 -0.706 0.000 0.354
 0.706 0.709 0.000 0.353
 0.000 0.000 1.000 0.000
 0.000 0.000 0.000 1.000)

4.50537109375
(0.706 -0.708 0.000 0.353
 0.708 0.706 0.000 0.354
 0.000 0.000 1.000 0.000
 0.000 0.000 0.000 1.000)

4.522111892700195
(0.704 -0.710 0.000 0.352
 0.710 0.704 0.000 0.355
 0.000 0.000 1.000 0.000
 0.000 0.000 0.000 1.000)

4.538830757141113
(0.702 -0.712 0.000 0.351
 0.712 0.702 0.000 0.356
 0.000 0.000 1.000 0.000
 0.000 0.000 0.000 1.000)

4.555547714233398
(0.700 -0.714 0.000 0.350
 0.714 0.700 0.000 0.357
 0.000 0.000 1.000 0.000
 0.000 0.000 0.000 1.000)

4.572269916534424
(0.698 -0.716 0.000 0.349
 0.716 0.698 0.000 0.358
 0.000 0.000 1.000 0.000
 0.000 0.000 0.000 1.000)

4.588950157165527
(0.696 -0.718 0.000 0.348
 0.718 0.696 0.000 0.359
 0.000 0.000 1.000 0.000
 0.000 0.000 0.000 1.000)

