0.0
(0.180 0.231 0.956 -0.307
 -0.805 0.593 0.009 0.756
 -0.565 -0.771 0.293 0.058
 0.000 0.000 0.000 1.000)

0.009567022323608398
(0.185 0.257 0.949 -0.313
 -0.825 0.566 0.007 0.762
 -0.535 -0.783 0.316 0.070
 0.000 0.000 0.000 1.000)

0.0270230770111084
(0.188 0.217 0.958 -0.320
 -0.854 0.518 0.050 0.761
 -0.485 -0.827 0.283 0.090
 0.000 0.000 0.000 1.000)

0.04384422302246094
(0.163 0.208 0.964 -0.328
 -0.872 0.487 0.042 0.764
 -0.461 -0.848 0.261 0.110
 0.000 0.000 0.000 1.000)

0.05979108810424805
(0.133 0.193 0.972 -0.335
 -0.887 0.462 0.029 0.770
 -0.443 -0.866 0.232 0.129
 0.000 0.000 0.000 1.000)

0.07941007614135742
(0.098 0.184 0.978 -0.338
 -0.895 0.446 0.007 0.773
 -0.435 -0.876 0.208 0.153
 0.000 0.000 0.000 1.000)

0.09282922744750977
(0.038 0.159 0.986 -0.342
 -0.894 0.447 -0.038 0.780
 -0.447 -0.880 0.159 0.174
 0.000 0.000 0.000 1.000)

1.811277151107788
(0.283 -0.638 0.716 -0.574
 0.687 0.656 0.312 0.856
 -0.669 0.404 0.624 0.496
 0.000 0.000 0.000 1.000)

1.8289120197296143
(0.338 -0.668 0.663 -0.550
 0.665 0.668 0.334 0.852
 -0.666 0.328 0.670 0.466
 0.000 0.000 0.000 1.000)

1.8454551696777344
(0.381 -0.702 0.602 -0.523
 0.633 0.673 0.384 0.845
 -0.674 0.235 0.701 0.438
 0.000 0.000 0.000 1.000)

1.8620920181274414
(0.435 -0.730 0.527 -0.492
 0.602 0.671 0.433 0.838
 -0.670 0.128 0.731 0.411
 0.000 0.000 0.000 1.000)

1.8788361549377441
(0.491 -0.737 0.464 -0.461
 0.559 0.675 0.481 0.830
 -0.668 0.023 0.744 0.388
 0.000 0.000 0.000 1.000)

1.8954992294311523
(0.553 -0.730 0.402 -0.429
 0.510 0.678 0.530 0.823
 -0.659 -0.088 0.747 0.366
 0.000 0.000 0.000 1.000)

1.9121510982513428
(0.610 -0.707 0.357 -0.400
 0.456 0.682 0.571 0.817
 -0.647 -0.186 0.739 0.348
 0.000 0.000 0.000 1.000)

1.928861141204834
(0.669 -0.671 0.321 -0.372
 0.403 0.690 0.602 0.813
 -0.625 -0.273 0.731 0.331
 0.000 0.000 0.000 1.000)

1.945519208908081
(0.721 -0.629 0.290 -0.346
 0.359 0.698 0.619 0.811
 -0.592 -0.343 0.729 0.313
 0.000 0.000 0.000 1.000)

1.9622070789337158
(0.759 -0.595 0.264 -0.321
 0.342 0.709 0.617 0.813
 -0.555 -0.378 0.741 0.293
 0.000 0.000 0.000 1.000)

1.9789390563964844
(0.785 -0.575 0.231 -0.295
 0.345 0.715 0.608 0.816
 -0.515 -0.398 0.759 0.274
 0.000 0.000 0.000 1.000)

1.995535135269165
(0.803 -0.566 0.188 -0.268
 0.369 0.719 0.589 0.822
 -0.469 -0.403 0.786 0.253
 0.000 0.000 0.000 1.000)

2.0122132301330566
(0.818 -0.557 0.141 -0.241
 0.394 0.723 0.568 0.831
 -0.419 -0.409 0.811 0.234
 0.000 0.000 0.000 1.000)

2.0336050987243652
(0.839 -0.535 0.096 -0.214
 0.406 0.734 0.545 0.840
 -0.362 -0.418 0.833 0.215
 0.000 0.000 0.000 1.000)

2.045501232147217
(0.866 -0.497 0.053 -0.188
 0.402 0.756 0.517 0.851
 -0.297 -0.426 0.854 0.197
 0.000 0.000 0.000 1.000)

2.0623061656951904
(0.891 -0.454 0.007 -0.162
 0.391 0.775 0.496 0.863
 -0.231 -0.440 0.868 0.181
 0.000 0.000 0.000 1.000)

2.0790910720825195
(0.909 -0.414 -0.042 -0.136
 0.383 0.793 0.473 0.874
 -0.163 -0.446 0.880 0.166
 0.000 0.000 0.000 1.000)

2.111462116241455
(0.918 -0.358 -0.173 -0.085
 0.397 0.829 0.394 0.902
 0.002 -0.430 0.903 0.139
 0.000 0.000 0.000 1.000)

2.129054069519043
(0.912 -0.330 -0.244 -0.060
 0.400 0.847 0.351 0.916
 0.091 -0.418 0.904 0.128
 0.000 0.000 0.000 1.000)

2.145620107650757
(0.898 -0.312 -0.311 -0.035
 0.403 0.867 0.294 0.931
 0.178 -0.390 0.904 0.117
 0.000 0.000 0.000 1.000)

2.1622040271759033
(0.880 -0.293 -0.375 -0.012
 0.399 0.883 0.247 0.944
 0.258 -0.367 0.894 0.108
 0.000 0.000 0.000 1.000)

2.1789820194244385
(0.852 -0.295 -0.432 0.009
 0.407 0.892 0.195 0.957
 0.328 -0.343 0.880 0.098
 0.000 0.000 0.000 1.000)

2.195733070373535
(0.820 -0.308 -0.483 0.028
 0.423 0.894 0.149 0.969
 0.386 -0.327 0.863 0.090
 0.000 0.000 0.000 1.000)

2.212163209915161
(0.788 -0.332 -0.518 0.044
 0.449 0.886 0.115 0.979
 0.421 -0.323 0.847 0.081
 0.000 0.000 0.000 1.000)

2.228976011276245
(0.768 -0.351 -0.535 0.058
 0.465 0.880 0.090 0.987
 0.439 -0.319 0.840 0.070
 0.000 0.000 0.000 1.000)

2.245739221572876
(0.759 -0.370 -0.536 0.068
 0.475 0.877 0.068 0.993
 0.445 -0.307 0.842 0.057
 0.000 0.000 0.000 1.000)

2.262418031692505
(0.761 -0.378 -0.528 0.078
 0.473 0.879 0.053 0.997
 0.444 -0.291 0.847 0.044
 0.000 0.000 0.000 1.000)

2.2790040969848633
(0.763 -0.381 -0.521 0.086
 0.473 0.880 0.048 0.999
 0.441 -0.283 0.852 0.030
 0.000 0.000 0.000 1.000)

2.2956881523132324
(0.766 -0.372 -0.525 0.096
 0.467 0.882 0.057 0.999
 0.442 -0.289 0.849 0.017
 0.000 0.000 0.000 1.000)

2.312404155731201
(0.770 -0.348 -0.534 0.105
 0.453 0.888 0.074 0.997
 0.448 -0.299 0.842 0.004
 0.000 0.000 0.000 1.000)

2.3289361000061035
(0.783 -0.314 -0.537 0.113
 0.429 0.897 0.101 0.992
 0.451 -0.310 0.837 -0.008
 0.000 0.000 0.000 1.000)

2.345635175704956
(0.804 -0.273 -0.528 0.119
 0.401 0.905 0.143 0.984
 0.439 -0.327 0.837 -0.022
 0.000 0.000 0.000 1.000)

2.3624181747436523
(0.834 -0.223 -0.505 0.122
 0.366 0.908 0.204 0.973
 0.412 -0.355 0.839 -0.037
 0.000 0.000 0.000 1.000)

2.379096031188965
(0.872 -0.180 -0.455 0.122
 0.333 0.900 0.282 0.959
 0.359 -0.397 0.845 -0.052
 0.000 0.000 0.000 1.000)

2.3957531452178955
(0.911 -0.153 -0.384 0.119
 0.301 0.882 0.362 0.944
 0.283 -0.446 0.849 -0.068
 0.000 0.000 0.000 1.000)

2.412426233291626
(0.944 -0.144 -0.298 0.114
 0.269 0.857 0.439 0.929
 0.192 -0.494 0.848 -0.082
 0.000 0.000 0.000 1.000)

2.4291701316833496
(0.967 -0.149 -0.208 0.109
 0.237 0.831 0.503 0.917
 0.098 -0.536 0.839 -0.095
 0.000 0.000 0.000 1.000)

2.4458110332489014
(0.978 -0.158 -0.133 0.105
 0.206 0.811 0.548 0.909
 0.022 -0.564 0.826 -0.106
 0.000 0.000 0.000 1.000)

2.4625730514526367
(0.984 -0.159 -0.075 0.103
 0.173 0.799 0.576 0.905
 -0.032 -0.579 0.814 -0.116
 0.000 0.000 0.000 1.000)

2.4792630672454834
(0.989 -0.144 -0.034 0.104
 0.135 0.792 0.595 0.903
 -0.059 -0.593 0.803 -0.125
 0.000 0.000 0.000 1.000)

2.495925188064575
(0.993 -0.116 0.006 0.105
 0.087 0.779 0.620 0.901
 -0.077 -0.616 0.784 -0.133
 0.000 0.000 0.000 1.000)

2.5124950408935547
(0.994 -0.095 0.046 0.106
 0.042 0.756 0.653 0.898
 -0.097 -0.648 0.756 -0.139
 0.000 0.000 0.000 1.000)

2.529193162918091
(0.992 -0.083 0.092 0.107
 -0.004 0.716 0.698 0.893
 -0.124 -0.693 0.711 -0.142
 0.000 0.000 0.000 1.000)

2.5458431243896484
(0.986 -0.086 0.141 0.107
 -0.048 0.668 0.743 0.889
 -0.158 -0.740 0.654 -0.145
 0.000 0.000 0.000 1.000)

2.5625410079956055
(0.978 -0.095 0.185 0.108
 -0.087 0.621 0.779 0.886
 -0.189 -0.778 0.599 -0.148
 0.000 0.000 0.000 1.000)

2.579240083694458
(0.972 -0.095 0.214 0.110
 -0.119 0.586 0.801 0.884
 -0.202 -0.804 0.559 -0.153
 0.000 0.000 0.000 1.000)

2.595914125442505
(0.971 -0.084 0.223 0.115
 -0.138 0.566 0.813 0.885
 -0.195 -0.820 0.538 -0.161
 0.000 0.000 0.000 1.000)

2.612657070159912
(0.973 -0.080 0.218 0.122
 -0.139 0.551 0.823 0.885
 -0.186 -0.831 0.524 -0.171
 0.000 0.000 0.000 1.000)

2.629390001296997
(0.976 -0.076 0.203 0.130
 -0.134 0.526 0.840 0.885
 -0.171 -0.847 0.504 -0.179
 0.000 0.000 0.000 1.000)

2.6460931301116943
(0.982 -0.045 0.182 0.140
 -0.136 0.496 0.857 0.886
 -0.129 -0.867 0.481 -0.186
 0.000 0.000 0.000 1.000)

2.662767171859741
(0.986 0.019 0.168 0.148
 -0.157 0.471 0.868 0.887
 -0.063 -0.882 0.467 -0.194
 0.000 0.000 0.000 1.000)

2.6794121265411377
(0.982 0.086 0.166 0.153
 -0.187 0.454 0.871 0.889
 -0.000 -0.887 0.462 -0.203
 0.000 0.000 0.000 1.000)

2.6960442066192627
(0.975 0.135 0.175 0.156
 -0.217 0.447 0.868 0.892
 0.039 -0.885 0.465 -0.213
 0.000 0.000 0.000 1.000)

2.7127292156219482
(0.969 0.156 0.192 0.158
 -0.242 0.443 0.863 0.896
 0.050 -0.883 0.467 -0.224
 0.000 0.000 0.000 1.000)

2.7293331623077393
(0.967 0.156 0.201 0.160
 -0.250 0.441 0.862 0.898
 0.046 -0.884 0.466 -0.234
 0.000 0.000 0.000 1.000)

2.7461252212524414
(0.964 0.168 0.206 0.163
 -0.260 0.436 0.862 0.899
 0.055 -0.884 0.464 -0.243
 0.000 0.000 0.000 1.000)

2.762787103652954
(0.961 0.192 0.198 0.168
 -0.264 0.430 0.863 0.899
 0.081 -0.882 0.464 -0.252
 0.000 0.000 0.000 1.000)

2.7794392108917236
(0.957 0.225 0.183 0.173
 -0.266 0.430 0.863 0.900
 0.115 -0.874 0.471 -0.262
 0.000 0.000 0.000 1.000)

2.795959234237671
(0.954 0.256 0.158 0.180
 -0.261 0.447 0.856 0.901
 0.148 -0.857 0.493 -0.274
 0.000 0.000 0.000 1.000)

2.812786102294922
(0.956 0.268 0.119 0.189
 -0.241 0.487 0.840 0.904
 0.167 -0.831 0.530 -0.288
 0.000 0.000 0.000 1.000)

2.8294382095336914
(0.965 0.253 0.069 0.199
 -0.201 0.543 0.815 0.909
 0.169 -0.801 0.575 -0.304
 0.000 0.000 0.000 1.000)

2.8516111373901367
(0.978 0.209 0.017 0.209
 -0.145 0.613 0.777 0.917
 0.152 -0.762 0.629 -0.322
 0.000 0.000 0.000 1.000)

2.862579107284546
(0.989 0.147 -0.029 0.218
 -0.080 0.679 0.730 0.927
 0.127 -0.719 0.683 -0.340
 0.000 0.000 0.000 1.000)

2.879270076751709
(0.994 0.086 -0.068 0.225
 -0.018 0.738 0.675 0.940
 0.108 -0.669 0.735 -0.358
 0.000 0.000 0.000 1.000)

2.8959290981292725
(0.994 0.036 -0.099 0.232
 0.033 0.787 0.616 0.952
 0.099 -0.616 0.781 -0.374
 0.000 0.000 0.000 1.000)

2.913457155227661
(0.992 0.000 -0.124 0.237
 0.069 0.826 0.560 0.965
 0.102 -0.564 0.819 -0.390
 0.000 0.000 0.000 1.000)

2.929441213607788
(0.988 -0.024 -0.153 0.243
 0.099 0.858 0.505 0.977
 0.119 -0.514 0.850 -0.404
 0.000 0.000 0.000 1.000)

2.946202039718628
(0.979 -0.058 -0.194 0.250
 0.141 0.883 0.447 0.990
 0.145 -0.465 0.873 -0.416
 0.000 0.000 0.000 1.000)

2.9628050327301025
(0.961 -0.129 -0.246 0.258
 0.218 0.900 0.377 1.005
 0.173 -0.416 0.893 -0.429
 0.000 0.000 0.000 1.000)

2.9795711040496826
(0.926 -0.234 -0.296 0.265
 0.322 0.899 0.297 1.022
 0.197 -0.370 0.908 -0.441
 0.000 0.000 0.000 1.000)

2.9962661266326904
(0.876 -0.355 -0.325 0.270
 0.432 0.879 0.203 1.039
 0.213 -0.318 0.924 -0.453
 0.000 0.000 0.000 1.000)

3.01279616355896
(0.814 -0.487 -0.318 0.269
 0.541 0.834 0.109 1.057
 0.212 -0.261 0.942 -0.467
 0.000 0.000 0.000 1.000)

3.0295610427856445
(0.733 -0.618 -0.283 0.264
 0.650 0.760 0.023 1.072
 0.201 -0.201 0.959 -0.482
 0.000 0.000 0.000 1.000)

3.0462660789489746
(0.631 -0.740 -0.233 0.256
 0.752 0.658 -0.051 1.085
 0.191 -0.143 0.971 -0.496
 0.000 0.000 0.000 1.000)

3.0629491806030273
(0.509 -0.842 -0.180 0.246
 0.840 0.532 -0.110 1.095
 0.188 -0.095 0.978 -0.509
 0.000 0.000 0.000 1.000)

3.079634189605713
(0.368 -0.921 -0.128 0.236
 0.909 0.386 -0.156 1.102
 0.193 -0.059 0.979 -0.522
 0.000 0.000 0.000 1.000)

3.0962932109832764
(0.204 -0.975 -0.085 0.227
 0.958 0.216 -0.187 1.106
 0.200 -0.043 0.979 -0.533
 0.000 0.000 0.000 1.000)

3.112819194793701
(0.041 -0.998 -0.053 0.219
 0.977 0.051 -0.205 1.108
 0.207 -0.044 0.977 -0.544
 0.000 0.000 0.000 1.000)

3.1297051906585693
(-0.091 -0.996 -0.023 0.211
 0.973 -0.083 -0.216 1.109
 0.213 -0.042 0.976 -0.556
 0.000 0.000 0.000 1.000)

3.146350145339966
(-0.195 -0.981 0.014 0.203
 0.957 -0.193 -0.218 1.109
 0.217 -0.030 0.976 -0.569
 0.000 0.000 0.000 1.000)

3.163034200668335
(-0.290 -0.955 0.054 0.195
 0.932 -0.295 -0.211 1.107
 0.217 -0.011 0.976 -0.582
 0.000 0.000 0.000 1.000)

3.1798160076141357
(-0.370 -0.924 0.100 0.186
 0.902 -0.383 -0.200 1.106
 0.223 0.016 0.975 -0.595
 0.000 0.000 0.000 1.000)

3.196221113204956
(-0.401 -0.904 0.148 0.179
 0.888 -0.423 -0.181 1.103
 0.226 0.059 0.972 -0.608
 0.000 0.000 0.000 1.000)

3.212984085083008
(-0.362 -0.914 0.185 0.174
 0.909 -0.390 -0.145 1.099
 0.204 0.115 0.972 -0.621
 0.000 0.000 0.000 1.000)

3.229645013809204
(-0.269 -0.941 0.206 0.171
 0.950 -0.295 -0.103 1.095
 0.157 0.168 0.973 -0.634
 0.000 0.000 0.000 1.000)

3.2463631629943848
(-0.166 -0.966 0.198 0.172
 0.980 -0.183 -0.071 1.092
 0.105 0.182 0.978 -0.647
 0.000 0.000 0.000 1.000)

3.2634241580963135
(-0.028 -0.986 0.164 0.174
 0.998 -0.037 -0.049 1.090
 0.055 0.163 0.985 -0.659
 0.000 0.000 0.000 1.000)

3.279682159423828
(0.176 -0.975 0.139 0.174
 0.984 0.176 -0.010 1.085
 -0.015 0.138 0.990 -0.672
 0.000 0.000 0.000 1.000)

3.298988103866577
(0.425 -0.893 0.146 0.169
 0.899 0.436 0.052 1.075
 -0.110 0.109 0.988 -0.683
 0.000 0.000 0.000 1.000)

3.3130991458892822
(0.640 -0.747 0.182 0.160
 0.739 0.663 0.122 1.064
 -0.212 0.056 0.976 -0.692
 0.000 0.000 0.000 1.000)

3.32981014251709
(0.756 -0.611 0.235 0.146
 0.582 0.791 0.188 1.054
 -0.301 -0.005 0.954 -0.699
 0.000 0.000 0.000 1.000)

3.3535261154174805
(0.792 -0.535 0.294 0.130
 0.479 0.843 0.244 1.047
 -0.378 -0.052 0.924 -0.705
 0.000 0.000 0.000 1.000)

3.363091230392456
(0.779 -0.518 0.354 0.114
 0.439 0.853 0.281 1.043
 -0.448 -0.063 0.892 -0.709
 0.000 0.000 0.000 1.000)

3.3797190189361572
(0.757 -0.509 0.410 0.099
 0.419 0.859 0.293 1.045
 -0.501 -0.050 0.864 -0.713
 0.000 0.000 0.000 1.000)

3.396343231201172
(0.754 -0.464 0.465 0.085
 0.372 0.885 0.280 1.049
 -0.542 -0.038 0.839 -0.717
 0.000 0.000 0.000 1.000)

3.4131081104278564
(0.767 -0.371 0.523 0.069
 0.278 0.927 0.250 1.055
 -0.578 -0.046 0.815 -0.719
 0.000 0.000 0.000 1.000)

3.4297962188720703
(0.777 -0.248 0.578 0.054
 0.148 0.965 0.215 1.060
 -0.612 -0.082 0.787 -0.721
 0.000 0.000 0.000 1.000)

3.4463582038879395
(0.758 -0.143 0.636 0.038
 0.027 0.982 0.188 1.064
 -0.651 -0.125 0.749 -0.720
 0.000 0.000 0.000 1.000)

3.463064193725586
(0.714 -0.076 0.697 0.021
 -0.053 0.985 0.161 1.069
 -0.699 -0.152 0.699 -0.718
 0.000 0.000 0.000 1.000)

3.4796290397644043
(0.653 -0.069 0.754 0.005
 -0.064 0.987 0.145 1.072
 -0.755 -0.143 0.640 -0.715
 0.000 0.000 0.000 1.000)

3.4963810443878174
(0.594 -0.084 0.800 -0.008
 -0.047 0.989 0.138 1.075
 -0.803 -0.120 0.584 -0.713
 0.000 0.000 0.000 1.000)

3.51312518119812
(0.552 -0.101 0.828 -0.018
 -0.026 0.990 0.137 1.077
 -0.833 -0.097 0.544 -0.713
 0.000 0.000 0.000 1.000)

3.529933214187622
(0.532 -0.099 0.841 -0.025
 -0.035 0.990 0.138 1.078
 -0.846 -0.103 0.523 -0.715
 0.000 0.000 0.000 1.000)

3.546614170074463
(0.522 -0.084 0.849 -0.031
 -0.069 0.988 0.141 1.079
 -0.850 -0.132 0.509 -0.718
 0.000 0.000 0.000 1.000)

3.563271999359131
(0.513 -0.042 0.857 -0.037
 -0.135 0.982 0.129 1.080
 -0.847 -0.182 0.499 -0.722
 0.000 0.000 0.000 1.000)

3.57993221282959
(0.498 0.000 0.867 -0.042
 -0.190 0.976 0.109 1.083
 -0.846 -0.219 0.486 -0.725
 0.000 0.000 0.000 1.000)

3.596647024154663
(0.472 0.030 0.881 -0.049
 -0.226 0.970 0.088 1.087
 -0.852 -0.241 0.464 -0.726
 0.000 0.000 0.000 1.000)

3.6147921085357666
(0.435 0.051 0.899 -0.056
 -0.256 0.964 0.069 1.090
 -0.863 -0.260 0.433 -0.726
 0.000 0.000 0.000 1.000)

3.6297831535339355
(0.391 0.061 0.919 -0.063
 -0.285 0.957 0.057 1.092
 -0.875 -0.284 0.391 -0.723
 0.000 0.000 0.000 1.000)

3.6464650630950928
(0.341 0.059 0.938 -0.070
 -0.305 0.951 0.051 1.094
 -0.889 -0.303 0.342 -0.719
 0.000 0.000 0.000 1.000)

3.663361072540283
(0.290 0.035 0.957 -0.076
 -0.302 0.952 0.057 1.094
 -0.908 -0.306 0.286 -0.714
 0.000 0.000 0.000 1.000)

3.6799612045288086
(0.242 0.007 0.970 -0.082
 -0.292 0.954 0.066 1.093
 -0.925 -0.299 0.233 -0.709
 0.000 0.000 0.000 1.000)

3.696723222732544
(0.198 -0.014 0.980 -0.087
 -0.289 0.955 0.072 1.093
 -0.937 -0.297 0.185 -0.704
 0.000 0.000 0.000 1.000)

3.7133920192718506
(0.155 -0.031 0.987 -0.092
 -0.297 0.952 0.076 1.092
 -0.942 -0.305 0.138 -0.700
 0.000 0.000 0.000 1.000)

3.730025053024292
(0.115 -0.053 0.992 -0.096
 -0.313 0.946 0.086 1.090
 -0.943 -0.320 0.092 -0.695
 0.000 0.000 0.000 1.000)

3.7467241287231445
(0.080 -0.083 0.993 -0.099
 -0.331 0.938 0.105 1.086
 -0.940 -0.338 0.048 -0.690
 0.000 0.000 0.000 1.000)

3.763381004333496
(0.055 -0.121 0.991 -0.101
 -0.347 0.928 0.133 1.081
 -0.936 -0.352 0.009 -0.686
 0.000 0.000 0.000 1.000)

3.780039072036743
(0.038 -0.161 0.986 -0.103
 -0.354 0.921 0.164 1.076
 -0.935 -0.355 -0.022 -0.684
 0.000 0.000 0.000 1.000)

3.7967262268066406
(0.024 -0.196 0.980 -0.104
 -0.360 0.913 0.191 1.071
 -0.933 -0.358 -0.048 -0.682
 0.000 0.000 0.000 1.000)

3.813951015472412
(0.012 -0.223 0.975 -0.105
 -0.368 0.905 0.212 1.067
 -0.930 -0.361 -0.072 -0.680
 0.000 0.000 0.000 1.000)

3.8301050662994385
(-0.004 -0.247 0.969 -0.106
 -0.382 0.896 0.227 1.064
 -0.924 -0.369 -0.098 -0.678
 0.000 0.000 0.000 1.000)

3.8467371463775635
(-0.023 -0.263 0.965 -0.107
 -0.397 0.888 0.232 1.062
 -0.917 -0.378 -0.125 -0.676
 0.000 0.000 0.000 1.000)

3.863485097885132
(-0.041 -0.267 0.963 -0.108
 -0.415 0.881 0.227 1.062
 -0.909 -0.391 -0.147 -0.674
 0.000 0.000 0.000 1.000)

3.8800032138824463
(-0.057 -0.261 0.964 -0.109
 -0.437 0.874 0.211 1.063
 -0.898 -0.409 -0.164 -0.674
 0.000 0.000 0.000 1.000)

3.896860122680664
(-0.072 -0.247 0.966 -0.111
 -0.464 0.866 0.187 1.066
 -0.883 -0.435 -0.177 -0.674
 0.000 0.000 0.000 1.000)

3.9135801792144775
(-0.086 -0.234 0.969 -0.113
 -0.493 0.855 0.163 1.068
 -0.866 -0.463 -0.188 -0.674
 0.000 0.000 0.000 1.000)

3.9300482273101807
(-0.099 -0.225 0.969 -0.114
 -0.522 0.841 0.142 1.069
 -0.847 -0.492 -0.201 -0.674
 0.000 0.000 0.000 1.000)

3.946796178817749
(-0.110 -0.225 0.968 -0.115
 -0.539 0.832 0.132 1.068
 -0.835 -0.507 -0.213 -0.675
 0.000 0.000 0.000 1.000)

3.963503122329712
(-0.113 -0.235 0.965 -0.115
 -0.537 0.832 0.139 1.066
 -0.836 -0.503 -0.220 -0.676
 0.000 0.000 0.000 1.000)

3.9802141189575195
(-0.108 -0.246 0.963 -0.115
 -0.520 0.840 0.156 1.061
 -0.847 -0.484 -0.218 -0.680
 0.000 0.000 0.000 1.000)

3.998314142227173
(-0.094 -0.248 0.964 -0.115
 -0.511 0.843 0.168 1.058
 -0.855 -0.476 -0.206 -0.686
 0.000 0.000 0.000 1.000)

4.013443946838379
(-0.077 -0.236 0.969 -0.116
 -0.521 0.838 0.163 1.057
 -0.850 -0.493 -0.187 -0.692
 0.000 0.000 0.000 1.000)

4.030137062072754
(-0.060 -0.219 0.974 -0.117
 -0.537 0.830 0.153 1.056
 -0.842 -0.513 -0.167 -0.698
 0.000 0.000 0.000 1.000)

4.04682731628418
(-0.051 -0.200 0.979 -0.119
 -0.537 0.832 0.142 1.057
 -0.842 -0.518 -0.149 -0.704
 0.000 0.000 0.000 1.000)

4.0635600090026855
(-0.042 -0.180 0.983 -0.120
 -0.518 0.845 0.133 1.057
 -0.855 -0.503 -0.129 -0.710
 0.000 0.000 0.000 1.000)

4.0803070068359375
(-0.031 -0.153 0.988 -0.122
 -0.478 0.870 0.120 1.059
 -0.878 -0.468 -0.100 -0.719
 0.000 0.000 0.000 1.000)

4.096892356872559
(-0.009 -0.112 0.994 -0.124
 -0.424 0.900 0.098 1.063
 -0.906 -0.420 -0.056 -0.731
 0.000 0.000 0.000 1.000)

4.113522052764893
(0.028 -0.057 0.998 -0.125
 -0.368 0.928 0.063 1.069
 -0.929 -0.369 0.005 -0.747
 0.000 0.000 0.000 1.000)

4.130208969116211
(0.090 0.024 0.996 -0.124
 -0.333 0.943 0.008 1.078
 -0.939 -0.332 0.093 -0.768
 0.000 0.000 0.000 1.000)

4.1468682289123535
(0.178 0.124 0.976 -0.120
 -0.321 0.945 -0.062 1.087
 -0.930 -0.303 0.208 -0.792
 0.000 0.000 0.000 1.000)

4.199782371520996
(0.424 0.309 0.851 -0.097
 -0.347 0.924 -0.162 1.102
 -0.837 -0.227 0.499 -0.846
 0.000 0.000 0.000 1.000)

4.200765132904053
(0.549 0.365 0.752 -0.080
 -0.362 0.915 -0.179 1.106
 -0.753 -0.174 0.635 -0.871
 0.000 0.000 0.000 1.000)

4.2174882888793945
(0.758 0.400 0.515 -0.038
 -0.382 0.913 -0.146 1.103
 -0.528 -0.086 0.845 -0.910
 0.000 0.000 0.000 1.000)

4.234087944030762
(0.833 0.394 0.388 -0.016
 -0.386 0.917 -0.103 1.097
 -0.397 -0.064 0.916 -0.923
 0.000 0.000 0.000 1.000)

4.252025127410889
(0.884 0.389 0.259 0.006
 -0.389 0.920 -0.053 1.090
 -0.259 -0.054 0.964 -0.932
 0.000 0.000 0.000 1.000)

4.274082183837891
(0.914 0.384 0.131 0.028
 -0.387 0.922 -0.003 1.083
 -0.122 -0.048 0.991 -0.938
 0.000 0.000 0.000 1.000)

4.300034046173096
(0.925 0.379 0.008 0.048
 -0.379 0.924 0.038 1.077
 0.007 -0.039 0.999 -0.941
 0.000 0.000 0.000 1.000)

4.317615032196045
(0.920 0.378 -0.106 0.068
 -0.374 0.925 0.063 1.074
 0.122 -0.018 0.992 -0.942
 0.000 0.000 0.000 1.000)

4.3343610763549805
(0.905 0.371 -0.208 0.085
 -0.364 0.928 0.074 1.073
 0.220 0.009 0.975 -0.941
 0.000 0.000 0.000 1.000)

4.351003170013428
(0.893 0.345 -0.288 0.099
 -0.336 0.938 0.083 1.073
 0.298 0.023 0.954 -0.939
 0.000 0.000 0.000 1.000)

4.36759614944458
(0.891 0.296 -0.343 0.109
 -0.280 0.955 0.098 1.073
 0.357 0.009 0.934 -0.936
 0.000 0.000 0.000 1.000)

4.384340286254883
(0.894 0.244 -0.376 0.115
 -0.219 0.970 0.108 1.073
 0.391 -0.014 0.920 -0.934
 0.000 0.000 0.000 1.000)

4.407895088195801
(0.895 0.216 -0.391 0.118
 -0.192 0.976 0.099 1.076
 0.403 -0.014 0.915 -0.933
 0.000 0.000 0.000 1.000)

4.417725086212158
(0.892 0.217 -0.396 0.119
 -0.204 0.976 0.075 1.079
 0.403 0.014 0.915 -0.934
 0.000 0.000 0.000 1.000)

4.434333801269531
(0.887 0.235 -0.398 0.120
 -0.237 0.970 0.046 1.083
 0.397 0.054 0.916 -0.935
 0.000 0.000 0.000 1.000)

4.451053142547607
(0.883 0.249 -0.399 0.120
 -0.261 0.965 0.026 1.085
 0.391 0.081 0.917 -0.935
 0.000 0.000 0.000 1.000)

4.467629432678223
(0.893 0.216 -0.395 0.119
 -0.229 0.973 0.015 1.085
 0.387 0.077 0.919 -0.933
 0.000 0.000 0.000 1.000)

4.484410285949707
(0.902 0.180 -0.392 0.119
 -0.188 0.982 0.017 1.085
 0.388 0.059 0.920 -0.932
 0.000 0.000 0.000 1.000)

4.501063346862793
(0.907 0.151 -0.392 0.121
 -0.153 0.988 0.025 1.083
 0.391 0.037 0.920 -0.931
 0.000 0.000 0.000 1.000)

4.5177001953125
(0.907 0.154 -0.393 0.122
 -0.153 0.988 0.034 1.081
 0.393 0.030 0.919 -0.930
 0.000 0.000 0.000 1.000)

4.550188064575195
(0.902 0.188 -0.388 0.123
 -0.187 0.982 0.039 1.078
 0.388 0.037 0.921 -0.930
 0.000 0.000 0.000 1.000)

4.567729949951172
(0.900 0.225 -0.373 0.121
 -0.222 0.974 0.051 1.074
 0.374 0.037 0.927 -0.930
 0.000 0.000 0.000 1.000)

4.584383010864258
(0.910 0.225 -0.349 0.118
 -0.213 0.974 0.071 1.071
 0.356 0.010 0.934 -0.928
 0.000 0.000 0.000 1.000)

4.601100921630859
(0.929 0.188 -0.318 0.115
 -0.166 0.982 0.096 1.067
 0.331 -0.036 0.943 -0.926
 0.000 0.000 0.000 1.000)

4.61781120300293
(0.951 0.128 -0.282 0.111
 -0.095 0.987 0.128 1.064
 0.294 -0.095 0.951 -0.924
 0.000 0.000 0.000 1.000)

4.634475231170654
(0.966 0.070 -0.250 0.107
 -0.031 0.987 0.157 1.060
 0.258 -0.143 0.956 -0.921
 0.000 0.000 0.000 1.000)

4.65116024017334
(0.971 0.032 -0.236 0.106
 0.009 0.985 0.170 1.058
 0.238 -0.167 0.957 -0.917
 0.000 0.000 0.000 1.000)

4.667803764343262
(0.971 0.025 -0.239 0.107
 0.013 0.988 0.155 1.060
 0.240 -0.154 0.959 -0.913
 0.000 0.000 0.000 1.000)

4.684488296508789
(0.967 0.051 -0.251 0.109
 -0.021 0.992 0.123 1.064
 0.255 -0.113 0.960 -0.907
 0.000 0.000 0.000 1.000)

4.70117712020874
(0.963 0.095 -0.251 0.109
 -0.079 0.994 0.075 1.069
 0.256 -0.052 0.965 -0.893
 0.000 0.000 0.000 1.000)

4.717830181121826
(0.973 0.078 -0.218 0.105
 -0.065 0.996 0.066 1.071
 0.223 -0.050 0.974 -0.886
 0.000 0.000 0.000 1.000)

4.734609127044678
(0.984 0.039 -0.176 0.099
 -0.029 0.998 0.059 1.073
 0.178 -0.052 0.983 -0.878
 0.000 0.000 0.000 1.000)

4.751185417175293
(0.992 -0.004 -0.129 0.092
 0.012 0.998 0.060 1.073
 0.128 -0.061 0.990 -0.870
 0.000 0.000 0.000 1.000)

4.783665180206299
(0.996 -0.040 -0.081 0.085
 0.046 0.996 0.080 1.070
 0.077 -0.083 0.994 -0.860
 0.000 0.000 0.000 1.000)

4.80123233795166
(0.998 -0.056 -0.032 0.079
 0.059 0.992 0.110 1.065
 0.025 -0.112 0.993 -0.849
 0.000 0.000 0.000 1.000)

4.8179168701171875
(0.998 -0.054 0.015 0.073
 0.051 0.988 0.148 1.058
 -0.023 -0.147 0.989 -0.837
 0.000 0.000 0.000 1.000)

4.834597110748291
(0.998 -0.026 0.054 0.068
 0.016 0.982 0.188 1.050
 -0.058 -0.186 0.981 -0.823
 0.000 0.000 0.000 1.000)

4.851280212402344
(0.997 0.018 0.081 0.065
 -0.036 0.975 0.220 1.042
 -0.075 -0.222 0.972 -0.807
 0.000 0.000 0.000 1.000)

4.867955207824707
(0.993 0.064 0.099 0.063
 -0.087 0.964 0.250 1.034
 -0.080 -0.257 0.963 -0.790
 0.000 0.000 0.000 1.000)

4.884634971618652
(0.987 0.107 0.123 0.061
 -0.138 0.949 0.283 1.025
 -0.086 -0.297 0.951 -0.772
 0.000 0.000 0.000 1.000)

4.901300430297852
(0.977 0.141 0.161 0.057
 -0.187 0.926 0.327 1.015
 -0.103 -0.349 0.931 -0.753
 0.000 0.000 0.000 1.000)

4.917914390563965
(0.965 0.159 0.209 0.051
 -0.228 0.901 0.369 1.004
 -0.130 -0.403 0.906 -0.733
 0.000 0.000 0.000 1.000)

4.9345808029174805
(0.953 0.159 0.259 0.044
 -0.257 0.878 0.404 0.995
 -0.163 -0.451 0.877 -0.713
 0.000 0.000 0.000 1.000)

4.951324462890625
(0.932 0.140 0.334 0.032
 -0.285 0.853 0.436 0.981
 -0.224 -0.502 0.835 -0.675
 0.000 0.000 0.000 1.000)

4.968025207519531
(0.925 0.136 0.354 0.028
 -0.291 0.853 0.433 0.977
 -0.243 -0.503 0.829 -0.658
 0.000 0.000 0.000 1.000)

4.9847002029418945
(0.923 0.125 0.365 0.026
 -0.284 0.859 0.425 0.973
 -0.260 -0.496 0.828 -0.642
 0.000 0.000 0.000 1.000)

5.001222133636475
(0.925 0.101 0.367 0.026
 -0.260 0.871 0.417 0.971
 -0.278 -0.481 0.831 -0.628
 0.000 0.000 0.000 1.000)

5.033820152282715
(0.928 0.066 0.366 0.026
 -0.225 0.883 0.411 0.968
 -0.296 -0.464 0.835 -0.614
 0.000 0.000 0.000 1.000)

5.051360130310059
(0.933 0.021 0.360 0.026
 -0.179 0.893 0.413 0.964
 -0.313 -0.450 0.836 -0.601
 0.000 0.000 0.000 1.000)

5.080303192138672
(0.934 -0.038 0.355 0.026
 -0.123 0.900 0.418 0.960
 -0.336 -0.434 0.836 -0.589
 0.000 0.000 0.000 1.000)

5.094472885131836
(0.931 -0.114 0.347 0.027
 -0.045 0.906 0.420 0.957
 -0.362 -0.407 0.839 -0.578
 0.000 0.000 0.000 1.000)

5.101199150085449
(0.923 -0.193 0.331 0.028
 0.039 0.907 0.420 0.955
 -0.382 -0.374 0.845 -0.569
 0.000 0.000 0.000 1.000)

5.13262414932251
(0.913 -0.267 0.309 0.028
 0.121 0.900 0.420 0.953
 -0.390 -0.346 0.854 -0.559
 0.000 0.000 0.000 1.000)

5.134632110595703
(0.900 -0.329 0.285 0.029
 0.191 0.886 0.422 0.952
 -0.391 -0.326 0.861 -0.550
 0.000 0.000 0.000 1.000)

5.151365280151367
(0.885 -0.383 0.266 0.028
 0.246 0.868 0.432 0.952
 -0.396 -0.317 0.862 -0.541
 0.000 0.000 0.000 1.000)

5.168127059936523
(0.866 -0.424 0.265 0.024
 0.280 0.851 0.445 0.953
 -0.414 -0.311 0.856 -0.534
 0.000 0.000 0.000 1.000)

5.18480920791626
(0.854 -0.409 0.322 0.009
 0.263 0.873 0.411 0.962
 -0.449 -0.266 0.853 -0.523
 0.000 0.000 0.000 1.000)

5.20136022567749
(0.859 -0.360 0.364 -0.001
 0.222 0.902 0.369 0.969
 -0.462 -0.236 0.855 -0.520
 0.000 0.000 0.000 1.000)

5.231534957885742
(0.866 -0.286 0.410 -0.010
 0.157 0.934 0.320 0.977
 -0.474 -0.213 0.854 -0.516
 0.000 0.000 0.000 1.000)

5.248197078704834
(0.872 -0.195 0.449 -0.018
 0.070 0.958 0.279 0.982
 -0.485 -0.212 0.849 -0.512
 0.000 0.000 0.000 1.000)

5.276238441467285
(0.876 -0.078 0.476 -0.024
 -0.046 0.969 0.244 0.986
 -0.480 -0.236 0.845 -0.507
 0.000 0.000 0.000 1.000)

5.293065071105957
(0.848 0.261 0.461 -0.028
 -0.404 0.882 0.244 0.985
 -0.343 -0.393 0.853 -0.494
 0.000 0.000 0.000 1.000)

5.310431003570557
(0.773 0.466 0.431 -0.028
 -0.598 0.762 0.248 0.984
 -0.213 -0.449 0.868 -0.488
 0.000 0.000 0.000 1.000)

5.327302932739258
(0.676 0.622 0.396 -0.027
 -0.730 0.636 0.248 0.985
 -0.097 -0.457 0.884 -0.483
 0.000 0.000 0.000 1.000)

5.344049453735352
(0.616 0.700 0.360 -0.026
 -0.787 0.565 0.248 0.987
 -0.030 -0.436 0.899 -0.478
 0.000 0.000 0.000 1.000)

5.360614776611328
(0.658 0.679 0.325 -0.022
 -0.752 0.613 0.241 0.991
 -0.035 -0.403 0.915 -0.476
 0.000 0.000 0.000 1.000)

5.377422332763672
(0.757 0.586 0.287 -0.016
 -0.649 0.726 0.229 0.997
 -0.074 -0.360 0.930 -0.475
 0.000 0.000 0.000 1.000)

5.393983840942383
(0.862 0.441 0.250 -0.011
 -0.493 0.845 0.207 1.004
 -0.120 -0.301 0.946 -0.474
 0.000 0.000 0.000 1.000)

5.410633087158203
(0.921 0.322 0.220 -0.007
 -0.362 0.916 0.174 1.011
 -0.146 -0.240 0.960 -0.472
 0.000 0.000 0.000 1.000)

5.427353858947754
(0.940 0.279 0.194 -0.004
 -0.308 0.941 0.138 1.018
 -0.145 -0.189 0.971 -0.469
 0.000 0.000 0.000 1.000)

5.443965911865234
(0.942 0.292 0.165 -0.002
 -0.311 0.944 0.107 1.022
 -0.125 -0.152 0.980 -0.465
 0.000 0.000 0.000 1.000)

5.460916042327881
(0.933 0.337 0.125 0.001
 -0.349 0.933 0.091 1.024
 -0.086 -0.128 0.988 -0.460
 0.000 0.000 0.000 1.000)

5.477287292480469
(0.928 0.365 0.074 0.006
 -0.371 0.924 0.090 1.025
 -0.036 -0.111 0.993 -0.454
 0.000 0.000 0.000 1.000)

5.494025230407715
(0.938 0.345 0.023 0.011
 -0.346 0.934 0.085 1.027
 0.008 -0.088 0.996 -0.448
 0.000 0.000 0.000 1.000)

5.5265421867370605
(0.952 0.303 -0.033 0.016
 -0.301 0.951 0.071 1.031
 0.053 -0.058 0.997 -0.441
 0.000 0.000 0.000 1.000)

5.544125080108643
(0.975 0.184 -0.124 0.025
 -0.190 0.981 -0.030 1.049
 0.116 0.053 0.992 -0.430
 0.000 0.000 0.000 1.000)

5.5605621337890625
(0.980 0.136 -0.147 0.025
 -0.153 0.982 -0.111 1.062
 0.129 0.131 0.983 -0.424
 0.000 0.000 0.000 1.000)

5.57735013961792
(0.984 0.105 -0.146 0.023
 -0.134 0.968 -0.210 1.078
 0.119 0.226 0.967 -0.417
 0.000 0.000 0.000 1.000)

5.593959808349609
(0.988 0.085 -0.126 0.019
 -0.122 0.938 -0.325 1.095
 0.090 0.336 0.937 -0.410
 0.000 0.000 0.000 1.000)

5.610622406005859
(0.993 0.065 -0.095 0.014
 -0.101 0.886 -0.453 1.114
 0.055 0.460 0.886 -0.401
 0.000 0.000 0.000 1.000)

5.627470970153809
(0.997 0.044 -0.068 0.011
 -0.075 0.816 -0.574 1.132
 0.031 0.577 0.816 -0.388
 0.000 0.000 0.000 1.000)

5.644201278686523
(0.999 0.001 -0.048 0.010
 -0.032 0.749 -0.662 1.145
 0.036 0.663 0.748 -0.376
 0.000 0.000 0.000 1.000)

5.660752296447754
(0.997 -0.064 -0.031 0.009
 0.024 0.711 -0.703 1.151
 0.068 0.701 0.710 -0.366
 0.000 0.000 0.000 1.000)

5.6774001121521
(0.993 -0.115 -0.017 0.008
 0.071 0.719 -0.691 1.149
 0.091 0.686 0.722 -0.364
 0.000 0.000 0.000 1.000)

5.694120407104492
(0.995 -0.098 0.003 0.007
 0.076 0.753 -0.653 1.142
 0.061 0.650 0.757 -0.366
 0.000 0.000 0.000 1.000)

5.7108354568481445
(1.000 -0.009 0.027 0.004
 0.023 0.798 -0.603 1.132
 -0.016 0.603 0.797 -0.370
 0.000 0.000 0.000 1.000)

5.727336883544922
(0.996 0.080 0.046 0.002
 -0.042 0.836 -0.547 1.122
 -0.082 0.543 0.836 -0.373
 0.000 0.000 0.000 1.000)

5.744234085083008
(0.991 0.124 0.053 0.002
 -0.081 0.861 -0.503 1.113
 -0.108 0.494 0.863 -0.374
 0.000 0.000 0.000 1.000)

5.776697158813477
(0.995 0.094 0.039 0.007
 -0.062 0.864 -0.499 1.110
 -0.081 0.494 0.866 -0.367
 0.000 0.000 0.000 1.000)

5.794173240661621
(0.998 0.056 0.033 0.010
 -0.028 0.832 -0.555 1.117
 -0.059 0.552 0.832 -0.359
 0.000 0.000 0.000 1.000)

5.810882091522217
(0.999 0.002 0.039 0.011
 0.023 0.778 -0.628 1.128
 -0.032 0.628 0.777 -0.349
 0.000 0.000 0.000 1.000)

5.827577114105225
(0.996 -0.073 0.053 0.011
 0.090 0.717 -0.691 1.139
 0.013 0.693 0.721 -0.338
 0.000 0.000 0.000 1.000)

5.8441009521484375
(0.985 -0.159 0.069 0.011
 0.157 0.652 -0.742 1.148
 0.073 0.742 0.667 -0.327
 0.000 0.000 0.000 1.000)

5.860835075378418
(0.969 -0.236 0.076 0.011
 0.206 0.593 -0.779 1.155
 0.138 0.770 0.623 -0.318
 0.000 0.000 0.000 1.000)

5.877519130706787
(0.952 -0.297 0.069 0.012
 0.228 0.545 -0.807 1.160
 0.201 0.784 0.587 -0.309
 0.000 0.000 0.000 1.000)

5.894204139709473
(0.938 -0.344 0.042 0.016
 0.231 0.530 -0.816 1.161
 0.258 0.775 0.577 -0.304
 0.000 0.000 0.000 1.000)

5.910929203033447
(0.932 -0.361 -0.003 0.022
 0.211 0.551 -0.807 1.160
 0.293 0.752 0.590 -0.302
 0.000 0.000 0.000 1.000)

5.927585124969482
(0.941 -0.334 -0.053 0.028
 0.167 0.596 -0.786 1.157
 0.294 0.731 0.616 -0.303
 0.000 0.000 0.000 1.000)

5.9443159103393555
(0.957 -0.271 -0.104 0.034
 0.101 0.646 -0.756 1.153
 0.272 0.713 0.646 -0.305
 0.000 0.000 0.000 1.000)

5.960925102233887
(0.970 -0.195 -0.148 0.039
 0.029 0.692 -0.721 1.147
 0.243 0.695 0.677 -0.307
 0.000 0.000 0.000 1.000)

5.97755241394043
(0.975 -0.130 -0.179 0.042
 -0.028 0.732 -0.681 1.141
 0.219 0.669 0.710 -0.310
 0.000 0.000 0.000 1.000)

5.994256019592285
(0.977 -0.082 -0.196 0.043
 -0.061 0.776 -0.628 1.133
 0.204 0.626 0.753 -0.314
 0.000 0.000 0.000 1.000)

6.026859283447266
(0.986 -0.030 -0.162 0.035
 -0.049 0.885 -0.462 1.107
 0.157 0.464 0.872 -0.327
 0.000 0.000 0.000 1.000)

6.04442024230957
(0.994 -0.008 -0.111 0.027
 -0.030 0.941 -0.337 1.089
 0.107 0.338 0.935 -0.335
 0.000 0.000 0.000 1.000)

6.066953182220459
(0.999 0.020 -0.044 0.016
 -0.027 0.983 -0.184 1.067
 0.040 0.185 0.982 -0.340
 0.000 0.000 0.000 1.000)

6.077639102935791
(0.998 0.054 0.029 0.004
 -0.053 0.998 -0.034 1.044
 -0.031 0.033 0.999 -0.342
 0.000 0.000 0.000 1.000)

6.094316005706787
(0.989 0.109 0.099 -0.007
 -0.118 0.989 0.091 1.024
 -0.088 -0.102 0.991 -0.339
 0.000 0.000 0.000 1.000)

6.111115455627441
(0.972 0.173 0.157 -0.017
 -0.202 0.961 0.191 1.007
 -0.118 -0.217 0.969 -0.333
 0.000 0.000 0.000 1.000)

6.127798080444336
(0.953 0.230 0.198 -0.025
 -0.277 0.924 0.262 0.993
 -0.123 -0.304 0.945 -0.326
 0.000 0.000 0.000 1.000)

6.144365310668945
(0.939 0.269 0.216 -0.029
 -0.327 0.891 0.314 0.982
 -0.108 -0.366 0.924 -0.319
 0.000 0.000 0.000 1.000)

6.161079406738281
(0.934 0.283 0.216 -0.030
 -0.345 0.869 0.355 0.974
 -0.088 -0.406 0.910 -0.313
 0.000 0.000 0.000 1.000)

6.177785873413086
(0.940 0.269 0.208 -0.029
 -0.331 0.862 0.383 0.970
 -0.076 -0.429 0.900 -0.308
 0.000 0.000 0.000 1.000)

6.1944732666015625
(0.949 0.246 0.196 -0.028
 -0.306 0.865 0.398 0.967
 -0.072 -0.438 0.896 -0.304
 0.000 0.000 0.000 1.000)

6.211099147796631
(0.958 0.212 0.192 -0.027
 -0.275 0.871 0.407 0.966
 -0.080 -0.443 0.893 -0.302
 0.000 0.000 0.000 1.000)

6.227788925170898
(0.966 0.176 0.190 -0.027
 -0.241 0.878 0.413 0.966
 -0.094 -0.445 0.891 -0.299
 0.000 0.000 0.000 1.000)

6.260322093963623
(0.974 0.125 0.188 -0.027
 -0.193 0.891 0.411 0.967
 -0.117 -0.436 0.892 -0.295
 0.000 0.000 0.000 1.000)

6.2778778076171875
(0.978 0.103 0.183 -0.026
 -0.170 0.898 0.405 0.968
 -0.123 -0.427 0.896 -0.293
 0.000 0.000 0.000 1.000)

6.294337272644043
(0.982 0.078 0.173 -0.024
 -0.141 0.909 0.391 0.970
 -0.127 -0.408 0.904 -0.292
 0.000 0.000 0.000 1.000)

6.3111491203308105
(0.986 0.042 0.159 -0.021
 -0.099 0.924 0.369 0.974
 -0.132 -0.380 0.916 -0.292
 0.000 0.000 0.000 1.000)

6.327953338623047
(0.989 0.001 0.146 -0.018
 -0.052 0.936 0.349 0.977
 -0.136 -0.353 0.926 -0.291
 0.000 0.000 0.000 1.000)

6.344608306884766
(0.990 -0.033 0.136 -0.015
 -0.014 0.944 0.330 0.980
 -0.139 -0.329 0.934 -0.291
 0.000 0.000 0.000 1.000)

6.361149787902832
(0.990 -0.053 0.131 -0.013
 0.008 0.948 0.317 0.983
 -0.141 -0.312 0.939 -0.290
 0.000 0.000 0.000 1.000)

6.377795219421387
(0.989 -0.064 0.131 -0.011
 0.020 0.951 0.309 0.984
 -0.144 -0.304 0.942 -0.288
 0.000 0.000 0.000 1.000)

6.3945770263671875
(0.989 -0.067 0.133 -0.009
 0.024 0.952 0.305 0.984
 -0.147 -0.299 0.943 -0.287
 0.000 0.000 0.000 1.000)

6.411069869995117
(0.989 -0.065 0.135 -0.008
 0.021 0.952 0.304 0.984
 -0.148 -0.298 0.943 -0.285
 0.000 0.000 0.000 1.000)

6.427921295166016
(0.990 -0.050 0.134 -0.006
 0.007 0.951 0.308 0.983
 -0.143 -0.304 0.942 -0.282
 0.000 0.000 0.000 1.000)

6.447542190551758
(0.991 -0.025 0.130 -0.003
 -0.017 0.950 0.313 0.981
 -0.131 -0.312 0.941 -0.279
 0.000 0.000 0.000 1.000)

6.461185455322266
(0.992 0.010 0.125 -0.001
 -0.049 0.949 0.311 0.979
 -0.115 -0.315 0.942 -0.276
 0.000 0.000 0.000 1.000)

6.477756023406982
(0.992 0.046 0.121 0.002
 -0.081 0.949 0.305 0.978
 -0.101 -0.313 0.944 -0.274
 0.000 0.000 0.000 1.000)

6.510476112365723
(0.988 0.092 0.125 0.004
 -0.124 0.951 0.284 0.979
 -0.093 -0.296 0.951 -0.269
 0.000 0.000 0.000 1.000)

6.527998924255371
(0.986 0.110 0.125 0.006
 -0.140 0.955 0.263 0.980
 -0.090 -0.277 0.957 -0.268
 0.000 0.000 0.000 1.000)

6.544560432434082
(0.985 0.124 0.121 0.008
 -0.149 0.962 0.230 0.984
 -0.088 -0.245 0.966 -0.267
 0.000 0.000 0.000 1.000)

6.561344146728516
(0.985 0.128 0.114 0.011
 -0.147 0.972 0.185 0.991
 -0.087 -0.199 0.976 -0.266
 0.000 0.000 0.000 1.000)

6.578089237213135
(0.988 0.120 0.099 0.015
 -0.133 0.983 0.130 0.999
 -0.082 -0.142 0.987 -0.265
 0.000 0.000 0.000 1.000)

6.594720840454102
(0.991 0.104 0.082 0.019
 -0.110 0.991 0.079 1.007
 -0.073 -0.087 0.994 -0.263
 0.000 0.000 0.000 1.000)

6.6111741065979
(0.994 0.086 0.062 0.024
 -0.088 0.995 0.037 1.015
 -0.059 -0.042 0.997 -0.261
 0.000 0.000 0.000 1.000)

6.627942085266113
(0.996 0.072 0.052 0.027
 -0.072 0.997 0.002 1.021
 -0.052 -0.006 0.999 -0.259
 0.000 0.000 0.000 1.000)

6.644805908203125
(0.997 0.068 0.046 0.030
 -0.067 0.998 -0.017 1.024
 -0.047 0.014 0.999 -0.256
 0.000 0.000 0.000 1.000)

6.661458969116211
(0.997 0.068 0.043 0.032
 -0.067 0.997 -0.028 1.026
 -0.044 0.025 0.999 -0.254
 0.000 0.000 0.000 1.000)

6.678013801574707
(0.997 0.072 0.039 0.033
 -0.071 0.997 -0.031 1.027
 -0.041 0.029 0.999 -0.252
 0.000 0.000 0.000 1.000)

6.694725036621094
(0.997 0.074 0.034 0.036
 -0.073 0.997 -0.034 1.027
 -0.036 0.031 0.999 -0.250
 0.000 0.000 0.000 1.000)

6.71142578125
(0.997 0.072 0.028 0.038
 -0.071 0.997 -0.034 1.028
 -0.031 0.032 0.999 -0.247
 0.000 0.000 0.000 1.000)

6.743950843811035
(0.998 0.055 0.016 0.042
 -0.054 0.996 -0.064 1.032
 -0.020 0.063 0.998 -0.243
 0.000 0.000 0.000 1.000)

6.762700080871582
(0.999 0.043 0.012 0.044
 -0.042 0.996 -0.083 1.035
 -0.016 0.083 0.996 -0.241
 0.000 0.000 0.000 1.000)

6.777982234954834
(0.999 0.032 0.011 0.046
 -0.030 0.995 -0.094 1.036
 -0.014 0.094 0.995 -0.239
 0.000 0.000 0.000 1.000)

6.794832229614258
(1.000 0.022 0.008 0.047
 -0.021 0.995 -0.102 1.037
 -0.011 0.102 0.995 -0.238
 0.000 0.000 0.000 1.000)

6.811516761779785
(1.000 0.006 0.008 0.048
 -0.005 0.994 -0.105 1.038
 -0.009 0.105 0.994 -0.236
 0.000 0.000 0.000 1.000)

6.827995300292969
(1.000 -0.007 0.014 0.048
 0.009 0.994 -0.105 1.038
 -0.013 0.105 0.994 -0.234
 0.000 0.000 0.000 1.000)

6.84468936920166
(1.000 -0.013 0.017 0.048
 0.015 0.994 -0.111 1.039
 -0.016 0.112 0.994 -0.232
 0.000 0.000 0.000 1.000)

6.861514091491699
(1.000 -0.017 0.020 0.048
 0.019 0.992 -0.123 1.041
 -0.018 0.124 0.992 -0.231
 0.000 0.000 0.000 1.000)

6.878178119659424
(1.000 -0.021 0.019 0.049
 0.023 0.991 -0.133 1.042
 -0.016 0.133 0.991 -0.230
 0.000 0.000 0.000 1.000)

6.894867897033691
(1.000 -0.026 0.015 0.050
 0.028 0.989 -0.145 1.043
 -0.011 0.145 0.989 -0.228
 0.000 0.000 0.000 1.000)

6.9115471839904785
(0.999 -0.033 0.010 0.051
 0.035 0.988 -0.149 1.044
 -0.005 0.150 0.989 -0.227
 0.000 0.000 0.000 1.000)

6.928274154663086
(0.999 -0.040 0.009 0.051
 0.041 0.985 -0.165 1.046
 -0.003 0.165 0.986 -0.226
 0.000 0.000 0.000 1.000)

6.944951057434082
(0.999 -0.046 0.010 0.051
 0.047 0.983 -0.178 1.047
 -0.002 0.178 0.984 -0.225
 0.000 0.000 0.000 1.000)

6.9615960121154785
(0.999 -0.053 0.012 0.051
 0.054 0.980 -0.191 1.049
 -0.002 0.191 0.981 -0.224
 0.000 0.000 0.000 1.000)

6.994099140167236
(0.998 -0.065 0.012 0.052
 0.066 0.975 -0.212 1.051
 0.002 0.212 0.977 -0.222
 0.000 0.000 0.000 1.000)

7.03931999206543
(0.998 -0.068 0.007 0.052
 0.067 0.968 -0.241 1.056
 0.009 0.241 0.970 -0.221
 0.000 0.000 0.000 1.000)

7.040017127990723
(0.998 -0.062 -0.000 0.053
 0.059 0.956 -0.289 1.063
 0.018 0.288 0.957 -0.218
 0.000 0.000 0.000 1.000)

7.057000160217285
(0.999 -0.036 -0.014 0.054
 0.026 0.890 -0.456 1.087
 0.029 0.455 0.890 -0.207
 0.000 0.000 0.000 1.000)

7.073650360107422
(0.999 -0.034 -0.011 0.053
 0.023 0.846 -0.533 1.098
 0.028 0.532 0.846 -0.201
 0.000 0.000 0.000 1.000)

7.090388298034668
(0.999 -0.051 0.002 0.050
 0.043 0.815 -0.578 1.106
 0.028 0.577 0.816 -0.196
 0.000 0.000 0.000 1.000)

7.106831073760986
(0.996 -0.083 0.017 0.047
 0.077 0.806 -0.587 1.108
 0.035 0.587 0.809 -0.194
 0.000 0.000 0.000 1.000)

7.123785972595215
(0.994 -0.110 0.025 0.046
 0.104 0.811 -0.575 1.107
 0.043 0.574 0.818 -0.194
 0.000 0.000 0.000 1.000)

7.14050817489624
(0.994 -0.111 0.021 0.046
 0.104 0.824 -0.557 1.104
 0.045 0.556 0.830 -0.196
 0.000 0.000 0.000 1.000)

7.159947395324707
(0.996 -0.090 0.010 0.046
 0.081 0.838 -0.539 1.101
 0.040 0.538 0.842 -0.197
 0.000 0.000 0.000 1.000)

7.173727989196777
(0.998 -0.057 -0.004 0.048
 0.046 0.852 -0.521 1.098
 0.033 0.520 0.854 -0.198
 0.000 0.000 0.000 1.000)

7.190457344055176
(0.999 -0.031 -0.019 0.049
 0.017 0.864 -0.504 1.095
 0.032 0.503 0.864 -0.199
 0.000 0.000 0.000 1.000)

7.207147121429443
(0.999 -0.015 -0.028 0.050
 -0.001 0.869 -0.494 1.093
 0.032 0.494 0.869 -0.199
 0.000 0.000 0.000 1.000)

7.23960018157959
(0.999 -0.010 -0.030 0.049
 -0.006 0.871 -0.490 1.093
 0.031 0.490 0.871 -0.199
 0.000 0.000 0.000 1.000)

7.257115364074707
(1.000 -0.011 -0.025 0.048
 -0.002 0.869 -0.494 1.093
 0.027 0.494 0.869 -0.199
 0.000 0.000 0.000 1.000)

7.273661136627197
(1.000 -0.013 -0.019 0.047
 0.002 0.865 -0.501 1.094
 0.023 0.501 0.865 -0.198
 0.000 0.000 0.000 1.000)

7.290372848510742
(1.000 -0.006 -0.012 0.045
 -0.001 0.860 -0.510 1.095
 0.013 0.510 0.860 -0.197
 0.000 0.000 0.000 1.000)

7.314272880554199
(1.000 0.007 -0.014 0.045
 -0.013 0.860 -0.510 1.095
 0.008 0.510 0.860 -0.197
 0.000 0.000 0.000 1.000)

