11.965986251831055
(0.948 0.293 -0.121 -0.158
 -0.314 0.922 -0.227 1.128
 0.045 0.254 0.966 1.079
 0.000 0.000 0.000 1.000)

12.00747299194336
(0.983 0.173 0.059 -0.161
 -0.165 0.979 -0.116 1.143
 -0.078 0.105 0.991 1.009
 0.000 0.000 0.000 1.000)

12.008390426635742
(0.985 0.070 0.157 -0.161
 -0.040 0.982 -0.187 1.161
 -0.167 0.178 0.970 0.974
 0.000 0.000 0.000 1.000)

12.025169372558594
(0.976 -0.029 0.218 -0.157
 0.052 0.993 -0.103 1.163
 -0.213 0.112 0.971 0.942
 0.000 0.000 0.000 1.000)

12.041850090026855
(0.955 -0.137 0.262 -0.152
 0.144 0.990 -0.007 1.165
 -0.258 0.045 0.965 0.909
 0.000 0.000 0.000 1.000)

12.058517456054688
(0.928 -0.231 0.293 -0.145
 0.223 0.973 0.061 1.167
 -0.299 0.009 0.954 0.876
 0.000 0.000 0.000 1.000)

12.075223922729492
(0.893 -0.314 0.323 -0.137
 0.300 0.949 0.093 1.172
 -0.336 0.014 0.942 0.842
 0.000 0.000 0.000 1.000)

12.107681274414062
(0.865 -0.381 0.327 -0.126
 0.355 0.925 0.139 1.174
 -0.355 -0.005 0.935 0.808
 0.000 0.000 0.000 1.000)

12.125229835510254
(0.846 -0.427 0.320 -0.114
 0.398 0.904 0.154 1.178
 -0.355 -0.003 0.935 0.774
 0.000 0.000 0.000 1.000)

12.141910552978516
(0.828 -0.471 0.303 -0.101
 0.443 0.882 0.159 1.182
 -0.343 0.003 0.939 0.740
 0.000 0.000 0.000 1.000)

12.158588409423828
(0.812 -0.511 0.283 -0.089
 0.485 0.860 0.160 1.185
 -0.325 0.007 0.946 0.705
 0.000 0.000 0.000 1.000)

12.17523193359375
(0.781 -0.564 0.268 -0.074
 0.524 0.826 0.208 1.182
 -0.339 -0.022 0.941 0.642
 0.000 0.000 0.000 1.000)

12.191964149475098
(0.775 -0.562 0.289 -0.071
 0.518 0.827 0.218 1.180
 -0.361 -0.020 0.932 0.613
 0.000 0.000 0.000 1.000)

12.208643913269043
(0.770 -0.560 0.306 -0.068
 0.514 0.828 0.224 1.179
 -0.379 -0.015 0.925 0.586
 0.000 0.000 0.000 1.000)

12.225290298461914
(0.767 -0.562 0.310 -0.065
 0.516 0.827 0.224 1.177
 -0.382 -0.012 0.924 0.559
 0.000 0.000 0.000 1.000)

12.241989135742188
(0.772 -0.555 0.311 -0.059
 0.514 0.832 0.210 1.176
 -0.375 -0.002 0.927 0.532
 0.000 0.000 0.000 1.000)

12.258651733398438
(0.794 -0.526 0.304 -0.053
 0.487 0.850 0.201 1.173
 -0.364 -0.012 0.931 0.507
 0.000 0.000 0.000 1.000)

12.275331497192383
(0.840 -0.451 0.301 -0.048
 0.413 0.892 0.183 1.169
 -0.351 -0.030 0.936 0.482
 0.000 0.000 0.000 1.000)

12.292028427124023
(0.904 -0.299 0.305 -0.043
 0.255 0.951 0.174 1.163
 -0.342 -0.080 0.936 0.460
 0.000 0.000 0.000 1.000)

12.308683395385742
(0.947 -0.089 0.308 -0.040
 0.038 0.985 0.168 1.156
 -0.318 -0.147 0.936 0.438
 0.000 0.000 0.000 1.000)

12.341157913208008
(0.942 0.136 0.306 -0.037
 -0.195 0.966 0.171 1.148
 -0.272 -0.220 0.937 0.419
 0.000 0.000 0.000 1.000)

12.358723640441895
(0.892 0.331 0.307 -0.035
 -0.393 0.904 0.168 1.143
 -0.222 -0.271 0.937 0.400
 0.000 0.000 0.000 1.000)

12.375460624694824
(0.806 0.507 0.305 -0.033
 -0.566 0.811 0.148 1.139
 -0.172 -0.292 0.941 0.383
 0.000 0.000 0.000 1.000)

12.392126083374023
(0.698 0.655 0.290 -0.029
 -0.705 0.699 0.119 1.139
 -0.125 -0.287 0.950 0.366
 0.000 0.000 0.000 1.000)

12.408796310424805
(0.390 0.891 0.232 -0.016
 -0.919 0.392 0.038 1.142
 -0.057 -0.228 0.972 0.332
 0.000 0.000 0.000 1.000)

12.425426483154297
(0.170 0.966 0.196 -0.009
 -0.985 0.172 0.005 1.144
 -0.029 -0.194 0.981 0.315
 0.000 0.000 0.000 1.000)

12.442107200622559
(-0.056 0.985 0.166 -0.003
 -0.998 -0.055 -0.010 1.144
 -0.000 -0.166 0.986 0.299
 0.000 0.000 0.000 1.000)

12.458797454833984
(-0.236 0.961 0.143 0.003
 -0.972 -0.236 -0.019 1.143
 0.016 -0.143 0.990 0.282
 0.000 0.000 0.000 1.000)

12.475467681884766
(-0.335 0.931 0.143 0.010
 -0.942 -0.337 -0.014 1.142
 0.035 -0.140 0.990 0.265
 0.000 0.000 0.000 1.000)

12.492095947265625
(-0.348 0.924 0.156 0.017
 -0.936 -0.351 -0.008 1.140
 0.047 -0.149 0.988 0.248
 0.000 0.000 0.000 1.000)

12.508844375610352
(-0.279 0.944 0.175 0.028
 -0.959 -0.282 -0.007 1.140
 0.043 -0.170 0.984 0.230
 0.000 0.000 0.000 1.000)

12.525464057922363
(-0.147 0.972 0.184 0.043
 -0.989 -0.147 -0.011 1.140
 0.016 -0.183 0.983 0.212
 0.000 0.000 0.000 1.000)

12.542204856872559
(0.019 0.984 0.176 0.062
 -1.000 0.022 -0.012 1.142
 -0.016 -0.175 0.984 0.194
 0.000 0.000 0.000 1.000)

12.558910369873047
(0.200 0.966 0.163 0.082
 -0.979 0.205 -0.013 1.144
 -0.046 -0.157 0.987 0.177
 0.000 0.000 0.000 1.000)

12.591310501098633
(0.379 0.912 0.156 0.102
 -0.923 0.385 -0.010 1.147
 -0.069 -0.140 0.988 0.159
 0.000 0.000 0.000 1.000)

12.60886287689209
(0.519 0.842 0.147 0.123
 -0.851 0.525 -0.003 1.151
 -0.079 -0.123 0.989 0.143
 0.000 0.000 0.000 1.000)

12.62554931640625
(0.637 0.761 0.125 0.146
 -0.766 0.643 -0.006 1.157
 -0.085 -0.092 0.992 0.127
 0.000 0.000 0.000 1.000)

12.642227172851562
(0.738 0.668 0.091 0.168
 -0.670 0.742 -0.017 1.166
 -0.079 -0.049 0.996 0.112
 0.000 0.000 0.000 1.000)

12.658890724182129
(0.924 0.380 0.030 0.211
 -0.378 0.924 -0.054 1.191
 -0.048 0.038 0.998 0.081
 0.000 0.000 0.000 1.000)

12.675575256347656
(0.982 0.188 0.023 0.230
 -0.186 0.980 -0.072 1.206
 -0.036 0.067 0.997 0.066
 0.000 0.000 0.000 1.000)

12.692272186279297
(1.000 -0.005 0.025 0.245
 0.007 0.995 -0.095 1.224
 -0.025 0.095 0.995 0.052
 0.000 0.000 0.000 1.000)

12.708931922912598
(0.984 -0.174 0.026 0.259
 0.176 0.976 -0.126 1.244
 -0.004 0.129 0.992 0.038
 0.000 0.000 0.000 1.000)

12.725618362426758
(0.954 -0.300 0.021 0.272
 0.299 0.940 -0.162 1.265
 0.029 0.161 0.986 0.024
 0.000 0.000 0.000 1.000)

12.742284774780273
(0.923 -0.384 0.009 0.284
 0.378 0.904 -0.200 1.285
 0.069 0.188 0.980 0.011
 0.000 0.000 0.000 1.000)

12.7589693069458
(0.891 -0.453 0.007 0.293
 0.443 0.867 -0.230 1.304
 0.098 0.208 0.973 -0.003
 0.000 0.000 0.000 1.000)

12.775668144226074
(0.854 -0.520 0.016 0.300
 0.507 0.825 -0.250 1.323
 0.117 0.222 0.968 -0.017
 0.000 0.000 0.000 1.000)

12.792290687561035
(0.807 -0.590 0.030 0.304
 0.575 0.773 -0.267 1.341
 0.134 0.233 0.963 -0.030
 0.000 0.000 0.000 1.000)

12.809015274047852
(0.736 -0.675 0.051 0.307
 0.659 0.699 -0.278 1.359
 0.152 0.238 0.959 -0.043
 0.000 0.000 0.000 1.000)

12.841466903686523
(0.637 -0.768 0.072 0.308
 0.750 0.595 -0.289 1.377
 0.179 0.238 0.955 -0.056
 0.000 0.000 0.000 1.000)

12.859031677246094
(0.507 -0.857 0.094 0.308
 0.836 0.462 -0.295 1.395
 0.210 0.228 0.951 -0.068
 0.000 0.000 0.000 1.000)

12.875711441040039
(0.355 -0.928 0.115 0.305
 0.901 0.307 -0.305 1.412
 0.248 0.212 0.945 -0.079
 0.000 0.000 0.000 1.000)

12.892372131347656
(0.041 -0.987 0.157 0.298
 0.945 -0.013 -0.327 1.443
 0.325 0.161 0.932 -0.100
 0.000 0.000 0.000 1.000)

12.909061431884766
(-0.106 -0.978 0.181 0.292
 0.929 -0.162 -0.331 1.455
 0.353 0.133 0.926 -0.112
 0.000 0.000 0.000 1.000)

12.925759315490723
(-0.248 -0.946 0.211 0.284
 0.896 -0.306 -0.321 1.463
 0.369 0.110 0.923 -0.124
 0.000 0.000 0.000 1.000)

12.942472457885742
(-0.379 -0.892 0.245 0.276
 0.846 -0.442 -0.300 1.469
 0.375 0.093 0.922 -0.137
 0.000 0.000 0.000 1.000)

12.959188461303711
(-0.495 -0.824 0.274 0.268
 0.781 -0.561 -0.276 1.473
 0.381 0.077 0.921 -0.150
 0.000 0.000 0.000 1.000)

12.975876808166504
(-0.585 -0.756 0.295 0.262
 0.713 -0.652 -0.256 1.477
 0.386 0.061 0.920 -0.163
 0.000 0.000 0.000 1.000)

12.992462158203125
(-0.637 -0.705 0.312 0.258
 0.666 -0.707 -0.238 1.479
 0.388 0.056 0.920 -0.176
 0.000 0.000 0.000 1.000)

13.00914478302002
(-0.663 -0.677 0.319 0.256
 0.644 -0.734 -0.218 1.481
 0.381 0.061 0.922 -0.190
 0.000 0.000 0.000 1.000)

13.02578067779541
(-0.674 -0.667 0.317 0.257
 0.645 -0.741 -0.188 1.480
 0.360 0.078 0.930 -0.205
 0.000 0.000 0.000 1.000)

13.042451858520508
(-0.669 -0.678 0.304 0.260
 0.666 -0.729 -0.160 1.481
 0.329 0.096 0.939 -0.220
 0.000 0.000 0.000 1.000)

13.074947357177734
(-0.629 -0.722 0.288 0.264
 0.719 -0.681 -0.140 1.483
 0.297 0.119 0.947 -0.235
 0.000 0.000 0.000 1.000)

13.092485427856445
(-0.522 -0.808 0.274 0.270
 0.810 -0.570 -0.136 1.489
 0.266 0.152 0.952 -0.250
 0.000 0.000 0.000 1.000)

13.109164237976074
(-0.326 -0.907 0.267 0.277
 0.918 -0.371 -0.138 1.497
 0.224 0.200 0.954 -0.266
 0.000 0.000 0.000 1.000)

13.125903129577637
(-0.063 -0.964 0.260 0.286
 0.985 -0.102 -0.140 1.503
 0.161 0.247 0.956 -0.282
 0.000 0.000 0.000 1.000)

13.142578125
(0.407 -0.886 0.224 0.307
 0.912 0.379 -0.158 1.511
 0.055 0.269 0.962 -0.312
 0.000 0.000 0.000 1.000)

13.159162521362305
(0.545 -0.812 0.210 0.316
 0.838 0.518 -0.172 1.515
 0.031 0.270 0.962 -0.326
 0.000 0.000 0.000 1.000)

13.176016807556152
(0.660 -0.721 0.212 0.322
 0.752 0.630 -0.195 1.518
 0.008 0.288 0.958 -0.340
 0.000 0.000 0.000 1.000)

13.192564964294434
(0.776 -0.591 0.221 0.326
 0.630 0.744 -0.224 1.522
 -0.032 0.313 0.949 -0.354
 0.000 0.000 0.000 1.000)

13.209251403808594
(0.880 -0.418 0.227 0.328
 0.468 0.847 -0.254 1.526
 -0.086 0.330 0.940 -0.369
 0.000 0.000 0.000 1.000)

13.225944519042969
(0.948 -0.224 0.226 0.331
 0.283 0.919 -0.276 1.527
 -0.145 0.326 0.934 -0.385
 0.000 0.000 0.000 1.000)

13.242609977722168
(0.976 -0.039 0.216 0.333
 0.103 0.951 -0.290 1.527
 -0.195 0.305 0.932 -0.402
 0.000 0.000 0.000 1.000)

13.259284019470215
(0.970 0.123 0.208 0.333
 -0.058 0.953 -0.297 1.526
 -0.235 0.276 0.932 -0.419
 0.000 0.000 0.000 1.000)

13.27595329284668
(0.944 0.258 0.203 0.332
 -0.193 0.937 -0.291 1.523
 -0.266 0.236 0.935 -0.437
 0.000 0.000 0.000 1.000)

13.292642593383789
(0.905 0.374 0.203 0.330
 -0.312 0.907 -0.282 1.519
 -0.289 0.192 0.938 -0.454
 0.000 0.000 0.000 1.000)

13.325098991394043
(0.855 0.477 0.204 0.328
 -0.417 0.866 -0.276 1.516
 -0.308 0.150 0.939 -0.471
 0.000 0.000 0.000 1.000)

13.342656135559082
(0.802 0.564 0.199 0.326
 -0.505 0.817 -0.279 1.514
 -0.320 0.123 0.939 -0.488
 0.000 0.000 0.000 1.000)

13.359341621398926
(0.747 0.640 0.178 0.325
 -0.579 0.759 -0.298 1.513
 -0.326 0.120 0.938 -0.504
 0.000 0.000 0.000 1.000)

13.375994682312012
(0.687 0.717 0.118 0.324
 -0.648 0.678 -0.348 1.508
 -0.330 0.163 0.930 -0.538
 0.000 0.000 0.000 1.000)

13.392709732055664
(0.706 0.701 0.102 0.322
 -0.630 0.687 -0.361 1.501
 -0.324 0.191 0.927 -0.555
 0.000 0.000 0.000 1.000)

13.40936279296875
(0.748 0.655 0.107 0.316
 -0.588 0.728 -0.353 1.490
 -0.309 0.201 0.930 -0.574
 0.000 0.000 0.000 1.000)

13.426046371459961
(0.792 0.595 0.135 0.306
 -0.532 0.782 -0.325 1.475
 -0.299 0.186 0.936 -0.593
 0.000 0.000 0.000 1.000)

13.442733764648438
(0.830 0.528 0.182 0.293
 -0.468 0.835 -0.289 1.458
 -0.305 0.155 0.940 -0.611
 0.000 0.000 0.000 1.000)

13.459428787231445
(0.864 0.443 0.240 0.276
 -0.385 0.887 -0.255 1.442
 -0.326 0.128 0.937 -0.628
 0.000 0.000 0.000 1.000)

13.476081848144531
(0.895 0.330 0.300 0.259
 -0.266 0.935 -0.235 1.428
 -0.358 0.131 0.925 -0.643
 0.000 0.000 0.000 1.000)

13.492735862731934
(0.917 0.182 0.355 0.241
 -0.105 0.968 -0.228 1.416
 -0.385 0.171 0.907 -0.658
 0.000 0.000 0.000 1.000)

13.509476661682129
(0.916 0.006 0.401 0.224
 0.091 0.971 -0.223 1.407
 -0.391 0.240 0.889 -0.671
 0.000 0.000 0.000 1.000)

13.52616024017334
(0.884 -0.164 0.437 0.209
 0.279 0.936 -0.213 1.399
 -0.374 0.311 0.874 -0.685
 0.000 0.000 0.000 1.000)

13.542850494384766
(0.835 -0.291 0.466 0.194
 0.420 0.885 -0.200 1.390
 -0.355 0.363 0.862 -0.699
 0.000 0.000 0.000 1.000)

13.575247764587402
(0.801 -0.347 0.487 0.182
 0.488 0.850 -0.197 1.382
 -0.346 0.396 0.851 -0.713
 0.000 0.000 0.000 1.000)

13.59283447265625
(0.790 -0.355 0.501 0.171
 0.507 0.837 -0.207 1.375
 -0.345 0.417 0.841 -0.726
 0.000 0.000 0.000 1.000)

13.609495162963867
(0.791 -0.343 0.506 0.162
 0.503 0.836 -0.221 1.368
 -0.347 0.429 0.834 -0.739
 0.000 0.000 0.000 1.000)

13.626203536987305
(0.797 -0.310 0.519 0.143
 0.480 0.845 -0.234 1.348
 -0.366 0.435 0.823 -0.763
 0.000 0.000 0.000 1.000)

13.642866134643555
(0.801 -0.285 0.526 0.132
 0.456 0.860 -0.228 1.334
 -0.388 0.422 0.819 -0.774
 0.000 0.000 0.000 1.000)

13.659560203552246
(0.807 -0.258 0.531 0.119
 0.425 0.878 -0.219 1.318
 -0.410 0.402 0.819 -0.785
 0.000 0.000 0.000 1.000)

13.676179885864258
(0.807 -0.232 0.543 0.102
 0.397 0.894 -0.207 1.300
 -0.438 0.383 0.813 -0.793
 0.000 0.000 0.000 1.000)

13.692903518676758
(0.789 -0.207 0.579 0.081
 0.377 0.907 -0.189 1.282
 -0.486 0.367 0.793 -0.797
 0.000 0.000 0.000 1.000)

13.709585189819336
(0.744 -0.186 0.641 0.056
 0.367 0.916 -0.161 1.264
 -0.558 0.355 0.750 -0.798
 0.000 0.000 0.000 1.000)

13.726265907287598
(0.686 -0.178 0.705 0.032
 0.365 0.923 -0.122 1.248
 -0.629 0.341 0.699 -0.798
 0.000 0.000 0.000 1.000)

13.74293327331543
(0.641 -0.177 0.747 0.012
 0.366 0.926 -0.094 1.235
 -0.675 0.334 0.658 -0.797
 0.000 0.000 0.000 1.000)

13.759586334228516
(0.625 -0.172 0.761 -0.003
 0.364 0.927 -0.089 1.226
 -0.690 0.333 0.642 -0.800
 0.000 0.000 0.000 1.000)

13.776260375976562
(0.622 -0.160 0.767 -0.015
 0.351 0.932 -0.090 1.219
 -0.700 0.325 0.636 -0.803
 0.000 0.000 0.000 1.000)

13.808727264404297
(0.622 -0.140 0.771 -0.025
 0.322 0.943 -0.088 1.211
 -0.714 0.303 0.631 -0.806
 0.000 0.000 0.000 1.000)

13.826282501220703
(0.624 -0.108 0.774 -0.034
 0.271 0.959 -0.085 1.203
 -0.733 0.263 0.628 -0.810
 0.000 0.000 0.000 1.000)

13.842963218688965
(0.631 -0.074 0.772 -0.042
 0.213 0.974 -0.081 1.195
 -0.746 0.215 0.631 -0.815
 0.000 0.000 0.000 1.000)

13.859638214111328
(0.645 -0.021 0.763 -0.053
 0.101 0.993 -0.057 1.180
 -0.757 0.114 0.643 -0.826
 0.000 0.000 0.000 1.000)

13.87631893157959
(0.646 -0.004 0.764 -0.057
 0.053 0.998 -0.040 1.172
 -0.762 0.067 0.644 -0.832
 0.000 0.000 0.000 1.000)

13.892969131469727
(0.645 0.010 0.764 -0.060
 0.012 1.000 -0.023 1.167
 -0.764 0.025 0.645 -0.838
 0.000 0.000 0.000 1.000)

13.909675598144531
(0.651 0.013 0.759 -0.061
 -0.020 1.000 0.000 1.163
 -0.759 -0.016 0.651 -0.846
 0.000 0.000 0.000 1.000)

13.926353454589844
(0.664 0.002 0.748 -0.060
 -0.038 0.999 0.031 1.160
 -0.747 -0.049 0.663 -0.855
 0.000 0.000 0.000 1.000)

13.943022727966309
(0.681 -0.025 0.732 -0.058
 -0.034 0.997 0.065 1.159
 -0.731 -0.069 0.679 -0.863
 0.000 0.000 0.000 1.000)

13.959756851196289
(0.697 -0.061 0.714 -0.056
 -0.008 0.996 0.092 1.160
 -0.717 -0.070 0.694 -0.872
 0.000 0.000 0.000 1.000)

13.976408004760742
(0.704 -0.088 0.705 -0.056
 0.026 0.995 0.098 1.164
 -0.710 -0.051 0.703 -0.879
 0.000 0.000 0.000 1.000)

13.993109703063965
(0.702 -0.092 0.706 -0.057
 0.052 0.996 0.079 1.172
 -0.710 -0.019 0.704 -0.883
 0.000 0.000 0.000 1.000)

14.009759902954102
(0.695 -0.066 0.716 -0.061
 0.058 0.998 0.036 1.181
 -0.716 0.017 0.698 -0.885
 0.000 0.000 0.000 1.000)

14.02640151977539
(0.684 -0.019 0.729 -0.065
 0.039 0.999 -0.010 1.190
 -0.729 0.035 0.684 -0.885
 0.000 0.000 0.000 1.000)

14.058910369873047
(0.665 0.028 0.747 -0.072
 0.006 0.999 -0.042 1.197
 -0.747 0.032 0.664 -0.882
 0.000 0.000 0.000 1.000)

14.076422691345215
(0.640 0.054 0.766 -0.078
 -0.018 0.998 -0.056 1.200
 -0.768 0.022 0.640 -0.877
 0.000 0.000 0.000 1.000)

14.093230247497559
(0.617 0.039 0.786 -0.085
 -0.011 0.999 -0.041 1.200
 -0.787 0.016 0.617 -0.871
 0.000 0.000 0.000 1.000)

14.109941482543945
(0.540 -0.106 0.835 -0.097
 0.122 0.991 0.047 1.196
 -0.833 0.077 0.549 -0.853
 0.000 0.000 0.000 1.000)

14.126564025878906
(0.457 -0.195 0.868 -0.102
 0.226 0.969 0.099 1.194
 -0.860 0.151 0.487 -0.841
 0.000 0.000 0.000 1.000)

14.143243789672852
(0.341 -0.269 0.901 -0.106
 0.338 0.929 0.149 1.193
 -0.877 0.254 0.407 -0.826
 0.000 0.000 0.000 1.000)

14.159914016723633
(0.221 -0.309 0.925 -0.108
 0.424 0.884 0.194 1.193
 -0.878 0.350 0.326 -0.810
 0.000 0.000 0.000 1.000)

14.176615715026855
(0.129 -0.326 0.937 -0.106
 0.475 0.849 0.230 1.192
 -0.870 0.416 0.264 -0.796
 0.000 0.000 0.000 1.000)

14.193299293518066
(0.068 -0.333 0.941 -0.102
 0.492 0.831 0.258 1.191
 -0.868 0.445 0.220 -0.785
 0.000 0.000 0.000 1.000)

14.209938049316406
(0.032 -0.334 0.942 -0.094
 0.481 0.831 0.279 1.189
 -0.876 0.444 0.187 -0.776
 0.000 0.000 0.000 1.000)

14.226593971252441
(0.006 -0.332 0.943 -0.085
 0.448 0.844 0.295 1.186
 -0.894 0.421 0.154 -0.768
 0.000 0.000 0.000 1.000)

14.243294715881348
(-0.014 -0.331 0.943 -0.075
 0.388 0.868 0.311 1.181
 -0.922 0.370 0.116 -0.761
 0.000 0.000 0.000 1.000)

14.259984970092773
(-0.033 -0.320 0.947 -0.066
 0.295 0.902 0.315 1.176
 -0.955 0.290 0.065 -0.753
 0.000 0.000 0.000 1.000)

14.29244327545166
(-0.063 -0.290 0.955 -0.057
 0.174 0.939 0.297 1.172
 -0.983 0.185 -0.008 -0.743
 0.000 0.000 0.000 1.000)

14.310078620910645
(-0.111 -0.240 0.964 -0.048
 0.033 0.969 0.245 1.172
 -0.993 0.059 -0.100 -0.730
 0.000 0.000 0.000 1.000)

14.326696395874023
(-0.184 -0.176 0.967 -0.040
 -0.111 0.981 0.158 1.177
 -0.977 -0.078 -0.200 -0.714
 0.000 0.000 0.000 1.000)

14.343461990356445
(-0.391 -0.067 0.918 -0.021
 -0.275 0.960 -0.048 1.196
 -0.878 -0.271 -0.394 -0.682
 0.000 0.000 0.000 1.000)

14.360028266906738
(-0.490 -0.047 0.871 -0.010
 -0.293 0.949 -0.114 1.204
 -0.821 -0.311 -0.479 -0.668
 0.000 0.000 0.000 1.000)

14.376694679260254
(-0.564 -0.069 0.823 0.002
 -0.322 0.936 -0.142 1.205
 -0.760 -0.345 -0.551 -0.657
 0.000 0.000 0.000 1.000)

14.393390655517578
(-0.611 -0.131 0.781 0.012
 -0.373 0.918 -0.138 1.201
 -0.699 -0.375 -0.609 -0.646
 0.000 0.000 0.000 1.000)

14.410037994384766
(-0.631 -0.217 0.745 0.022
 -0.436 0.893 -0.110 1.192
 -0.641 -0.394 -0.658 -0.636
 0.000 0.000 0.000 1.000)

14.426748275756836
(-0.635 -0.303 0.711 0.030
 -0.498 0.864 -0.076 1.183
 -0.591 -0.402 -0.699 -0.627
 0.000 0.000 0.000 1.000)

14.443473815917969
(-0.632 -0.362 0.685 0.036
 -0.545 0.836 -0.061 1.176
 -0.551 -0.412 -0.726 -0.619
 0.000 0.000 0.000 1.000)

14.460104942321777
(-0.631 -0.386 0.673 0.039
 -0.573 0.817 -0.068 1.174
 -0.524 -0.429 -0.736 -0.614
 0.000 0.000 0.000 1.000)

14.476778030395508
(-0.640 -0.368 0.675 0.039
 -0.570 0.816 -0.096 1.175
 -0.516 -0.446 -0.731 -0.611
 0.000 0.000 0.000 1.000)

14.49344253540039
(-0.655 -0.332 0.679 0.040
 -0.555 0.821 -0.134 1.178
 -0.513 -0.465 -0.721 -0.609
 0.000 0.000 0.000 1.000)

14.51009750366211
(-0.670 -0.301 0.678 0.041
 -0.543 0.822 -0.172 1.181
 -0.506 -0.484 -0.714 -0.607
 0.000 0.000 0.000 1.000)

