0.0
(0.985 -0.013 -0.174 0.104
 0.020 0.999 0.041 0.156
 0.174 -0.044 0.984 0.017
 0.000 0.000 0.000 1.000)

0.009290933609008789
(0.983 0.014 -0.184 0.105
 -0.004 0.999 0.054 0.151
 0.185 -0.053 0.981 0.019
 0.000 0.000 0.000 1.000)

0.02692413330078125
(0.984 0.023 -0.174 0.102
 -0.010 0.997 0.079 0.144
 0.175 -0.076 0.982 0.021
 0.000 0.000 0.000 1.000)

0.0432889461517334
(0.988 0.022 -0.151 0.096
 -0.005 0.993 0.115 0.135
 0.152 -0.113 0.982 0.023
 0.000 0.000 0.000 1.000)

0.05991697311401367
(0.992 0.012 -0.123 0.089
 0.008 0.988 0.154 0.124
 0.123 -0.154 0.980 0.025
 0.000 0.000 0.000 1.000)

0.07633113861083984
(0.995 -0.003 -0.095 0.081
 0.021 0.982 0.190 0.114
 0.093 -0.191 0.977 0.028
 0.000 0.000 0.000 1.000)

0.0929880142211914
(0.998 -0.010 -0.059 0.065
 0.025 0.966 0.258 0.092
 0.055 -0.259 0.964 0.034
 0.000 0.000 0.000 1.000)

0.1096649169921875
(0.999 -0.002 -0.047 0.057
 0.015 0.958 0.285 0.083
 0.045 -0.285 0.957 0.038
 0.000 0.000 0.000 1.000)

0.12632513046264648
(0.999 0.013 -0.033 0.048
 -0.002 0.952 0.307 0.074
 0.035 -0.307 0.951 0.042
 0.000 0.000 0.000 1.000)

0.14302301406860352
(1.000 0.022 -0.015 0.038
 -0.016 0.943 0.332 0.066
 0.022 -0.332 0.943 0.046
 0.000 0.000 0.000 1.000)

0.15987610816955566
(1.000 0.026 0.004 0.028
 -0.026 0.935 0.354 0.060
 0.006 -0.354 0.935 0.049
 0.000 0.000 0.000 1.000)

0.176954984664917
(1.000 0.022 0.021 0.018
 -0.028 0.929 0.368 0.055
 -0.011 -0.369 0.929 0.052
 0.000 0.000 0.000 1.000)

0.20917010307312012
(0.999 0.010 0.035 0.008
 -0.023 0.929 0.369 0.053
 -0.028 -0.370 0.929 0.055
 0.000 0.000 0.000 1.000)

0.2285170555114746
(0.999 0.002 0.045 -0.001
 -0.018 0.933 0.361 0.052
 -0.041 -0.361 0.932 0.056
 0.000 0.000 0.000 1.000)

0.24422597885131836
(0.999 -0.005 0.053 -0.010
 -0.014 0.935 0.353 0.051
 -0.052 -0.353 0.934 0.057
 0.000 0.000 0.000 1.000)

0.2609879970550537
(0.998 -0.013 0.062 -0.019
 -0.010 0.937 0.350 0.050
 -0.063 -0.350 0.935 0.059
 0.000 0.000 0.000 1.000)

0.27754902839660645
(0.997 -0.009 0.075 -0.029
 -0.018 0.934 0.357 0.047
 -0.073 -0.357 0.931 0.061
 0.000 0.000 0.000 1.000)

0.29410314559936523
(0.996 -0.000 0.087 -0.037
 -0.032 0.930 0.366 0.043
 -0.081 -0.367 0.927 0.063
 0.000 0.000 0.000 1.000)

0.31075501441955566
(0.995 0.006 0.095 -0.046
 -0.041 0.925 0.378 0.040
 -0.085 -0.380 0.921 0.066
 0.000 0.000 0.000 1.000)

0.3273301124572754
(0.995 0.008 0.100 -0.063
 -0.045 0.925 0.377 0.035
 -0.090 -0.379 0.921 0.069
 0.000 0.000 0.000 1.000)

0.34392309188842773
(0.995 0.001 0.103 -0.072
 -0.038 0.932 0.360 0.035
 -0.096 -0.362 0.927 0.069
 0.000 0.000 0.000 1.000)

0.36058592796325684
(0.994 -0.012 0.109 -0.082
 -0.026 0.941 0.338 0.034
 -0.107 -0.339 0.935 0.069
 0.000 0.000 0.000 1.000)

0.3772850036621094
(0.993 -0.022 0.117 -0.092
 -0.015 0.950 0.313 0.033
 -0.118 -0.313 0.943 0.068
 0.000 0.000 0.000 1.000)

0.39397501945495605
(0.991 -0.029 0.129 -0.103
 -0.010 0.955 0.297 0.029
 -0.131 -0.296 0.946 0.068
 0.000 0.000 0.000 1.000)

0.41060614585876465
(0.990 -0.031 0.141 -0.113
 -0.013 0.953 0.301 0.022
 -0.144 -0.300 0.943 0.069
 0.000 0.000 0.000 1.000)

0.4273340702056885
(0.988 -0.027 0.152 -0.123
 -0.024 0.945 0.326 0.012
 -0.152 -0.326 0.933 0.071
 0.000 0.000 0.000 1.000)

0.4597611427307129
(0.987 -0.028 0.160 -0.133
 -0.033 0.928 0.372 -0.002
 -0.159 -0.372 0.914 0.074
 0.000 0.000 0.000 1.000)

0.47733211517333984
(0.985 -0.045 0.168 -0.143
 -0.033 0.900 0.434 -0.016
 -0.171 -0.433 0.885 0.078
 0.000 0.000 0.000 1.000)

0.49428796768188477
(0.980 -0.077 0.183 -0.154
 -0.028 0.860 0.509 -0.030
 -0.197 -0.504 0.841 0.083
 0.000 0.000 0.000 1.000)

0.5107440948486328
(0.971 -0.120 0.206 -0.165
 -0.021 0.819 0.574 -0.038
 -0.237 -0.561 0.793 0.087
 0.000 0.000 0.000 1.000)

0.5273640155792236
(0.957 -0.172 0.232 -0.176
 -0.002 0.798 0.602 -0.033
 -0.289 -0.577 0.764 0.082
 0.000 0.000 0.000 1.000)

0.5440659523010254
(0.943 -0.214 0.256 -0.186
 0.023 0.807 0.590 -0.015
 -0.333 -0.550 0.766 0.071
 0.000 0.000 0.000 1.000)

0.5607540607452393
(0.925 -0.261 0.277 -0.199
 0.141 0.910 0.389 0.073
 -0.353 -0.321 0.879 0.027
 0.000 0.000 0.000 1.000)

0.5774199962615967
(0.921 -0.279 0.272 -0.202
 0.218 0.947 0.235 0.136
 -0.323 -0.157 0.933 0.005
 0.000 0.000 0.000 1.000)

0.5940840244293213
(0.920 -0.292 0.263 -0.203
 0.287 0.956 0.059 0.208
 -0.268 0.021 0.963 -0.013
 0.000 0.000 0.000 1.000)

0.6107640266418457
(0.923 -0.294 0.250 -0.202
 0.328 0.938 -0.110 0.281
 -0.202 0.183 0.962 -0.022
 0.000 0.000 0.000 1.000)

0.6276750564575195
(0.933 -0.277 0.231 -0.197
 0.335 0.903 -0.269 0.353
 -0.134 0.328 0.935 -0.023
 0.000 0.000 0.000 1.000)

0.644150972366333
(0.949 -0.234 0.210 -0.191
 0.303 0.861 -0.408 0.421
 -0.085 0.451 0.888 -0.017
 0.000 0.000 0.000 1.000)

0.6607820987701416
(0.968 -0.175 0.181 -0.182
 0.246 0.814 -0.527 0.484
 -0.055 0.554 0.831 -0.006
 0.000 0.000 0.000 1.000)

0.6932580471038818
(0.983 -0.117 0.142 -0.170
 0.181 0.760 -0.624 0.540
 -0.035 0.639 0.768 0.010
 0.000 0.000 0.000 1.000)

0.710914134979248
(0.992 -0.074 0.099 -0.157
 0.122 0.697 -0.707 0.590
 -0.017 0.714 0.700 0.029
 0.000 0.000 0.000 1.000)

0.7274839878082275
(0.998 -0.048 0.047 -0.143
 0.067 0.627 -0.776 0.632
 0.008 0.777 0.629 0.049
 0.000 0.000 0.000 1.000)

0.7441921234130859
(0.999 -0.037 -0.008 -0.131
 0.014 0.562 -0.827 0.667
 0.035 0.827 0.562 0.069
 0.000 0.000 0.000 1.000)

0.7608850002288818
(0.998 -0.024 -0.057 -0.120
 -0.037 0.515 -0.856 0.694
 0.050 0.857 0.513 0.086
 0.000 0.000 0.000 1.000)

0.7775349617004395
(0.996 -0.002 -0.089 -0.113
 -0.076 0.499 -0.863 0.713
 0.046 0.866 0.497 0.097
 0.000 0.000 0.000 1.000)

0.7942349910736084
(0.994 0.036 -0.102 -0.111
 -0.106 0.514 -0.851 0.725
 0.022 0.857 0.515 0.101
 0.000 0.000 0.000 1.000)

0.8109309673309326
(0.985 0.153 -0.079 -0.115
 -0.154 0.572 -0.806 0.736
 -0.078 0.806 0.587 0.097
 0.000 0.000 0.000 1.000)

0.8278470039367676
(0.975 0.213 -0.061 -0.119
 -0.178 0.591 -0.787 0.736
 -0.131 0.778 0.614 0.094
 0.000 0.000 0.000 1.000)

0.8445091247558594
(0.966 0.252 -0.051 -0.123
 -0.197 0.601 -0.774 0.734
 -0.164 0.758 0.631 0.091
 0.000 0.000 0.000 1.000)

0.860990047454834
(0.964 0.262 -0.048 -0.126
 -0.203 0.608 -0.767 0.729
 -0.171 0.749 0.640 0.088
 0.000 0.000 0.000 1.000)

0.8776061534881592
(0.969 0.244 -0.048 -0.130
 -0.193 0.616 -0.763 0.722
 -0.156 0.749 0.644 0.085
 0.000 0.000 0.000 1.000)

0.8942520618438721
(0.976 0.213 -0.046 -0.134
 -0.173 0.629 -0.758 0.710
 -0.132 0.748 0.651 0.081
 0.000 0.000 0.000 1.000)

0.9109959602355957
(0.983 0.179 -0.036 -0.140
 -0.146 0.646 -0.749 0.695
 -0.111 0.742 0.662 0.076
 0.000 0.000 0.000 1.000)

0.9434311389923096
(0.989 0.145 -0.023 -0.147
 -0.115 0.673 -0.731 0.675
 -0.091 0.726 0.682 0.068
 0.000 0.000 0.000 1.000)

0.9609379768371582
(0.994 0.106 -0.002 -0.155
 -0.077 0.710 -0.700 0.650
 -0.072 0.696 0.714 0.058
 0.000 0.000 0.000 1.000)

0.9775829315185547
(0.998 0.063 0.022 -0.164
 -0.034 0.759 -0.650 0.620
 -0.058 0.647 0.760 0.046
 0.000 0.000 0.000 1.000)

0.9942700862884521
(0.998 0.025 0.049 -0.173
 0.009 0.809 -0.587 0.586
 -0.054 0.587 0.808 0.033
 0.000 0.000 0.000 1.000)

1.0109610557556152
(0.997 0.000 0.075 -0.182
 0.038 0.859 -0.511 0.548
 -0.064 0.512 0.856 0.020
 0.000 0.000 0.000 1.000)

1.0276341438293457
(0.995 -0.010 0.096 -0.191
 0.051 0.902 -0.429 0.507
 -0.082 0.432 0.898 0.009
 0.000 0.000 0.000 1.000)

1.044295072555542
(0.991 -0.045 0.127 -0.206
 0.081 0.953 -0.293 0.433
 -0.108 0.301 0.948 -0.005
 0.000 0.000 0.000 1.000)

1.060992956161499
(0.987 -0.080 0.138 -0.212
 0.112 0.963 -0.244 0.400
 -0.113 0.257 0.960 -0.009
 0.000 0.000 0.000 1.000)

1.0775840282440186
(0.984 -0.107 0.139 -0.215
 0.135 0.968 -0.211 0.371
 -0.112 0.227 0.967 -0.010
 0.000 0.000 0.000 1.000)

1.0943269729614258
(0.982 -0.133 0.130 -0.217
 0.156 0.970 -0.188 0.345
 -0.101 0.205 0.974 -0.011
 0.000 0.000 0.000 1.000)

1.1110260486602783
(0.978 -0.169 0.119 -0.219
 0.188 0.968 -0.168 0.321
 -0.087 0.187 0.979 -0.011
 0.000 0.000 0.000 1.000)

1.1276659965515137
(0.972 -0.206 0.114 -0.221
 0.221 0.964 -0.149 0.299
 -0.079 0.170 0.982 -0.010
 0.000 0.000 0.000 1.000)

1.1443610191345215
(0.966 -0.230 0.121 -0.224
 0.245 0.961 -0.128 0.279
 -0.087 0.153 0.984 -0.008
 0.000 0.000 0.000 1.000)

1.1610770225524902
(0.962 -0.236 0.135 -0.228
 0.251 0.962 -0.109 0.261
 -0.104 0.138 0.985 -0.006
 0.000 0.000 0.000 1.000)

1.1935789585113525
(0.961 -0.232 0.148 -0.231
 0.245 0.966 -0.082 0.244
 -0.124 0.115 0.986 -0.003
 0.000 0.000 0.000 1.000)

1.2110459804534912
(0.963 -0.223 0.155 -0.232
 0.233 0.971 -0.055 0.228
 -0.138 0.089 0.986 -0.001
 0.000 0.000 0.000 1.000)

1.2277169227600098
(0.964 -0.216 0.156 -0.231
 0.223 0.974 -0.028 0.214
 -0.146 0.062 0.987 0.001
 0.000 0.000 0.000 1.000)

1.2444260120391846
(0.967 -0.202 0.155 -0.230
 0.205 0.979 -0.007 0.201
 -0.150 0.038 0.988 0.004
 0.000 0.000 0.000 1.000)

1.2610881328582764
(0.972 -0.177 0.152 -0.229
 0.178 0.984 0.006 0.192
 -0.151 0.021 0.988 0.006
 0.000 0.000 0.000 1.000)

1.277745008468628
(0.978 -0.149 0.147 -0.227
 0.149 0.989 0.010 0.184
 -0.147 0.012 0.989 0.009
 0.000 0.000 0.000 1.000)

1.2944841384887695
(0.985 -0.092 0.144 -0.224
 0.091 0.996 0.014 0.170
 -0.144 -0.001 0.990 0.014
 0.000 0.000 0.000 1.000)

1.3111519813537598
(0.986 -0.074 0.147 -0.223
 0.072 0.997 0.016 0.165
 -0.147 -0.005 0.989 0.017
 0.000 0.000 0.000 1.000)

1.327826976776123
(0.987 -0.058 0.150 -0.222
 0.056 0.998 0.017 0.160
 -0.151 -0.009 0.989 0.019
 0.000 0.000 0.000 1.000)

1.3444969654083252
(0.988 -0.043 0.149 -0.220
 0.040 0.999 0.021 0.155
 -0.150 -0.015 0.989 0.021
 0.000 0.000 0.000 1.000)

1.3611860275268555
(0.990 -0.026 0.142 -0.217
 0.022 0.999 0.025 0.152
 -0.143 -0.021 0.990 0.023
 0.000 0.000 0.000 1.000)

1.3778669834136963
(0.991 -0.006 0.134 -0.214
 0.003 1.000 0.023 0.148
 -0.134 -0.023 0.991 0.025
 0.000 0.000 0.000 1.000)

1.3945441246032715
(0.992 0.012 0.127 -0.211
 -0.015 1.000 0.021 0.145
 -0.126 -0.023 0.992 0.027
 0.000 0.000 0.000 1.000)

1.4270761013031006
(0.992 0.030 0.121 -0.207
 -0.033 0.999 0.023 0.142
 -0.121 -0.026 0.992 0.028
 0.000 0.000 0.000 1.000)

1.444540023803711
(0.992 0.048 0.119 -0.205
 -0.052 0.998 0.027 0.138
 -0.118 -0.033 0.993 0.029
 0.000 0.000 0.000 1.000)

1.461238145828247
(0.991 0.061 0.119 -0.203
 -0.066 0.997 0.036 0.134
 -0.116 -0.043 0.992 0.030
 0.000 0.000 0.000 1.000)

1.47788405418396
(0.990 0.071 0.119 -0.201
 -0.076 0.996 0.040 0.130
 -0.116 -0.049 0.992 0.031
 0.000 0.000 0.000 1.000)

1.494570016860962
(0.990 0.082 0.119 -0.199
 -0.089 0.995 0.051 0.125
 -0.114 -0.061 0.992 0.032
 0.000 0.000 0.000 1.000)

1.511281967163086
(0.989 0.095 0.117 -0.198
 -0.103 0.993 0.061 0.122
 -0.111 -0.073 0.991 0.033
 0.000 0.000 0.000 1.000)

1.527933120727539
(0.987 0.114 0.114 -0.194
 -0.124 0.989 0.079 0.114
 -0.103 -0.092 0.990 0.033
 0.000 0.000 0.000 1.000)

1.5446081161499023
(0.987 0.115 0.115 -0.193
 -0.125 0.988 0.086 0.112
 -0.104 -0.100 0.990 0.034
 0.000 0.000 0.000 1.000)

1.561310052871704
(0.986 0.117 0.120 -0.191
 -0.128 0.988 0.090 0.110
 -0.108 -0.104 0.989 0.034
 0.000 0.000 0.000 1.000)

1.577970027923584
(0.985 0.118 0.128 -0.190
 -0.129 0.988 0.088 0.109
 -0.116 -0.104 0.988 0.034
 0.000 0.000 0.000 1.000)

1.5946249961853027
(0.984 0.120 0.135 -0.188
 -0.132 0.988 0.083 0.109
 -0.123 -0.099 0.987 0.034
 0.000 0.000 0.000 1.000)

1.611325979232788
(0.981 0.131 0.145 -0.186
 -0.143 0.987 0.077 0.108
 -0.133 -0.096 0.986 0.034
 0.000 0.000 0.000 1.000)

1.6280231475830078
(0.977 0.150 0.153 -0.184
 -0.162 0.984 0.070 0.107
 -0.140 -0.093 0.986 0.034
 0.000 0.000 0.000 1.000)

1.644639015197754
(0.972 0.176 0.158 -0.182
 -0.188 0.980 0.070 0.105
 -0.142 -0.098 0.985 0.034
 0.000 0.000 0.000 1.000)

1.6772289276123047
(0.966 0.202 0.159 -0.179
 -0.216 0.973 0.076 0.102
 -0.139 -0.108 0.984 0.033
 0.000 0.000 0.000 1.000)

1.694796085357666
(0.963 0.221 0.156 -0.176
 -0.236 0.968 0.086 0.098
 -0.132 -0.119 0.984 0.033
 0.000 0.000 0.000 1.000)

1.7113690376281738
(0.961 0.232 0.153 -0.172
 -0.249 0.963 0.100 0.093
 -0.124 -0.134 0.983 0.032
 0.000 0.000 0.000 1.000)

1.7280890941619873
(0.960 0.235 0.155 -0.168
 -0.252 0.962 0.107 0.090
 -0.124 -0.141 0.982 0.032
 0.000 0.000 0.000 1.000)

1.7447469234466553
(0.958 0.240 0.158 -0.164
 -0.259 0.960 0.111 0.087
 -0.125 -0.147 0.981 0.031
 0.000 0.000 0.000 1.000)

1.761441946029663
(0.954 0.252 0.162 -0.161
 -0.272 0.955 0.115 0.084
 -0.125 -0.154 0.980 0.030
 0.000 0.000 0.000 1.000)

1.7781050205230713
(0.942 0.294 0.159 -0.152
 -0.316 0.939 0.136 0.079
 -0.109 -0.178 0.978 0.027
 0.000 0.000 0.000 1.000)

1.7947931289672852
(0.941 0.305 0.149 -0.146
 -0.326 0.934 0.146 0.077
 -0.095 -0.186 0.978 0.026
 0.000 0.000 0.000 1.000)

1.8114500045776367
(0.942 0.309 0.131 -0.139
 -0.326 0.935 0.140 0.078
 -0.080 -0.175 0.981 0.025
 0.000 0.000 0.000 1.000)

1.8281290531158447
(0.945 0.307 0.115 -0.133
 -0.321 0.938 0.131 0.080
 -0.068 -0.160 0.985 0.023
 0.000 0.000 0.000 1.000)

1.8447930812835693
(0.948 0.301 0.102 -0.127
 -0.311 0.944 0.110 0.085
 -0.063 -0.136 0.989 0.021
 0.000 0.000 0.000 1.000)

1.861480951309204
(0.951 0.296 0.093 -0.122
 -0.304 0.949 0.089 0.090
 -0.062 -0.113 0.992 0.020
 0.000 0.000 0.000 1.000)

1.8781700134277344
(0.953 0.288 0.090 -0.119
 -0.295 0.953 0.072 0.094
 -0.065 -0.095 0.993 0.019
 0.000 0.000 0.000 1.000)

1.8948030471801758
(0.958 0.271 0.089 -0.116
 -0.278 0.958 0.068 0.097
 -0.067 -0.090 0.994 0.018
 0.000 0.000 0.000 1.000)

1.9273791313171387
(0.966 0.243 0.088 -0.113
 -0.250 0.966 0.068 0.099
 -0.069 -0.088 0.994 0.018
 0.000 0.000 0.000 1.000)

1.9448599815368652
(0.975 0.205 0.090 -0.110
 -0.212 0.975 0.075 0.101
 -0.072 -0.092 0.993 0.018
 0.000 0.000 0.000 1.000)

1.9615099430084229
(0.982 0.162 0.092 -0.108
 -0.171 0.981 0.091 0.102
 -0.076 -0.105 0.992 0.018
 0.000 0.000 0.000 1.000)

1.9781880378723145
(0.988 0.124 0.091 -0.105
 -0.134 0.985 0.112 0.103
 -0.075 -0.123 0.990 0.018
 0.000 0.000 0.000 1.000)

1.994899034500122
(0.992 0.094 0.083 -0.102
 -0.105 0.985 0.137 0.104
 -0.069 -0.145 0.987 0.019
 0.000 0.000 0.000 1.000)

2.011554002761841
(0.997 0.057 0.055 -0.094
 -0.066 0.983 0.170 0.110
 -0.044 -0.173 0.984 0.020
 0.000 0.000 0.000 1.000)

2.0282480716705322
(0.998 0.056 0.041 -0.091
 -0.063 0.982 0.179 0.114
 -0.030 -0.181 0.983 0.020
 0.000 0.000 0.000 1.000)

2.0449061393737793
(0.998 0.065 0.028 -0.088
 -0.069 0.981 0.183 0.118
 -0.016 -0.185 0.983 0.020
 0.000 0.000 0.000 1.000)

2.061605930328369
(0.997 0.077 0.013 -0.085
 -0.079 0.982 0.173 0.125
 0.001 -0.173 0.985 0.019
 0.000 0.000 0.000 1.000)

2.0783021450042725
(0.997 0.079 -0.001 -0.083
 -0.078 0.987 0.140 0.134
 0.012 -0.139 0.990 0.018
 0.000 0.000 0.000 1.000)

2.094931125640869
(0.998 0.062 -0.016 -0.080
 -0.060 0.993 0.103 0.143
 0.023 -0.101 0.995 0.016
 0.000 0.000 0.000 1.000)

2.1116130352020264
(0.999 0.034 -0.030 -0.078
 -0.032 0.998 0.062 0.152
 0.032 -0.061 0.998 0.015
 0.000 0.000 0.000 1.000)

2.128304958343506
(0.999 0.000 -0.037 -0.076
 0.001 0.999 0.033 0.159
 0.037 -0.033 0.999 0.014
 0.000 0.000 0.000 1.000)

2.1608550548553467
(0.999 -0.035 -0.036 -0.076
 0.036 0.999 0.025 0.161
 0.035 -0.026 0.999 0.013
 0.000 0.000 0.000 1.000)

2.1783149242401123
(0.997 -0.068 -0.025 -0.076
 0.069 0.997 0.044 0.158
 0.022 -0.045 0.999 0.012
 0.000 0.000 0.000 1.000)

2.1950230598449707
(0.996 -0.087 -0.012 -0.076
 0.087 0.992 0.088 0.152
 0.005 -0.088 0.996 0.011
 0.000 0.000 0.000 1.000)

2.2116811275482178
(0.997 -0.075 -0.002 -0.077
 0.075 0.989 0.128 0.146
 -0.008 -0.128 0.992 0.012
 0.000 0.000 0.000 1.000)

2.2283859252929688
(0.999 -0.039 -0.000 -0.076
 0.039 0.989 0.146 0.143
 -0.005 -0.145 0.989 0.012
 0.000 0.000 0.000 1.000)

2.245065927505493
(1.000 -0.006 -0.009 -0.074
 0.007 0.989 0.145 0.142
 0.008 -0.145 0.989 0.013
 0.000 0.000 0.000 1.000)

2.261733055114746
(0.999 -0.005 -0.047 -0.067
 0.011 0.992 0.129 0.147
 0.045 -0.129 0.991 0.015
 0.000 0.000 0.000 1.000)

2.278409957885742
(0.998 -0.034 -0.058 -0.064
 0.041 0.992 0.121 0.150
 0.054 -0.124 0.991 0.015
 0.000 0.000 0.000 1.000)

2.29508900642395
(0.997 -0.047 -0.061 -0.062
 0.054 0.991 0.123 0.151
 0.054 -0.126 0.991 0.015
 0.000 0.000 0.000 1.000)

2.3117640018463135
(0.998 -0.031 -0.051 -0.062
 0.038 0.989 0.141 0.148
 0.046 -0.143 0.989 0.016
 0.000 0.000 0.000 1.000)

2.3284389972686768
(0.999 0.008 -0.034 -0.063
 -0.003 0.988 0.156 0.146
 0.035 -0.156 0.987 0.016
 0.000 0.000 0.000 1.000)

2.345139980316162
(0.998 0.065 -0.017 -0.065
 -0.061 0.983 0.173 0.142
 0.028 -0.172 0.985 0.017
 0.000 0.000 0.000 1.000)

2.361783981323242
(0.993 0.121 -0.004 -0.066
 -0.118 0.976 0.186 0.139
 0.026 -0.184 0.983 0.017
 0.000 0.000 0.000 1.000)

2.378464937210083
(0.986 0.164 0.006 -0.067
 -0.162 0.967 0.196 0.136
 0.026 -0.194 0.981 0.018
 0.000 0.000 0.000 1.000)

2.411013126373291
(0.982 0.188 0.014 -0.068
 -0.187 0.960 0.209 0.134
 0.026 -0.207 0.978 0.019
 0.000 0.000 0.000 1.000)

2.4284961223602295
(0.978 0.209 0.026 -0.069
 -0.210 0.953 0.218 0.133
 0.021 -0.218 0.976 0.019
 0.000 0.000 0.000 1.000)

2.4451870918273926
(0.976 0.214 0.039 -0.070
 -0.218 0.950 0.222 0.132
 0.011 -0.225 0.974 0.019
 0.000 0.000 0.000 1.000)

2.461867094039917
(0.976 0.210 0.048 -0.070
 -0.216 0.951 0.223 0.132
 0.002 -0.228 0.974 0.019
 0.000 0.000 0.000 1.000)

2.4785540103912354
(0.978 0.203 0.051 -0.070
 -0.209 0.952 0.223 0.132
 -0.003 -0.229 0.973 0.019
 0.000 0.000 0.000 1.000)

2.4952120780944824
(0.980 0.197 0.043 -0.068
 -0.201 0.954 0.221 0.133
 0.002 -0.225 0.974 0.018
 0.000 0.000 0.000 1.000)

2.51187801361084
(0.981 0.193 0.034 -0.066
 -0.196 0.957 0.214 0.135
 0.009 -0.216 0.976 0.018
 0.000 0.000 0.000 1.000)

2.528564929962158
(0.983 0.180 0.023 -0.064
 -0.181 0.963 0.199 0.138
 0.014 -0.200 0.980 0.017
 0.000 0.000 0.000 1.000)

2.5452311038970947
(0.988 0.156 0.010 -0.061
 -0.155 0.972 0.178 0.142
 0.018 -0.178 0.984 0.017
 0.000 0.000 0.000 1.000)

2.561903953552246
(0.992 0.127 -0.007 -0.058
 -0.124 0.980 0.153 0.146
 0.026 -0.151 0.988 0.016
 0.000 0.000 0.000 1.000)

2.578540086746216
(0.995 0.093 -0.026 -0.055
 -0.089 0.989 0.118 0.153
 0.037 -0.115 0.993 0.016
 0.000 0.000 0.000 1.000)

2.595258951187134
(0.997 0.063 -0.047 -0.051
 -0.059 0.995 0.081 0.160
 0.052 -0.078 0.996 0.016
 0.000 0.000 0.000 1.000)

2.6119561195373535
(0.997 0.039 -0.071 -0.048
 -0.037 0.999 0.037 0.168
 0.073 -0.034 0.997 0.016
 0.000 0.000 0.000 1.000)

2.64449405670166
(0.995 0.019 -0.093 -0.044
 -0.020 1.000 -0.014 0.176
 0.093 0.016 0.996 0.016
 0.000 0.000 0.000 1.000)

2.661984920501709
(0.994 -0.003 -0.110 -0.041
 -0.004 0.998 -0.068 0.184
 0.110 0.068 0.992 0.017
 0.000 0.000 0.000 1.000)

2.678615093231201
(0.992 -0.027 -0.121 -0.039
 0.013 0.993 -0.115 0.191
 0.123 0.112 0.986 0.017
 0.000 0.000 0.000 1.000)

2.695322036743164
(0.991 -0.049 -0.127 -0.037
 0.029 0.988 -0.150 0.196
 0.132 0.145 0.981 0.018
 0.000 0.000 0.000 1.000)

2.7120230197906494
(0.989 -0.069 -0.129 -0.037
 0.046 0.983 -0.176 0.200
 0.139 0.168 0.976 0.019
 0.000 0.000 0.000 1.000)

2.7286880016326904
(0.987 -0.088 -0.134 -0.036
 0.061 0.979 -0.193 0.202
 0.149 0.182 0.972 0.019
 0.000 0.000 0.000 1.000)

2.7453229427337646
(0.982 -0.122 -0.147 -0.034
 0.089 0.973 -0.215 0.204
 0.169 0.198 0.965 0.021
 0.000 0.000 0.000 1.000)

2.762042999267578
(0.979 -0.143 -0.143 -0.035
 0.108 0.968 -0.225 0.205
 0.171 0.205 0.964 0.021
 0.000 0.000 0.000 1.000)

2.778762102127075
(0.978 -0.159 -0.132 -0.036
 0.124 0.964 -0.236 0.206
 0.165 0.214 0.963 0.022
 0.000 0.000 0.000 1.000)

2.7953789234161377
(0.978 -0.168 -0.120 -0.038
 0.136 0.961 -0.242 0.207
 0.156 0.221 0.963 0.021
 0.000 0.000 0.000 1.000)

2.8120670318603516
(0.979 -0.173 -0.106 -0.040
 0.143 0.959 -0.243 0.206
 0.144 0.223 0.964 0.021
 0.000 0.000 0.000 1.000)

2.828839063644409
(0.979 -0.177 -0.098 -0.041
 0.150 0.960 -0.236 0.204
 0.136 0.216 0.967 0.020
 0.000 0.000 0.000 1.000)

2.845489978790283
(0.979 -0.184 -0.094 -0.042
 0.159 0.962 -0.223 0.202
 0.131 0.203 0.970 0.019
 0.000 0.000 0.000 1.000)

2.862149953842163
(0.979 -0.185 -0.090 -0.042
 0.163 0.964 -0.212 0.199
 0.126 0.193 0.973 0.018
 0.000 0.000 0.000 1.000)

2.894644021987915
(0.980 -0.181 -0.088 -0.042
 0.160 0.967 -0.200 0.196
 0.122 0.182 0.976 0.018
 0.000 0.000 0.000 1.000)

2.912230968475342
(0.980 -0.175 -0.090 -0.041
 0.156 0.970 -0.184 0.192
 0.120 0.167 0.979 0.017
 0.000 0.000 0.000 1.000)

2.928877115249634
(0.984 -0.158 -0.085 -0.041
 0.142 0.976 -0.167 0.189
 0.109 0.153 0.982 0.016
 0.000 0.000 0.000 1.000)

2.945573091506958
(0.990 -0.124 -0.072 -0.043
 0.113 0.983 -0.143 0.183
 0.089 0.133 0.987 0.014
 0.000 0.000 0.000 1.000)

2.962186098098755
(0.997 -0.067 -0.047 -0.046
 0.061 0.992 -0.113 0.175
 0.055 0.109 0.993 0.012
 0.000 0.000 0.000 1.000)

2.9789490699768066
(0.992 0.122 0.023 -0.056
 -0.122 0.993 -0.007 0.153
 -0.024 0.004 1.000 0.009
 0.000 0.000 0.000 1.000)

2.995617151260376
(0.965 0.252 0.067 -0.064
 -0.256 0.965 0.055 0.139
 -0.051 -0.070 0.996 0.010
 0.000 0.000 0.000 1.000)

3.012265920639038
(0.917 0.382 0.116 -0.073
 -0.395 0.910 0.125 0.125
 -0.058 -0.161 0.985 0.013
 0.000 0.000 0.000 1.000)

3.028895139694214
(0.863 0.478 0.163 -0.083
 -0.503 0.844 0.185 0.114
 -0.049 -0.242 0.969 0.017
 0.000 0.000 0.000 1.000)

3.045570135116577
(0.831 0.521 0.195 -0.091
 -0.555 0.801 0.225 0.107
 -0.039 -0.295 0.955 0.022
 0.000 0.000 0.000 1.000)

3.0866050720214844
(0.825 0.524 0.214 -0.096
 -0.564 0.791 0.239 0.105
 -0.044 -0.318 0.947 0.026
 0.000 0.000 0.000 1.000)

3.0876331329345703
(0.830 0.510 0.227 -0.100
 -0.554 0.800 0.230 0.108
 -0.065 -0.317 0.946 0.028
 0.000 0.000 0.000 1.000)

3.1044540405273438
(0.835 0.491 0.249 -0.107
 -0.538 0.823 0.181 0.120
 -0.116 -0.285 0.951 0.028
 0.000 0.000 0.000 1.000)

3.1367790699005127
(0.839 0.481 0.255 -0.109
 -0.526 0.836 0.156 0.126
 -0.138 -0.265 0.954 0.027
 0.000 0.000 0.000 1.000)

3.154356002807617
(0.840 0.477 0.257 -0.110
 -0.522 0.841 0.144 0.130
 -0.147 -0.255 0.956 0.027
 0.000 0.000 0.000 1.000)

3.1710450649261475
(0.842 0.473 0.260 -0.110
 -0.516 0.845 0.136 0.132
 -0.155 -0.249 0.956 0.027
 0.000 0.000 0.000 1.000)

3.1876919269561768
(0.850 0.457 0.261 -0.111
 -0.501 0.854 0.137 0.133
 -0.160 -0.247 0.956 0.027
 0.000 0.000 0.000 1.000)

3.2043850421905518
(0.866 0.427 0.259 -0.110
 -0.472 0.870 0.141 0.133
 -0.165 -0.245 0.955 0.027
 0.000 0.000 0.000 1.000)

3.221079111099243
(0.887 0.388 0.251 -0.108
 -0.430 0.892 0.142 0.134
 -0.169 -0.234 0.958 0.027
 0.000 0.000 0.000 1.000)

3.237730026245117
(0.909 0.344 0.234 -0.105
 -0.380 0.916 0.131 0.137
 -0.170 -0.208 0.963 0.026
 0.000 0.000 0.000 1.000)

3.2544329166412354
(0.931 0.301 0.207 -0.101
 -0.328 0.938 0.110 0.142
 -0.161 -0.171 0.972 0.025
 0.000 0.000 0.000 1.000)

3.2711880207061768
(0.953 0.249 0.173 -0.095
 -0.266 0.960 0.085 0.147
 -0.145 -0.127 0.981 0.024
 0.000 0.000 0.000 1.000)

3.287724018096924
(0.973 0.183 0.139 -0.089
 -0.193 0.980 0.057 0.154
 -0.125 -0.082 0.989 0.023
 0.000 0.000 0.000 1.000)

3.3044490814208984
(0.988 0.114 0.105 -0.083
 -0.117 0.993 0.022 0.162
 -0.102 -0.034 0.994 0.022
 0.000 0.000 0.000 1.000)

3.321120023727417
(0.996 0.041 0.074 -0.078
 -0.040 0.999 -0.011 0.169
 -0.074 0.008 0.997 0.022
 0.000 0.000 0.000 1.000)

3.3378231525421143
(0.996 -0.089 0.001 -0.067
 0.089 0.994 -0.068 0.183
 0.005 0.068 0.998 0.023
 0.000 0.000 0.000 1.000)

3.370253086090088
(0.988 -0.152 -0.041 -0.061
 0.147 0.984 -0.097 0.189
 0.055 0.090 0.994 0.024
 0.000 0.000 0.000 1.000)

3.38782000541687
(0.973 -0.215 -0.082 -0.056
 0.204 0.971 -0.126 0.195
 0.107 0.106 0.989 0.026
 0.000 0.000 0.000 1.000)

3.4045250415802
(0.952 -0.285 -0.116 -0.052
 0.266 0.952 -0.153 0.201
 0.154 0.115 0.981 0.028
 0.000 0.000 0.000 1.000)

3.421164035797119
(0.922 -0.360 -0.140 -0.049
 0.335 0.926 -0.177 0.207
 0.193 0.116 0.974 0.029
 0.000 0.000 0.000 1.000)

3.437830924987793
(0.887 -0.436 -0.153 -0.048
 0.406 0.893 -0.195 0.212
 0.221 0.111 0.969 0.031
 0.000 0.000 0.000 1.000)

3.454555034637451
(0.849 -0.504 -0.156 -0.048
 0.471 0.857 -0.208 0.216
 0.239 0.103 0.966 0.032
 0.000 0.000 0.000 1.000)

3.471261978149414
(0.820 -0.552 -0.152 -0.049
 0.515 0.827 -0.224 0.219
 0.249 0.105 0.963 0.032
 0.000 0.000 0.000 1.000)

3.487884998321533
(0.814 -0.564 -0.139 -0.051
 0.526 0.817 -0.236 0.222
 0.247 0.119 0.962 0.032
 0.000 0.000 0.000 1.000)

3.504580020904541
(0.829 -0.545 -0.123 -0.053
 0.507 0.827 -0.243 0.223
 0.234 0.139 0.962 0.032
 0.000 0.000 0.000 1.000)

3.5212619304656982
(0.859 -0.502 -0.106 -0.055
 0.467 0.851 -0.241 0.222
 0.211 0.158 0.965 0.031
 0.000 0.000 0.000 1.000)

3.5379300117492676
(0.894 -0.439 -0.092 -0.056
 0.410 0.883 -0.230 0.219
 0.182 0.168 0.969 0.030
 0.000 0.000 0.000 1.000)

3.5545849800109863
(0.925 -0.370 -0.087 -0.056
 0.346 0.915 -0.209 0.214
 0.157 0.163 0.974 0.028
 0.000 0.000 0.000 1.000)

3.571260929107666
(0.949 -0.303 -0.086 -0.056
 0.283 0.941 -0.184 0.209
 0.137 0.151 0.979 0.027
 0.000 0.000 0.000 1.000)

3.5879299640655518
(0.979 -0.185 -0.080 -0.057
 0.172 0.973 -0.152 0.202
 0.107 0.136 0.985 0.026
 0.000 0.000 0.000 1.000)

3.6204049587249756
(0.989 -0.130 -0.070 -0.059
 0.118 0.982 -0.148 0.200
 0.088 0.138 0.986 0.025
 0.000 0.000 0.000 1.000)

3.637972116470337
(0.997 -0.065 -0.049 -0.062
 0.057 0.988 -0.142 0.197
 0.058 0.139 0.989 0.024
 0.000 0.000 0.000 1.000)

3.654668092727661
(1.000 0.024 -0.018 -0.066
 -0.026 0.993 -0.119 0.192
 0.015 0.119 0.993 0.023
 0.000 0.000 0.000 1.000)

3.671328067779541
(0.991 0.130 0.022 -0.072
 -0.128 0.989 -0.080 0.184
 -0.032 0.077 0.997 0.022
 0.000 0.000 0.000 1.000)

3.6880099773406982
(0.971 0.230 0.064 -0.078
 -0.229 0.973 -0.023 0.174
 -0.068 0.007 0.998 0.021
 0.000 0.000 0.000 1.000)

3.704694986343384
(0.950 0.297 0.101 -0.084
 -0.302 0.953 0.034 0.165
 -0.086 -0.063 0.994 0.022
 0.000 0.000 0.000 1.000)

3.721372127532959
(0.931 0.341 0.126 -0.089
 -0.352 0.933 0.077 0.158
 -0.092 -0.116 0.989 0.023
 0.000 0.000 0.000 1.000)

3.738013982772827
(0.917 0.371 0.148 -0.092
 -0.388 0.915 0.110 0.153
 -0.095 -0.158 0.983 0.024
 0.000 0.000 0.000 1.000)

3.7547531127929688
(0.904 0.395 0.165 -0.095
 -0.416 0.901 0.125 0.149
 -0.099 -0.182 0.978 0.026
 0.000 0.000 0.000 1.000)

3.7713990211486816
(0.891 0.417 0.179 -0.098
 -0.441 0.888 0.131 0.148
 -0.105 -0.196 0.975 0.026
 0.000 0.000 0.000 1.000)

3.788084030151367
(0.885 0.425 0.193 -0.100
 -0.452 0.882 0.132 0.147
 -0.114 -0.204 0.972 0.027
 0.000 0.000 0.000 1.000)

3.804750919342041
(0.886 0.417 0.205 -0.102
 -0.447 0.885 0.130 0.147
 -0.128 -0.206 0.970 0.027
 0.000 0.000 0.000 1.000)

3.821341037750244
(0.900 0.375 0.221 -0.105
 -0.406 0.907 0.114 0.151
 -0.158 -0.192 0.969 0.027
 0.000 0.000 0.000 1.000)

3.838102102279663
(0.908 0.353 0.226 -0.105
 -0.383 0.918 0.107 0.153
 -0.170 -0.184 0.968 0.027
 0.000 0.000 0.000 1.000)

3.8705549240112305
(0.914 0.335 0.229 -0.105
 -0.365 0.926 0.101 0.154
 -0.179 -0.176 0.968 0.027
 0.000 0.000 0.000 1.000)

3.8881471157073975
(0.917 0.325 0.230 -0.105
 -0.354 0.930 0.100 0.154
 -0.181 -0.173 0.968 0.027
 0.000 0.000 0.000 1.000)

3.9048011302948
(0.919 0.321 0.229 -0.105
 -0.351 0.931 0.103 0.154
 -0.180 -0.175 0.968 0.027
 0.000 0.000 0.000 1.000)

3.9214870929718018
(0.918 0.323 0.230 -0.105
 -0.353 0.930 0.106 0.154
 -0.179 -0.178 0.968 0.027
 0.000 0.000 0.000 1.000)

3.938197135925293
(0.918 0.323 0.231 -0.105
 -0.354 0.929 0.108 0.153
 -0.179 -0.181 0.967 0.027
 0.000 0.000 0.000 1.000)

3.954853057861328
(0.920 0.317 0.231 -0.105
 -0.348 0.931 0.109 0.153
 -0.181 -0.181 0.967 0.028
 0.000 0.000 0.000 1.000)

3.971513032913208
(0.926 0.301 0.230 -0.105
 -0.331 0.938 0.106 0.154
 -0.184 -0.174 0.968 0.028
 0.000 0.000 0.000 1.000)

3.9881701469421387
(0.933 0.278 0.227 -0.104
 -0.306 0.947 0.100 0.156
 -0.187 -0.163 0.969 0.028
 0.000 0.000 0.000 1.000)

4.004850387573242
(0.941 0.256 0.222 -0.103
 -0.282 0.955 0.094 0.157
 -0.188 -0.151 0.971 0.027
 0.000 0.000 0.000 1.000)

4.021531105041504
(0.947 0.240 0.216 -0.102
 -0.263 0.961 0.087 0.159
 -0.187 -0.139 0.973 0.027
 0.000 0.000 0.000 1.000)

4.038143157958984
(0.950 0.232 0.207 -0.100
 -0.253 0.964 0.080 0.160
 -0.181 -0.128 0.975 0.027
 0.000 0.000 0.000 1.000)

4.054978370666504
(0.957 0.223 0.188 -0.098
 -0.238 0.969 0.063 0.163
 -0.168 -0.105 0.980 0.027
 0.000 0.000 0.000 1.000)

4.071596145629883
(0.960 0.217 0.177 -0.096
 -0.230 0.972 0.055 0.165
 -0.160 -0.094 0.983 0.027
 0.000 0.000 0.000 1.000)

4.104062080383301
(0.964 0.205 0.167 -0.095
 -0.216 0.975 0.050 0.166
 -0.153 -0.085 0.985 0.027
 0.000 0.000 0.000 1.000)

4.121649742126465
(0.969 0.191 0.158 -0.093
 -0.200 0.979 0.046 0.167
 -0.146 -0.076 0.986 0.027
 0.000 0.000 0.000 1.000)

4.1382951736450195
(0.973 0.176 0.152 -0.092
 -0.185 0.982 0.046 0.168
 -0.141 -0.072 0.987 0.027
 0.000 0.000 0.000 1.000)

4.154972076416016
(0.976 0.157 0.154 -0.092
 -0.166 0.985 0.050 0.168
 -0.144 -0.074 0.987 0.028
 0.000 0.000 0.000 1.000)

4.171633720397949
(0.978 0.132 0.163 -0.093
 -0.143 0.988 0.058 0.168
 -0.154 -0.080 0.985 0.029
 0.000 0.000 0.000 1.000)

4.18831205368042
(0.979 0.100 0.177 -0.095
 -0.111 0.992 0.055 0.170
 -0.170 -0.073 0.983 0.030
 0.000 0.000 0.000 1.000)

4.205018043518066
(0.980 0.060 0.189 -0.097
 -0.069 0.997 0.044 0.173
 -0.185 -0.056 0.981 0.030
 0.000 0.000 0.000 1.000)

4.221689224243164
(0.981 0.013 0.194 -0.098
 -0.019 0.999 0.026 0.177
 -0.193 -0.029 0.981 0.031
 0.000 0.000 0.000 1.000)

4.23836612701416
(0.982 -0.037 0.184 -0.097
 0.038 0.999 -0.000 0.182
 -0.184 0.007 0.983 0.031
 0.000 0.000 0.000 1.000)

4.255059242248535
(0.981 -0.095 0.167 -0.095
 0.101 0.995 -0.026 0.187
 -0.164 0.043 0.986 0.031
 0.000 0.000 0.000 1.000)

4.271719932556152
(0.976 -0.165 0.145 -0.092
 0.174 0.984 -0.047 0.192
 -0.134 0.071 0.988 0.031
 0.000 0.000 0.000 1.000)

4.288351058959961
(0.963 -0.241 0.119 -0.089
 0.249 0.966 -0.065 0.197
 -0.099 0.092 0.991 0.032
 0.000 0.000 0.000 1.000)

4.305086135864258
(0.917 -0.393 0.072 -0.083
 0.398 0.912 -0.102 0.207
 -0.025 0.123 0.992 0.033
 0.000 0.000 0.000 1.000)

4.321719169616699
(0.889 -0.454 0.056 -0.081
 0.458 0.881 -0.121 0.212
 0.006 0.133 0.991 0.034
 0.000 0.000 0.000 1.000)

4.354204177856445
(0.862 -0.505 0.050 -0.081
 0.507 0.852 -0.131 0.215
 0.024 0.139 0.990 0.035
 0.000 0.000 0.000 1.000)

4.371758937835693
(0.838 -0.544 0.052 -0.081
 0.545 0.827 -0.138 0.217
 0.032 0.144 0.989 0.036
 0.000 0.000 0.000 1.000)

4.388477325439453
(0.815 -0.577 0.060 -0.083
 0.579 0.805 -0.130 0.217
 0.026 0.141 0.990 0.036
 0.000 0.000 0.000 1.000)

4.405142784118652
(0.796 -0.602 0.069 -0.084
 0.605 0.788 -0.115 0.215
 0.015 0.133 0.991 0.036
 0.000 0.000 0.000 1.000)

4.421811103820801
(0.781 -0.619 0.080 -0.086
 0.624 0.776 -0.095 0.213
 -0.003 0.125 0.992 0.036
 0.000 0.000 0.000 1.000)

4.438484191894531
(0.777 -0.623 0.087 -0.087
 0.629 0.774 -0.074 0.210
 -0.021 0.112 0.993 0.036
 0.000 0.000 0.000 1.000)

4.455147743225098
(0.780 -0.619 0.092 -0.088
 0.625 0.779 -0.057 0.208
 -0.037 0.102 0.994 0.036
 0.000 0.000 0.000 1.000)

4.471853256225586
(0.787 -0.609 0.094 -0.088
 0.614 0.788 -0.041 0.205
 -0.049 0.090 0.995 0.036
 0.000 0.000 0.000 1.000)

4.488550186157227
(0.798 -0.596 0.090 -0.087
 0.600 0.799 -0.032 0.204
 -0.053 0.079 0.995 0.036
 0.000 0.000 0.000 1.000)

4.505266189575195
(0.811 -0.579 0.083 -0.086
 0.582 0.813 -0.027 0.202
 -0.052 0.071 0.996 0.037
 0.000 0.000 0.000 1.000)

4.521846771240234
(0.830 -0.553 0.078 -0.084
 0.556 0.831 -0.027 0.201
 -0.050 0.066 0.997 0.037
 0.000 0.000 0.000 1.000)

4.538548946380615
(0.884 -0.461 0.070 -0.082
 0.464 0.886 -0.026 0.199
 -0.050 0.055 0.997 0.037
 0.000 0.000 0.000 1.000)

4.55521297454834
(0.916 -0.396 0.065 -0.081
 0.399 0.917 -0.027 0.198
 -0.049 0.051 0.998 0.037
 0.000 0.000 0.000 1.000)

4.571908950805664
(0.944 -0.326 0.057 -0.079
 0.328 0.944 -0.026 0.196
 -0.045 0.043 0.998 0.036
 0.000 0.000 0.000 1.000)

4.604351997375488
(0.966 -0.256 0.047 -0.077
 0.257 0.966 -0.022 0.193
 -0.039 0.033 0.999 0.036
 0.000 0.000 0.000 1.000)

4.621952056884766
(0.980 -0.193 0.038 -0.076
 0.194 0.981 -0.010 0.190
 -0.036 0.017 0.999 0.036
 0.000 0.000 0.000 1.000)

4.638632774353027
(0.991 -0.132 0.037 -0.076
 0.132 0.991 -0.001 0.187
 -0.036 0.005 0.999 0.036
 0.000 0.000 0.000 1.000)

4.655310153961182
(0.996 -0.078 0.042 -0.077
 0.078 0.997 0.009 0.184
 -0.043 -0.006 0.999 0.036
 0.000 0.000 0.000 1.000)

4.671991348266602
(0.998 -0.023 0.053 -0.078
 0.022 1.000 0.022 0.181
 -0.054 -0.021 0.998 0.036
 0.000 0.000 0.000 1.000)

4.688695907592773
(0.997 0.035 0.065 -0.080
 -0.037 0.999 0.026 0.178
 -0.064 -0.029 0.998 0.036
 0.000 0.000 0.000 1.000)

4.705326080322266
(0.992 0.095 0.080 -0.082
 -0.098 0.995 0.030 0.175
 -0.076 -0.038 0.996 0.036
 0.000 0.000 0.000 1.000)

4.722031116485596
(0.985 0.148 0.091 -0.084
 -0.151 0.988 0.035 0.173
 -0.085 -0.048 0.995 0.037
 0.000 0.000 0.000 1.000)

4.73866605758667
(0.978 0.184 0.096 -0.085
 -0.188 0.981 0.038 0.172
 -0.087 -0.056 0.995 0.037
 0.000 0.000 0.000 1.000)

4.755455017089844
(0.976 0.192 0.100 -0.086
 -0.197 0.980 0.040 0.171
 -0.090 -0.059 0.994 0.037
 0.000 0.000 0.000 1.000)

4.772031784057617
(0.978 0.185 0.102 -0.086
 -0.189 0.981 0.039 0.171
 -0.092 -0.057 0.994 0.037
 0.000 0.000 0.000 1.000)

4.788751125335693
(0.980 0.172 0.105 -0.086
 -0.176 0.984 0.028 0.173
 -0.098 -0.046 0.994 0.037
 0.000 0.000 0.000 1.000)

4.805383682250977
(0.979 0.176 0.106 -0.086
 -0.179 0.984 0.022 0.173
 -0.100 -0.041 0.994 0.037
 0.000 0.000 0.000 1.000)

4.837831974029541
(0.976 0.191 0.107 -0.086
 -0.194 0.981 0.020 0.173
 -0.101 -0.041 0.994 0.037
 0.000 0.000 0.000 1.000)

4.855370044708252
(0.970 0.216 0.109 -0.086
 -0.219 0.975 0.020 0.173
 -0.102 -0.043 0.994 0.037
 0.000 0.000 0.000 1.000)

4.872089385986328
(0.963 0.245 0.115 -0.087
 -0.250 0.968 0.030 0.171
 -0.104 -0.058 0.993 0.037
 0.000 0.000 0.000 1.000)

4.888734817504883
(0.954 0.274 0.122 -0.088
 -0.281 0.959 0.039 0.169
 -0.106 -0.072 0.992 0.037
 0.000 0.000 0.000 1.000)

4.905473709106445
(0.948 0.290 0.128 -0.089
 -0.298 0.953 0.048 0.167
 -0.108 -0.084 0.991 0.037
 0.000 0.000 0.000 1.000)

4.922030925750732
(0.946 0.295 0.137 -0.091
 -0.305 0.951 0.055 0.166
 -0.114 -0.094 0.989 0.037
 0.000 0.000 0.000 1.000)

4.938691139221191
(0.944 0.294 0.148 -0.092
 -0.305 0.951 0.056 0.165
 -0.124 -0.098 0.987 0.037
 0.000 0.000 0.000 1.000)

4.955367088317871
(0.942 0.295 0.158 -0.094
 -0.307 0.950 0.062 0.164
 -0.132 -0.106 0.986 0.037
 0.000 0.000 0.000 1.000)

4.972074031829834
(0.940 0.297 0.168 -0.095
 -0.311 0.948 0.066 0.163
 -0.140 -0.115 0.984 0.037
 0.000 0.000 0.000 1.000)

4.988724708557129
(0.938 0.297 0.177 -0.096
 -0.315 0.945 0.086 0.160
 -0.141 -0.137 0.981 0.037
 0.000 0.000 0.000 1.000)

5.005404949188232
(0.942 0.282 0.180 -0.096
 -0.304 0.947 0.107 0.158
 -0.140 -0.156 0.978 0.037
 0.000 0.000 0.000 1.000)

5.022058963775635
(0.963 0.210 0.170 -0.095
 -0.231 0.966 0.117 0.158
 -0.139 -0.152 0.979 0.037
 0.000 0.000 0.000 1.000)

5.038830757141113
(0.972 0.168 0.162 -0.094
 -0.186 0.977 0.102 0.162
 -0.141 -0.129 0.981 0.037
 0.000 0.000 0.000 1.000)

5.055459022521973
(0.980 0.131 0.153 -0.093
 -0.143 0.987 0.070 0.167
 -0.142 -0.091 0.986 0.036
 0.000 0.000 0.000 1.000)

5.087993144989014
(0.986 0.095 0.139 -0.090
 -0.101 0.994 0.037 0.173
 -0.135 -0.051 0.990 0.036
 0.000 0.000 0.000 1.000)

5.105480194091797
(0.992 0.053 0.117 -0.087
 -0.054 0.998 0.006 0.179
 -0.117 -0.013 0.993 0.035
 0.000 0.000 0.000 1.000)

5.122168064117432
(0.996 0.009 0.092 -0.084
 -0.008 1.000 -0.015 0.183
 -0.092 0.014 0.996 0.035
 0.000 0.000 0.000 1.000)

5.138849258422852
(0.997 -0.036 0.068 -0.080
 0.038 0.999 -0.033 0.187
 -0.067 0.036 0.997 0.035
 0.000 0.000 0.000 1.000)

5.155498027801514
(0.995 -0.084 0.047 -0.077
 0.086 0.995 -0.050 0.191
 -0.042 0.054 0.998 0.035
 0.000 0.000 0.000 1.000)

5.172191143035889
(0.990 -0.137 0.031 -0.075
 0.139 0.988 -0.071 0.195
 -0.021 0.075 0.997 0.036
 0.000 0.000 0.000 1.000)

5.188855171203613
(0.980 -0.199 0.021 -0.073
 0.200 0.975 -0.092 0.200
 -0.002 0.094 0.996 0.036
 0.000 0.000 0.000 1.000)

5.205503940582275
(0.967 -0.253 0.012 -0.072
 0.253 0.961 -0.113 0.204
 0.017 0.112 0.994 0.037
 0.000 0.000 0.000 1.000)

5.222223281860352
(0.954 -0.299 0.007 -0.072
 0.297 0.946 -0.128 0.206
 0.032 0.124 0.992 0.037
 0.000 0.000 0.000 1.000)

5.238923072814941
(0.943 -0.331 0.005 -0.072
 0.329 0.933 -0.143 0.209
 0.043 0.137 0.990 0.037
 0.000 0.000 0.000 1.000)

5.2555952072143555
(0.937 -0.350 0.004 -0.071
 0.346 0.925 -0.158 0.211
 0.052 0.149 0.987 0.037
 0.000 0.000 0.000 1.000)

5.272284030914307
(0.938 -0.347 0.006 -0.072
 0.342 0.922 -0.183 0.212
 0.058 0.174 0.983 0.036
 0.000 0.000 0.000 1.000)

5.288932800292969
(0.942 -0.336 0.015 -0.073
 0.332 0.924 -0.189 0.211
 0.050 0.183 0.982 0.036
 0.000 0.000 0.000 1.000)

5.321465969085693
(0.943 -0.332 0.032 -0.076
 0.332 0.924 -0.188 0.208
 0.033 0.188 0.982 0.035
 0.000 0.000 0.000 1.000)

5.338936805725098
(0.937 -0.344 0.059 -0.080
 0.349 0.921 -0.174 0.203
 0.005 0.184 0.983 0.034
 0.000 0.000 0.000 1.000)

5.355618000030518
(0.922 -0.375 0.094 -0.085
 0.386 0.910 -0.149 0.198
 -0.030 0.174 0.984 0.032
 0.000 0.000 0.000 1.000)

5.372298240661621
(0.896 -0.424 0.130 -0.090
 0.439 0.892 -0.113 0.191
 -0.068 0.158 0.985 0.030
 0.000 0.000 0.000 1.000)

5.3889689445495605
(0.869 -0.468 0.162 -0.094
 0.482 0.874 -0.062 0.182
 -0.112 0.132 0.985 0.029
 0.000 0.000 0.000 1.000)

5.405646324157715
(0.851 -0.490 0.190 -0.098
 0.501 0.865 -0.013 0.172
 -0.158 0.106 0.982 0.028
 0.000 0.000 0.000 1.000)

5.422439098358154
(0.849 -0.485 0.212 -0.101
 0.488 0.872 0.039 0.162
 -0.203 0.071 0.977 0.027
 0.000 0.000 0.000 1.000)

5.439085960388184
(0.856 -0.466 0.223 -0.102
 0.462 0.884 0.073 0.152
 -0.231 0.041 0.972 0.026
 0.000 0.000 0.000 1.000)

5.455750942230225
(0.863 -0.451 0.229 -0.102
 0.438 0.892 0.109 0.142
 -0.253 0.006 0.967 0.026
 0.000 0.000 0.000 1.000)

5.472451210021973
(0.874 -0.427 0.233 -0.101
 0.403 0.904 0.145 0.133
 -0.272 -0.033 0.962 0.025
 0.000 0.000 0.000 1.000)

5.489133834838867
(0.899 -0.365 0.242 -0.100
 0.330 0.928 0.173 0.125
 -0.288 -0.076 0.955 0.025
 0.000 0.000 0.000 1.000)

5.505806922912598
(0.962 -0.069 0.265 -0.100
 0.015 0.980 0.200 0.110
 -0.274 -0.189 0.943 0.025
 0.000 0.000 0.000 1.000)

5.522481918334961
(0.950 0.147 0.275 -0.101
 -0.208 0.956 0.208 0.103
 -0.233 -0.255 0.939 0.025
 0.000 0.000 0.000 1.000)

5.539194107055664
(0.893 0.346 0.287 -0.104
 -0.413 0.884 0.219 0.096
 -0.178 -0.314 0.933 0.026
 0.000 0.000 0.000 1.000)

5.571615219116211
(0.819 0.488 0.302 -0.108
 -0.560 0.795 0.233 0.089
 -0.127 -0.359 0.925 0.028
 0.000 0.000 0.000 1.000)

5.589201927185059
(0.763 0.560 0.322 -0.112
 -0.639 0.727 0.250 0.083
 -0.094 -0.397 0.913 0.029
 0.000 0.000 0.000 1.000)

5.6058349609375
(0.746 0.572 0.341 -0.115
 -0.660 0.703 0.265 0.079
 -0.088 -0.423 0.902 0.030
 0.000 0.000 0.000 1.000)

5.622570037841797
(0.756 0.550 0.355 -0.117
 -0.646 0.713 0.272 0.076
 -0.104 -0.435 0.894 0.030
 0.000 0.000 0.000 1.000)

5.639259338378906
(0.779 0.512 0.363 -0.117
 -0.614 0.740 0.274 0.074
 -0.129 -0.436 0.891 0.030
 0.000 0.000 0.000 1.000)

5.655951976776123
(0.807 0.468 0.360 -0.117
 -0.571 0.774 0.275 0.073
 -0.150 -0.427 0.892 0.029
 0.000 0.000 0.000 1.000)

5.67259407043457
(0.839 0.420 0.348 -0.114
 -0.520 0.808 0.278 0.072
 -0.164 -0.414 0.895 0.028
 0.000 0.000 0.000 1.000)

5.689259052276611
(0.871 0.369 0.324 -0.111
 -0.462 0.839 0.287 0.071
 -0.166 -0.400 0.902 0.026
 0.000 0.000 0.000 1.000)

5.705906867980957
(0.904 0.314 0.290 -0.106
 -0.397 0.868 0.298 0.070
 -0.158 -0.385 0.910 0.025
 0.000 0.000 0.000 1.000)

5.722678184509277
(0.931 0.266 0.248 -0.101
 -0.335 0.894 0.298 0.070
 -0.142 -0.361 0.922 0.023
 0.000 0.000 0.000 1.000)

5.739349365234375
(0.952 0.226 0.205 -0.096
