0.007642030715942383
(1.000 -0.001 0.000 0.500
 0.001 1.000 0.000 0.001
 0.000 0.000 1.000 0.000
 0.000 0.000 0.000 1.000)

0.05923199653625488
(1.000 -0.010 0.000 0.500
 0.010 1.000 0.000 0.005
 0.000 0.000 1.000 0.000
 0.000 0.000 0.000 1.000)

0.07588601112365723
(1.000 -0.013 0.000 0.500
 0.013 1.000 0.000 0.007
 0.000 0.000 1.000 0.000
 0.000 0.000 0.000 1.000)

0.09443998336791992
(1.000 -0.016 0.000 0.500
 0.016 1.000 0.000 0.008
 0.000 0.000 1.000 0.000
 0.000 0.000 0.000 1.000)

0.11114311218261719
(1.000 -0.019 0.000 0.500
 0.019 1.000 0.000 0.010
 0.000 0.000 1.000 0.000
 0.000 0.000 0.000 1.000)

0.1287841796875
(1.000 -0.022 0.000 0.500
 0.022 1.000 0.000 0.011
 0.000 0.000 1.000 0.000
 0.000 0.000 0.000 1.000)

0.14544916152954102
(1.000 -0.025 0.000 0.500
 0.025 1.000 0.000 0.013
 0.000 0.000 1.000 0.000
 0.000 0.000 0.000 1.000)

0.16220998764038086
(1.000 -0.028 0.000 0.500
 0.028 1.000 0.000 0.014
 0.000 0.000 1.000 0.000
 0.000 0.000 0.000 1.000)

0.17895913124084473
(1.000 -0.031 0.000 0.500
 0.031 1.000 0.000 0.016
 0.000 0.000 1.000 0.000
 0.000 0.000 0.000 1.000)

0.19567608833312988
(0.999 -0.034 0.000 0.500
 0.034 0.999 0.000 0.017
 0.000 0.000 1.000 0.000
 0.000 0.000 0.000 1.000)

0.21239209175109863
(0.999 -0.037 0.000 0.500
 0.037 0.999 0.000 0.019
 0.000 0.000 1.000 0.000
 0.000 0.000 0.000 1.000)

0.22916507720947266
(0.999 -0.040 0.000 0.500
 0.040 0.999 0.000 0.020
 0.000 0.000 1.000 0.000
 0.000 0.000 0.000 1.000)

0.24590110778808594
(0.999 -0.043 0.000 0.500
 0.043 0.999 0.000 0.021
 0.000 0.000 1.000 0.000
 0.000 0.000 0.000 1.000)

0.2625730037689209
(0.999 -0.046 0.000 0.499
 0.046 0.999 0.000 0.023
 0.000 0.000 1.000 0.000
 0.000 0.000 0.000 1.000)

0.2792229652404785
(0.999 -0.049 0.000 0.499
 0.049 0.999 0.000 0.024
 0.000 0.000 1.000 0.000
 0.000 0.000 0.000 1.000)

0.2959301471710205
(0.999 -0.052 0.000 0.499
 0.052 0.999 0.000 0.026
 0.000 0.000 1.000 0.000
 0.000 0.000 0.000 1.000)

0.31261110305786133
(0.999 -0.055 0.000 0.499
 0.055 0.999 0.000 0.027
 0.000 0.000 1.000 0.000
 0.000 0.000 0.000 1.000)

0.3292970657348633
(0.998 -0.057 0.000 0.499
 0.057 0.998 0.000 0.029
 0.000 0.000 1.000 0.000
 0.000 0.000 0.000 1.000)

0.34594297409057617
(0.998 -0.060 0.000 0.499
 0.060 0.998 0.000 0.030
 0.000 0.000 1.000 0.000
 0.000 0.000 0.000 1.000)

0.36263298988342285
(0.998 -0.063 0.000 0.499
 0.063 0.998 0.000 0.032
 0.000 0.000 1.000 0.000
 0.000 0.000 0.000 1.000)

0.37929296493530273
(0.998 -0.066 0.000 0.499
 0.066 0.998 0.000 0.033
 0.000 0.000 1.000 0.000
 0.000 0.000 0.000 1.000)

0.3959691524505615
(0.998 -0.069 0.000 0.499
 0.069 0.998 0.000 0.035
 0.000 0.000 1.000 0.000
 0.000 0.000 0.000 1.000)

0.4126451015472412
(0.997 -0.072 0.000 0.499
 0.072 0.997 0.000 0.036
 0.000 0.000 1.000 0.000
 0.000 0.000 0.000 1.000)

0.42932701110839844
(0.997 -0.075 0.000 0.499
 0.075 0.997 0.000 0.037
 0.000 0.000 1.000 0.000
 0.000 0.000 0.000 1.000)

0.4460000991821289
(0.997 -0.078 0.000 0.498
 0.078 0.997 0.000 0.039
 0.000 0.000 1.000 0.000
 0.000 0.000 0.000 1.000)

0.46268701553344727
(0.997 -0.081 0.000 0.498
 0.081 0.997 0.000 0.040
 0.000 0.000 1.000 0.000
 0.000 0.000 0.000 1.000)

0.47938013076782227
(0.997 -0.084 0.000 0.498
 0.084 0.997 0.000 0.042
 0.000 0.000 1.000 0.000
 0.000 0.000 0.000 1.000)

0.4960310459136963
(0.996 -0.086 0.000 0.498
 0.086 0.996 0.000 0.043
 0.000 0.000 1.000 0.000
 0.000 0.000 0.000 1.000)

0.512706995010376
(0.996 -0.089 0.000 0.498
 0.089 0.996 0.000 0.045
 0.000 0.000 1.000 0.000
 0.000 0.000 0.000 1.000)

0.5293850898742676
(0.996 -0.092 0.000 0.498
 0.092 0.996 0.000 0.046
 0.000 0.000 1.000 0.000
 0.000 0.000 0.000 1.000)

0.5460960865020752
(0.995 -0.095 0.000 0.498
 0.095 0.995 0.000 0.048
 0.000 0.000 1.000 0.000
 0.000 0.000 0.000 1.000)

0.5627560615539551
(0.995 -0.098 0.000 0.498
 0.098 0.995 0.000 0.049
 0.000 0.000 1.000 0.000
 0.000 0.000 0.000 1.000)

0.5794150829315186
(0.995 -0.101 0.000 0.497
 0.101 0.995 0.000 0.050
 0.000 0.000 1.000 0.000
 0.000 0.000 0.000 1.000)

0.5960969924926758
(0.995 -0.104 0.000 0.497
 0.104 0.995 0.000 0.052
 0.000 0.000 1.000 0.000
 0.000 0.000 0.000 1.000)

0.6127731800079346
(0.994 -0.107 0.000 0.497
 0.107 0.994 0.000 0.053
 0.000 0.000 1.000 0.000
 0.000 0.000 0.000 1.000)

0.6294450759887695
(0.994 -0.110 0.000 0.497
 0.110 0.994 0.000 0.055
 0.000 0.000 1.000 0.000
 0.000 0.000 0.000 1.000)

0.6461210250854492
(0.994 -0.113 0.000 0.497
 0.113 0.994 0.000 0.056
 0.000 0.000 1.000 0.000
 0.000 0.000 0.000 1.000)

0.6629011631011963
(0.993 -0.115 0.000 0.497
 0.115 0.993 0.000 0.058
 0.000 0.000 1.000 0.000
 0.000 0.000 0.000 1.000)

0.6795940399169922
(0.993 -0.118 0.000 0.496
 0.118 0.993 0.000 0.059
 0.000 0.000 1.000 0.000
 0.000 0.000 0.000 1.000)

0.6962361335754395
(0.993 -0.121 0.000 0.496
 0.121 0.993 0.000 0.061
 0.000 0.000 1.000 0.000
 0.000 0.000 0.000 1.000)

0.7129120826721191
(0.992 -0.124 0.000 0.496
 0.124 0.992 0.000 0.062
 0.000 0.000 1.000 0.000
 0.000 0.000 0.000 1.000)

0.7295880317687988
(0.992 -0.127 0.000 0.496
 0.127 0.992 0.000 0.063
 0.000 0.000 1.000 0.000
 0.000 0.000 0.000 1.000)

0.7462611198425293
(0.992 -0.130 0.000 0.496
 0.130 0.992 0.000 0.065
 0.000 0.000 1.000 0.000
 0.000 0.000 0.000 1.000)

0.7629389762878418
(0.991 -0.133 0.000 0.496
 0.133 0.991 0.000 0.066
 0.000 0.000 1.000 0.000
 0.000 0.000 0.000 1.000)

0.7796139717102051
(0.991 -0.136 0.000 0.495
 0.136 0.991 0.000 0.068
 0.000 0.000 1.000 0.000
 0.000 0.000 0.000 1.000)

0.7962851524353027
(0.990 -0.139 0.000 0.495
 0.139 0.990 0.000 0.069
 0.000 0.000 1.000 0.000
 0.000 0.000 0.000 1.000)

0.8129680156707764
(0.990 -0.141 0.000 0.495
 0.141 0.990 0.000 0.071
 0.000 0.000 1.000 0.000
 0.000 0.000 0.000 1.000)

0.8296401500701904
(0.990 -0.144 0.000 0.495
 0.144 0.990 0.000 0.072
 0.000 0.000 1.000 0.000
 0.000 0.000 0.000 1.000)

0.8463160991668701
(0.989 -0.147 0.000 0.495
 0.147 0.989 0.000 0.074
 0.000 0.000 1.000 0.000
 0.000 0.000 0.000 1.000)

0.862990140914917
(0.989 -0.150 0.000 0.494
 0.150 0.989 0.000 0.075
 0.000 0.000 1.000 0.000
 0.000 0.000 0.000 1.000)

0.8796670436859131
(0.988 -0.153 0.000 0.494
 0.153 0.988 0.000 0.076
 0.000 0.000 1.000 0.000
 0.000 0.000 0.000 1.000)

0.8963441848754883
(0.988 -0.156 0.000 0.494
 0.156 0.988 0.000 0.078
 0.000 0.000 1.000 0.000
 0.000 0.000 0.000 1.000)

0.9130191802978516
(0.987 -0.159 0.000 0.494
 0.159 0.987 0.000 0.079
 0.000 0.000 1.000 0.000
 0.000 0.000 0.000 1.000)

0.9296941757202148
(0.987 -0.162 0.000 0.493
 0.162 0.987 0.000 0.081
 0.000 0.000 1.000 0.000
 0.000 0.000 0.000 1.000)

0.9463710784912109
(0.986 -0.164 0.000 0.493
 0.164 0.986 0.000 0.082
 0.000 0.000 1.000 0.000
 0.000 0.000 0.000 1.000)

0.963047981262207
(0.986 -0.167 0.000 0.493
 0.167 0.986 0.000 0.084
 0.000 0.000 1.000 0.000
 0.000 0.000 0.000 1.000)

0.9797229766845703
(0.985 -0.170 0.000 0.493
 0.170 0.985 0.000 0.085
 0.000 0.000 1.000 0.000
 0.000 0.000 0.000 1.000)

0.9963960647583008
(0.985 -0.173 0.000 0.492
 0.173 0.985 0.000 0.087
 0.000 0.000 1.000 0.000
 0.000 0.000 0.000 1.000)

1.0130770206451416
(0.984 -0.176 0.000 0.492
 0.176 0.984 0.000 0.088
 0.000 0.000 1.000 0.000
 0.000 0.000 0.000 1.000)

1.0297520160675049
(0.984 -0.179 0.000 0.492
 0.179 0.984 0.000 0.089
 0.000 0.000 1.000 0.000
 0.000 0.000 0.000 1.000)

1.0465261936187744
(0.983 -0.182 0.000 0.492
 0.182 0.983 0.000 0.091
 0.000 0.000 1.000 0.000
 0.000 0.000 0.000 1.000)

1.0632340908050537
(0.983 -0.185 0.000 0.491
 0.185 0.983 0.000 0.092
 0.000 0.000 1.000 0.000
 0.000 0.000 0.000 1.000)

1.0799970626831055
(0.982 -0.187 0.000 0.491
 0.187 0.982 0.000 0.094
 0.000 0.000 1.000 0.000
 0.000 0.000 0.000 1.000)

1.0966989994049072
(0.982 -0.190 0.000 0.491
 0.190 0.982 0.000 0.095
 0.000 0.000 1.000 0.000
 0.000 0.000 0.000 1.000)

1.113361120223999
(0.981 -0.193 0.000 0.491
 0.193 0.981 0.000 0.097
 0.000 0.000 1.000 0.000
 0.000 0.000 0.000 1.000)

1.130122184753418
(0.981 -0.196 0.000 0.490
 0.196 0.981 0.000 0.098
 0.000 0.000 1.000 0.000
 0.000 0.000 0.000 1.000)

1.1468141078948975
(0.980 -0.199 0.000 0.490
 0.199 0.980 0.000 0.099
 0.000 0.000 1.000 0.000
 0.000 0.000 0.000 1.000)

1.1635410785675049
(0.979 -0.202 0.000 0.490
 0.202 0.979 0.000 0.101
 0.000 0.000 1.000 0.000
 0.000 0.000 0.000 1.000)

1.1802949905395508
(0.979 -0.205 0.000 0.489
 0.205 0.979 0.000 0.102
 0.000 0.000 1.000 0.000
 0.000 0.000 0.000 1.000)

1.1970140933990479
(0.978 -0.207 0.000 0.489
 0.207 0.978 0.000 0.104
 0.000 0.000 1.000 0.000
 0.000 0.000 0.000 1.000)

1.213737964630127
(0.978 -0.210 0.000 0.489
 0.210 0.978 0.000 0.105
 0.000 0.000 1.000 0.000
 0.000 0.000 0.000 1.000)

1.2304291725158691
(0.977 -0.213 0.000 0.489
 0.213 0.977 0.000 0.107
 0.000 0.000 1.000 0.000
 0.000 0.000 0.000 1.000)

1.2470719814300537
(0.976 -0.216 0.000 0.488
 0.216 0.976 0.000 0.108
 0.000 0.000 1.000 0.000
 0.000 0.000 0.000 1.000)

1.2638490200042725
(0.976 -0.219 0.000 0.488
 0.219 0.976 0.000 0.109
 0.000 0.000 1.000 0.000
 0.000 0.000 0.000 1.000)

1.2805581092834473
(0.975 -0.222 0.000 0.488
 0.222 0.975 0.000 0.111
 0.000 0.000 1.000 0.000
 0.000 0.000 0.000 1.000)

1.2972631454467773
(0.974 -0.224 0.000 0.487
 0.224 0.974 0.000 0.112
 0.000 0.000 1.000 0.000
 0.000 0.000 0.000 1.000)

1.3139631748199463
(0.974 -0.227 0.000 0.487
 0.227 0.974 0.000 0.114
 0.000 0.000 1.000 0.000
 0.000 0.000 0.000 1.000)

1.3306891918182373
(0.973 -0.230 0.000 0.487
 0.230 0.973 0.000 0.115
 0.000 0.000 1.000 0.000
 0.000 0.000 0.000 1.000)

1.3473830223083496
(0.972 -0.233 0.000 0.486
 0.233 0.972 0.000 0.117
 0.000 0.000 1.000 0.000
 0.000 0.000 0.000 1.000)

1.3640949726104736
(0.972 -0.236 0.000 0.486
 0.236 0.972 0.000 0.118
 0.000 0.000 1.000 0.000
 0.000 0.000 0.000 1.000)

1.3808200359344482
(0.971 -0.239 0.000 0.486
 0.239 0.971 0.000 0.119
 0.000 0.000 1.000 0.000
 0.000 0.000 0.000 1.000)

1.3975450992584229
(0.970 -0.242 0.000 0.485
 0.242 0.970 0.000 0.121
 0.000 0.000 1.000 0.000
 0.000 0.000 0.000 1.000)

1.4142720699310303
(0.970 -0.244 0.000 0.485
 0.244 0.970 0.000 0.122
 0.000 0.000 1.000 0.000
 0.000 0.000 0.000 1.000)

1.4309639930725098
(0.969 -0.247 0.000 0.484
 0.247 0.969 0.000 0.124
 0.000 0.000 1.000 0.000
 0.000 0.000 0.000 1.000)

1.4477260112762451
(0.968 -0.250 0.000 0.484
 0.250 0.968 0.000 0.125
 0.000 0.000 1.000 0.000
 0.000 0.000 0.000 1.000)

1.4644429683685303
(0.968 -0.253 0.000 0.484
 0.253 0.968 0.000 0.126
 0.000 0.000 1.000 0.000
 0.000 0.000 0.000 1.000)

1.4811820983886719
(0.967 -0.256 0.000 0.483
 0.256 0.967 0.000 0.128
 0.000 0.000 1.000 0.000
 0.000 0.000 0.000 1.000)

1.4979050159454346
(0.966 -0.258 0.000 0.483
 0.258 0.966 0.000 0.129
 0.000 0.000 1.000 0.000
 0.000 0.000 0.000 1.000)

1.5146210193634033
(0.965 -0.261 0.000 0.483
 0.261 0.965 0.000 0.131
 0.000 0.000 1.000 0.000
 0.000 0.000 0.000 1.000)

1.5313501358032227
(0.964 -0.264 0.000 0.482
 0.264 0.964 0.000 0.132
 0.000 0.000 1.000 0.000
 0.000 0.000 0.000 1.000)

1.54807710647583
(0.964 -0.267 0.000 0.482
 0.267 0.964 0.000 0.133
 0.000 0.000 1.000 0.000
 0.000 0.000 0.000 1.000)

1.56479811668396
(0.963 -0.270 0.000 0.481
 0.270 0.963 0.000 0.135
 0.000 0.000 1.000 0.000
 0.000 0.000 0.000 1.000)

1.581536054611206
(0.962 -0.273 0.000 0.481
 0.273 0.962 0.000 0.136
 0.000 0.000 1.000 0.000
 0.000 0.000 0.000 1.000)

1.5982551574707031
(0.961 -0.275 0.000 0.481
 0.275 0.961 0.000 0.138
 0.000 0.000 1.000 0.000
 0.000 0.000 0.000 1.000)

1.614976167678833
(0.961 -0.278 0.000 0.480
 0.278 0.961 0.000 0.139
 0.000 0.000 1.000 0.000
 0.000 0.000 0.000 1.000)

1.6317100524902344
(0.960 -0.281 0.000 0.480
 0.281 0.960 0.000 0.140
 0.000 0.000 1.000 0.000
 0.000 0.000 0.000 1.000)

1.648435115814209
(0.959 -0.284 0.000 0.479
 0.284 0.959 0.000 0.142
 0.000 0.000 1.000 0.000
 0.000 0.000 0.000 1.000)

1.665158987045288
(0.958 -0.287 0.000 0.479
 0.287 0.958 0.000 0.143
 0.000 0.000 1.000 0.000
 0.000 0.000 0.000 1.000)

1.6818950176239014
(0.957 -0.289 0.000 0.479
 0.289 0.957 0.000 0.145
 0.000 0.000 1.000 0.000
 0.000 0.000 0.000 1.000)

1.6986110210418701
(0.956 -0.292 0.000 0.478
 0.292 0.956 0.000 0.146
 0.000 0.000 1.000 0.000
 0.000 0.000 0.000 1.000)

1.7153410911560059
(0.956 -0.295 0.000 0.478
 0.295 0.956 0.000 0.147
 0.000 0.000 1.000 0.000
 0.000 0.000 0.000 1.000)

1.732064962387085
(0.955 -0.298 0.000 0.477
 0.298 0.955 0.000 0.149
 0.000 0.000 1.000 0.000
 0.000 0.000 0.000 1.000)

1.7487900257110596
(0.954 -0.301 0.000 0.477
 0.301 0.954 0.000 0.150
 0.000 0.000 1.000 0.000
 0.000 0.000 0.000 1.000)

1.7655131816864014
(0.953 -0.303 0.000 0.476
 0.303 0.953 0.000 0.152
 0.000 0.000 1.000 0.000
 0.000 0.000 0.000 1.000)

1.7822389602661133
(0.952 -0.306 0.000 0.476
 0.306 0.952 0.000 0.153
 0.000 0.000 1.000 0.000
 0.000 0.000 0.000 1.000)

1.7989370822906494
(0.951 -0.309 0.000 0.476
 0.309 0.951 0.000 0.154
 0.000 0.000 1.000 0.000
 0.000 0.000 0.000 1.000)

1.8156790733337402
(0.950 -0.312 0.000 0.475
 0.312 0.950 0.000 0.156
 0.000 0.000 1.000 0.000
 0.000 0.000 0.000 1.000)

1.8324110507965088
(0.949 -0.314 0.000 0.475
 0.314 0.949 0.000 0.157
 0.000 0.000 1.000 0.000
 0.000 0.000 0.000 1.000)

1.8491501808166504
(0.948 -0.317 0.000 0.474
 0.317 0.948 0.000 0.159
 0.000 0.000 1.000 0.000
 0.000 0.000 0.000 1.000)

1.8658649921417236
(0.947 -0.320 0.000 0.474
 0.320 0.947 0.000 0.160
 0.000 0.000 1.000 0.000
 0.000 0.000 0.000 1.000)

1.882599115371704
(0.947 -0.323 0.000 0.473
 0.323 0.947 0.000 0.161
 0.000 0.000 1.000 0.000
 0.000 0.000 0.000 1.000)

1.8993799686431885
(0.946 -0.325 0.000 0.473
 0.325 0.946 0.000 0.163
 0.000 0.000 1.000 0.000
 0.000 0.000 0.000 1.000)

1.9161109924316406
(0.945 -0.328 0.000 0.472
 0.328 0.945 0.000 0.164
 0.000 0.000 1.000 0.000
 0.000 0.000 0.000 1.000)

1.932861089706421
(0.944 -0.331 0.000 0.472
 0.331 0.944 0.000 0.165
 0.000 0.000 1.000 0.000
 0.000 0.000 0.000 1.000)

1.9495911598205566
(0.943 -0.334 0.000 0.471
 0.334 0.943 0.000 0.167
 0.000 0.000 1.000 0.000
 0.000 0.000 0.000 1.000)

1.9663290977478027
(0.942 -0.336 0.000 0.471
 0.336 0.942 0.000 0.168
 0.000 0.000 1.000 0.000
 0.000 0.000 0.000 1.000)

1.9830641746520996
(0.941 -0.339 0.000 0.470
 0.339 0.941 0.000 0.170
 0.000 0.000 1.000 0.000
 0.000 0.000 0.000 1.000)

1.9998090267181396
(0.940 -0.342 0.000 0.470
 0.342 0.940 0.000 0.171
 0.000 0.000 1.000 0.000
 0.000 0.000 0.000 1.000)

2.016545057296753
(0.939 -0.345 0.000 0.469
 0.345 0.939 0.000 0.172
 0.000 0.000 1.000 0.000
 0.000 0.000 0.000 1.000)

2.03326416015625
(0.938 -0.347 0.000 0.469
 0.347 0.938 0.000 0.174
 0.000 0.000 1.000 0.000
 0.000 0.000 0.000 1.000)

2.049971103668213
(0.937 -0.350 0.000 0.468
 0.350 0.937 0.000 0.175
 0.000 0.000 1.000 0.000
 0.000 0.000 0.000 1.000)

2.066739082336426
(0.936 -0.353 0.000 0.468
 0.353 0.936 0.000 0.176
 0.000 0.000 1.000 0.000
 0.000 0.000 0.000 1.000)

2.0834500789642334
(0.935 -0.356 0.000 0.467
 0.356 0.935 0.000 0.178
 0.000 0.000 1.000 0.000
 0.000 0.000 0.000 1.000)

2.10021710395813
(0.934 -0.358 0.000 0.467
 0.358 0.934 0.000 0.179
 0.000 0.000 1.000 0.000
 0.000 0.000 0.000 1.000)

2.1169540882110596
(0.933 -0.361 0.000 0.466
 0.361 0.933 0.000 0.181
 0.000 0.000 1.000 0.000
 0.000 0.000 0.000 1.000)

2.133702039718628
(0.931 -0.364 0.000 0.466
 0.364 0.931 0.000 0.182
 0.000 0.000 1.000 0.000
 0.000 0.000 0.000 1.000)

2.1504361629486084
(0.930 -0.367 0.000 0.465
 0.367 0.930 0.000 0.183
 0.000 0.000 1.000 0.000
 0.000 0.000 0.000 1.000)

2.1671581268310547
(0.929 -0.369 0.000 0.465
 0.369 0.929 0.000 0.185
 0.000 0.000 1.000 0.000
 0.000 0.000 0.000 1.000)

2.1839141845703125
(0.928 -0.372 0.000 0.464
 0.372 0.928 0.000 0.186
 0.000 0.000 1.000 0.000
 0.000 0.000 0.000 1.000)

2.200659990310669
(0.927 -0.375 0.000 0.464
 0.375 0.927 0.000 0.187
 0.000 0.000 1.000 0.000
 0.000 0.000 0.000 1.000)

2.2173969745635986
(0.926 -0.377 0.000 0.463
 0.377 0.926 0.000 0.189
 0.000 0.000 1.000 0.000
 0.000 0.000 0.000 1.000)

2.234145164489746
(0.925 -0.380 0.000 0.462
 0.380 0.925 0.000 0.190
 0.000 0.000 1.000 0.000
 0.000 0.000 0.000 1.000)

2.250859022140503
(0.924 -0.383 0.000 0.462
 0.383 0.924 0.000 0.191
 0.000 0.000 1.000 0.000
 0.000 0.000 0.000 1.000)

2.267618179321289
(0.923 -0.386 0.000 0.461
 0.386 0.923 0.000 0.193
 0.000 0.000 1.000 0.000
 0.000 0.000 0.000 1.000)

2.2843570709228516
(0.922 -0.388 0.000 0.461
 0.388 0.922 0.000 0.194
 0.000 0.000 1.000 0.000
 0.000 0.000 0.000 1.000)

2.301100969314575
(0.920 -0.391 0.000 0.460
 0.391 0.920 0.000 0.195
 0.000 0.000 1.000 0.000
 0.000 0.000 0.000 1.000)

2.317836046218872
(0.919 -0.394 0.000 0.460
 0.394 0.919 0.000 0.197
 0.000 0.000 1.000 0.000
 0.000 0.000 0.000 1.000)

2.334571123123169
(0.918 -0.396 0.000 0.459
 0.396 0.918 0.000 0.198
 0.000 0.000 1.000 0.000
 0.000 0.000 0.000 1.000)

2.351314067840576
(0.917 -0.399 0.000 0.458
 0.399 0.917 0.000 0.199
 0.000 0.000 1.000 0.000
 0.000 0.000 0.000 1.000)

2.3680500984191895
(0.916 -0.402 0.000 0.458
 0.402 0.916 0.000 0.201
 0.000 0.000 1.000 0.000
 0.000 0.000 0.000 1.000)

2.384783983230591
(0.915 -0.404 0.000 0.457
 0.404 0.915 0.000 0.202
 0.000 0.000 1.000 0.000
 0.000 0.000 0.000 1.000)

2.4015259742736816
(0.913 -0.407 0.000 0.457
 0.407 0.913 0.000 0.203
 0.000 0.000 1.000 0.000
 0.000 0.000 0.000 1.000)

2.4182560443878174
(0.912 -0.410 0.000 0.456
 0.410 0.912 0.000 0.205
 0.000 0.000 1.000 0.000
 0.000 0.000 0.000 1.000)

2.4349889755249023
(0.911 -0.412 0.000 0.456
 0.412 0.911 0.000 0.206
 0.000 0.000 1.000 0.000
 0.000 0.000 0.000 1.000)

2.4517250061035156
(0.910 -0.415 0.000 0.455
 0.415 0.910 0.000 0.207
 0.000 0.000 1.000 0.000
 0.000 0.000 0.000 1.000)

2.4684460163116455
(0.909 -0.418 0.000 0.454
 0.418 0.909 0.000 0.209
 0.000 0.000 1.000 0.000
 0.000 0.000 0.000 1.000)

2.485182046890259
(0.907 -0.420 0.000 0.454
 0.420 0.907 0.000 0.210
 0.000 0.000 1.000 0.000
 0.000 0.000 0.000 1.000)

2.501919984817505
(0.906 -0.423 0.000 0.453
 0.423 0.906 0.000 0.211
 0.000 0.000 1.000 0.000
 0.000 0.000 0.000 1.000)

2.5186731815338135
(0.905 -0.426 0.000 0.452
 0.426 0.905 0.000 0.213
 0.000 0.000 1.000 0.000
 0.000 0.000 0.000 1.000)

2.5353970527648926
(0.904 -0.428 0.000 0.452
 0.428 0.904 0.000 0.214
 0.000 0.000 1.000 0.000
 0.000 0.000 0.000 1.000)

2.5521371364593506
(0.902 -0.431 0.000 0.451
 0.431 0.902 0.000 0.215
 0.000 0.000 1.000 0.000
 0.000 0.000 0.000 1.000)

2.5688610076904297
(0.901 -0.433 0.000 0.451
 0.433 0.901 0.000 0.217
 0.000 0.000 1.000 0.000
 0.000 0.000 0.000 1.000)

2.5855979919433594
(0.900 -0.436 0.000 0.450
 0.436 0.900 0.000 0.218
 0.000 0.000 1.000 0.000
 0.000 0.000 0.000 1.000)

2.6023080348968506
(0.899 -0.439 0.000 0.449
 0.439 0.899 0.000 0.219
 0.000 0.000 1.000 0.000
 0.000 0.000 0.000 1.000)

2.6190719604492188
(0.897 -0.441 0.000 0.449
 0.441 0.897 0.000 0.221
 0.000 0.000 1.000 0.000
 0.000 0.000 0.000 1.000)

2.6358070373535156
(0.896 -0.444 0.000 0.448
 0.444 0.896 0.000 0.222
 0.000 0.000 1.000 0.000
 0.000 0.000 0.000 1.000)

2.6525521278381348
(0.895 -0.447 0.000 0.447
 0.447 0.895 0.000 0.223
 0.000 0.000 1.000 0.000
 0.000 0.000 0.000 1.000)

2.6692709922790527
(0.893 -0.449 0.000 0.447
 0.449 0.893 0.000 0.225
 0.000 0.000 1.000 0.000
 0.000 0.000 0.000 1.000)

2.6860010623931885
(0.892 -0.452 0.000 0.446
 0.452 0.892 0.000 0.226
 0.000 0.000 1.000 0.000
 0.000 0.000 0.000 1.000)

2.7027480602264404
(0.891 -0.454 0.000 0.445
 0.454 0.891 0.000 0.227
 0.000 0.000 1.000 0.000
 0.000 0.000 0.000 1.000)

2.71948504447937
(0.889 -0.457 0.000 0.445
 0.457 0.889 0.000 0.229
 0.000 0.000 1.000 0.000
 0.000 0.000 0.000 1.000)

2.7362241744995117
(0.888 -0.460 0.000 0.444
 0.460 0.888 0.000 0.230
 0.000 0.000 1.000 0.000
 0.000 0.000 0.000 1.000)

2.7529311180114746
(0.887 -0.462 0.000 0.443
 0.462 0.887 0.000 0.231
 0.000 0.000 1.000 0.000
 0.000 0.000 0.000 1.000)

2.7696850299835205
(0.885 -0.465 0.000 0.443
 0.465 0.885 0.000 0.232
 0.000 0.000 1.000 0.000
 0.000 0.000 0.000 1.000)

2.7864229679107666
(0.884 -0.467 0.000 0.442
 0.467 0.884 0.000 0.234
 0.000 0.000 1.000 0.000
 0.000 0.000 0.000 1.000)

2.803166151046753
(0.883 -0.470 0.000 0.441
 0.470 0.883 0.000 0.235
 0.000 0.000 1.000 0.000
 0.000 0.000 0.000 1.000)

2.819902181625366
(0.881 -0.473 0.000 0.441
 0.473 0.881 0.000 0.236
 0.000 0.000 1.000 0.000
 0.000 0.000 0.000 1.000)

2.8366451263427734
(0.880 -0.475 0.000 0.440
 0.475 0.880 0.000 0.238
 0.000 0.000 1.000 0.000
 0.000 0.000 0.000 1.000)

2.8533871173858643
(0.879 -0.478 0.000 0.439
 0.478 0.879 0.000 0.239
 0.000 0.000 1.000 0.000
 0.000 0.000 0.000 1.000)

2.8701210021972656
(0.877 -0.480 0.000 0.439
 0.480 0.877 0.000 0.240
 0.000 0.000 1.000 0.000
 0.000 0.000 0.000 1.000)

2.886820077896118
(0.876 -0.483 0.000 0.438
 0.483 0.876 0.000 0.241
 0.000 0.000 1.000 0.000
 0.000 0.000 0.000 1.000)

2.903597116470337
(0.874 -0.485 0.000 0.437
 0.485 0.874 0.000 0.243
 0.000 0.000 1.000 0.000
 0.000 0.000 0.000 1.000)

2.9203410148620605
(0.873 -0.488 0.000 0.436
 0.488 0.873 0.000 0.244
 0.000 0.000 1.000 0.000
 0.000 0.000 0.000 1.000)

2.937075138092041
(0.871 -0.490 0.000 0.436
 0.490 0.871 0.000 0.245
 0.000 0.000 1.000 0.000
 0.000 0.000 0.000 1.000)

2.953835964202881
(0.870 -0.493 0.000 0.435
 0.493 0.870 0.000 0.247
 0.000 0.000 1.000 0.000
 0.000 0.000 0.000 1.000)

2.9705610275268555
(0.869 -0.496 0.000 0.434
 0.496 0.869 0.000 0.248
 0.000 0.000 1.000 0.000
 0.000 0.000 0.000 1.000)

2.9872841835021973
(0.867 -0.498 0.000 0.434
 0.498 0.867 0.000 0.249
 0.000 0.000 1.000 0.000
 0.000 0.000 0.000 1.000)

3.0040249824523926
(0.866 -0.501 0.000 0.433
 0.501 0.866 0.000 0.250
 0.000 0.000 1.000 0.000
 0.000 0.000 0.000 1.000)

3.0207650661468506
(0.864 -0.503 0.000 0.432
 0.503 0.864 0.000 0.252
 0.000 0.000 1.000 0.000
 0.000 0.000 0.000 1.000)

3.0374979972839355
(0.863 -0.506 0.000 0.431
 0.506 0.863 0.000 0.253
 0.000 0.000 1.000 0.000
 0.000 0.000 0.000 1.000)

3.054246187210083
(0.861 -0.508 0.000 0.431
 0.508 0.861 0.000 0.254
 0.000 0.000 1.000 0.000
 0.000 0.000 0.000 1.000)

3.071027994155884
(0.860 -0.511 0.000 0.430
 0.511 0.860 0.000 0.255
 0.000 0.000 1.000 0.000
 0.000 0.000 0.000 1.000)

3.0877110958099365
(0.858 -0.513 0.000 0.429
 0.513 0.858 0.000 0.257
 0.000 0.000 1.000 0.000
 0.000 0.000 0.000 1.000)

3.1043879985809326
(0.857 -0.516 0.000 0.428
 0.516 0.857 0.000 0.258
 0.000 0.000 1.000 0.000
 0.000 0.000 0.000 1.000)

3.1211180686950684
(0.855 -0.518 0.000 0.428
 0.518 0.855 0.000 0.259
 0.000 0.000 1.000 0.000
 0.000 0.000 0.000 1.000)

3.1377930641174316
(0.854 -0.521 0.000 0.427
 0.521 0.854 0.000 0.260
 0.000 0.000 1.000 0.000
 0.000 0.000 0.000 1.000)

3.1544511318206787
(0.852 -0.523 0.000 0.426
 0.523 0.852 0.000 0.262
 0.000 0.000 1.000 0.000
 0.000 0.000 0.000 1.000)

3.1710729598999023
(0.851 -0.526 0.000 0.425
 0.526 0.851 0.000 0.263
 0.000 0.000 1.000 0.000
 0.000 0.000 0.000 1.000)

3.1878111362457275
(0.849 -0.528 0.000 0.425
 0.528 0.849 0.000 0.264
 0.000 0.000 1.000 0.000
 0.000 0.000 0.000 1.000)

3.204493999481201
(0.848 -0.531 0.000 0.424
 0.531 0.848 0.000 0.265
 0.000 0.000 1.000 0.000
 0.000 0.000 0.000 1.000)

3.221137046813965
(0.846 -0.533 0.000 0.423
 0.533 0.846 0.000 0.267
 0.000 0.000 1.000 0.000
 0.000 0.000 0.000 1.000)

3.237802028656006
(0.845 -0.536 0.000 0.422
 0.536 0.845 0.000 0.268
 0.000 0.000 1.000 0.000
 0.000 0.000 0.000 1.000)

3.254556179046631
(0.843 -0.538 0.000 0.421
 0.538 0.843 0.000 0.269
 0.000 0.000 1.000 0.000
 0.000 0.000 0.000 1.000)

3.2712290287017822
(0.841 -0.540 0.000 0.421
 0.540 0.841 0.000 0.270
 0.000 0.000 1.000 0.000
 0.000 0.000 0.000 1.000)

3.2878570556640625
(0.840 -0.543 0.000 0.420
 0.543 0.840 0.000 0.271
 0.000 0.000 1.000 0.000
 0.000 0.000 0.000 1.000)

3.3045880794525146
(0.838 -0.545 0.000 0.419
 0.545 0.838 0.000 0.273
 0.000 0.000 1.000 0.000
 0.000 0.000 0.000 1.000)

3.321213960647583
(0.837 -0.548 0.000 0.418
 0.548 0.837 0.000 0.274
 0.000 0.000 1.000 0.000
 0.000 0.000 0.000 1.000)

3.3378851413726807
(0.835 -0.550 0.000 0.418
 0.550 0.835 0.000 0.275
 0.000 0.000 1.000 0.000
 0.000 0.000 0.000 1.000)

3.354628086090088
(0.833 -0.553 0.000 0.417
 0.553 0.833 0.000 0.276
 0.000 0.000 1.000 0.000
 0.000 0.000 0.000 1.000)

3.3712430000305176
(0.832 -0.555 0.000 0.416
 0.555 0.832 0.000 0.278
 0.000 0.000 1.000 0.000
 0.000 0.000 0.000 1.000)

3.387932062149048
(0.830 -0.557 0.000 0.415
 0.557 0.830 0.000 0.279
 0.000 0.000 1.000 0.000
 0.000 0.000 0.000 1.000)

3.404611110687256
(0.829 -0.560 0.000 0.414
 0.560 0.829 0.000 0.280
 0.000 0.000 1.000 0.000
 0.000 0.000 0.000 1.000)

3.421349048614502
(0.827 -0.562 0.000 0.413
 0.562 0.827 0.000 0.281
 0.000 0.000 1.000 0.000
 0.000 0.000 0.000 1.000)

3.4380221366882324
(0.825 -0.565 0.000 0.413
 0.565 0.825 0.000 0.282
 0.000 0.000 1.000 0.000
 0.000 0.000 0.000 1.000)

3.454643964767456
(0.824 -0.567 0.000 0.412
 0.567 0.824 0.000 0.284
 0.000 0.000 1.000 0.000
 0.000 0.000 0.000 1.000)

3.4713361263275146
(0.822 -0.569 0.000 0.411
 0.569 0.822 0.000 0.285
 0.000 0.000 1.000 0.000
 0.000 0.000 0.000 1.000)

3.4880599975585938
(0.820 -0.572 0.000 0.410
 0.572 0.820 0.000 0.286
 0.000 0.000 1.000 0.000
 0.000 0.000 0.000 1.000)

3.504711151123047
(0.819 -0.574 0.000 0.409
 0.574 0.819 0.000 0.287
 0.000 0.000 1.000 0.000
 0.000 0.000 0.000 1.000)

3.5213851928710938
(0.817 -0.577 0.000 0.409
 0.577 0.817 0.000 0.288
 0.000 0.000 1.000 0.000
 0.000 0.000 0.000 1.000)

3.5380501747131348
(0.815 -0.579 0.000 0.408
 0.579 0.815 0.000 0.290
 0.000 0.000 1.000 0.000
 0.000 0.000 0.000 1.000)

3.554738998413086
(0.814 -0.581 0.000 0.407
 0.581 0.814 0.000 0.291
 0.000 0.000 1.000 0.000
 0.000 0.000 0.000 1.000)

3.5714190006256104
(0.812 -0.584 0.000 0.406
 0.584 0.812 0.000 0.292
 0.000 0.000 1.000 0.000
 0.000 0.000 0.000 1.000)

3.58805513381958
(0.810 -0.586 0.000 0.405
 0.586 0.810 0.000 0.293
 0.000 0.000 1.000 0.000
 0.000 0.000 0.000 1.000)

3.6047680377960205
(0.809 -0.588 0.000 0.404
 0.588 0.809 0.000 0.294
 0.000 0.000 1.000 0.000
 0.000 0.000 0.000 1.000)

3.6214561462402344
(0.807 -0.591 0.000 0.403
 0.591 0.807 0.000 0.295
 0.000 0.000 1.000 0.000
 0.000 0.000 0.000 1.000)

3.6381399631500244
(0.805 -0.593 0.000 0.403
 0.593 0.805 0.000 0.297
 0.000 0.000 1.000 0.000
 0.000 0.000 0.000 1.000)

3.654829978942871
(0.803 -0.596 0.000 0.402
 0.596 0.803 0.000 0.298
 0.000 0.000 1.000 0.000
 0.000 0.000 0.000 1.000)

3.671527147293091
(0.802 -0.598 0.000 0.401
 0.598 0.802 0.000 0.299
 0.000 0.000 1.000 0.000
 0.000 0.000 0.000 1.000)

3.6881470680236816
(0.800 -0.600 0.000 0.400
 0.600 0.800 0.000 0.300
 0.000 0.000 1.000 0.000
 0.000 0.000 0.000 1.000)

3.704869031906128
(0.798 -0.602 0.000 0.399
 0.602 0.798 0.000 0.301
 0.000 0.000 1.000 0.000
 0.000 0.000 0.000 1.000)

3.7214951515197754
(0.796 -0.605 0.000 0.398
 0.605 0.796 0.000 0.302
 0.000 0.000 1.000 0.000
 0.000 0.000 0.000 1.000)

3.73818302154541
(0.795 -0.607 0.000 0.397
 0.607 0.795 0.000 0.304
 0.000 0.000 1.000 0.000
 0.000 0.000 0.000 1.000)

3.7549071311950684
(0.793 -0.609 0.000 0.396
 0.609 0.793 0.000 0.305
 0.000 0.000 1.000 0.000
 0.000 0.000 0.000 1.000)

3.77152419090271
(0.791 -0.612 0.000 0.396
 0.612 0.791 0.000 0.306
 0.000 0.000 1.000 0.000
 0.000 0.000 0.000 1.000)

3.788220167160034
(0.789 -0.614 0.000 0.395
 0.614 0.789 0.000 0.307
 0.000 0.000 1.000 0.000
 0.000 0.000 0.000 1.000)

3.8048951625823975
(0.787 -0.616 0.000 0.394
 0.616 0.787 0.000 0.308
 0.000 0.000 1.000 0.000
 0.000 0.000 0.000 1.000)

3.8215620517730713
(0.786 -0.619 0.000 0.393
 0.619 0.786 0.000 0.309
 0.000 0.000 1.000 0.000
 0.000 0.000 0.000 1.000)

3.838252067565918
(0.784 -0.621 0.000 0.392
 0.621 0.784 0.000 0.310
 0.000 0.000 1.000 0.000
 0.000 0.000 0.000 1.000)

3.854918956756592
(0.782 -0.623 0.000 0.391
 0.623 0.782 0.000 0.312
 0.000 0.000 1.000 0.000
 0.000 0.000 0.000 1.000)

3.871603012084961
(0.780 -0.625 0.000 0.390
 0.625 0.780 0.000 0.313
 0.000 0.000 1.000 0.000
 0.000 0.000 0.000 1.000)

3.8882811069488525
(0.778 -0.628 0.000 0.389
 0.628 0.778 0.000 0.314
 0.000 0.000 1.000 0.000
 0.000 0.000 0.000 1.000)

3.904956102371216
(0.777 -0.630 0.000 0.388
 0.630 0.777 0.000 0.315
 0.000 0.000 1.000 0.000
 0.000 0.000 0.000 1.000)

3.921682119369507
(0.775 -0.632 0.000 0.387
 0.632 0.775 0.000 0.316
 0.000 0.000 1.000 0.000
 0.000 0.000 0.000 1.000)

3.9383351802825928
(0.773 -0.635 0.000 0.386
 0.635 0.773 0.000 0.317
 0.000 0.000 1.000 0.000
 0.000 0.000 0.000 1.000)

3.9549880027770996
(0.771 -0.637 0.000 0.386
 0.637 0.771 0.000 0.318
 0.000 0.000 1.000 0.000
 0.000 0.000 0.000 1.000)

3.9717049598693848
(0.769 -0.639 0.000 0.385
 0.639 0.769 0.000 0.319
 0.000 0.000 1.000 0.000
 0.000 0.000 0.000 1.000)

3.988368034362793
(0.767 -0.641 0.000 0.384
 0.641 0.767 0.000 0.321
 0.000 0.000 1.000 0.000
 0.000 0.000 0.000 1.000)

4.005119323730469
(0.765 -0.643 0.000 0.383
 0.643 0.765 0.000 0.322
 0.000 0.000 1.000 0.000
 0.000 0.000 0.000 1.000)

4.021749019622803
(0.764 -0.646 0.000 0.382
 0.646 0.764 0.000 0.323
 0.000 0.000 1.000 0.000
 0.000 0.000 0.000 1.000)

4.0384063720703125
(0.762 -0.648 0.000 0.381
 0.648 0.762 0.000 0.324
 0.000 0.000 1.000 0.000
 0.000 0.000 0.000 1.000)

4.055113792419434
(0.760 -0.650 0.000 0.380
 0.650 0.760 0.000 0.325
 0.000 0.000 1.000 0.000
 0.000 0.000 0.000 1.000)

4.071768760681152
(0.758 -0.652 0.000 0.379
 0.652 0.758 0.000 0.326
 0.000 0.000 1.000 0.000
 0.000 0.000 0.000 1.000)

4.088456153869629
(0.756 -0.655 0.000 0.378
 0.655 0.756 0.000 0.327
 0.000 0.000 1.000 0.000
 0.000 0.000 0.000 1.000)

4.105149269104004
(0.754 -0.657 0.000 0.377
 0.657 0.754 0.000 0.328
 0.000 0.000 1.000 0.000
 0.000 0.000 0.000 1.000)

4.121790885925293
(0.752 -0.659 0.000 0.376
 0.659 0.752 0.000 0.329
 0.000 0.000 1.000 0.000
 0.000 0.000 0.000 1.000)

4.138523101806641
(0.750 -0.661 0.000 0.375
 0.661 0.750 0.000 0.331
 0.000 0.000 1.000 0.000
 0.000 0.000 0.000 1.000)

4.1551971435546875
(0.748 -0.663 0.000 0.374
 0.663 0.748 0.000 0.332
 0.000 0.000 1.000 0.000
 0.000 0.000 0.000 1.000)

4.171885013580322
(0.746 -0.665 0.000 0.373
 0.665 0.746 0.000 0.333
 0.000 0.000 1.000 0.000
 0.000 0.000 0.000 1.000)

4.188559055328369
(0.744 -0.668 0.000 0.372
 0.668 0.744 0.000 0.334
 0.000 0.000 1.000 0.000
 0.000 0.000 0.000 1.000)

4.205268859863281
(0.743 -0.670 0.000 0.371
 0.670 0.743 0.000 0.335
 0.000 0.000 1.000 0.000
 0.000 0.000 0.000 1.000)

4.221981048583984
(0.741 -0.672 0.000 0.370
 0.672 0.741 0.000 0.336
 0.000 0.000 1.000 0.000
 0.000 0.000 0.000 1.000)

4.238707065582275
(0.739 -0.674 0.000 0.369
 0.674 0.739 0.000 0.337
 0.000 0.000 1.000 0.000
 0.000 0.000 0.000 1.000)

4.2553629875183105
(0.737 -0.676 0.000 0.368
 0.676 0.737 0.000 0.338
 0.000 0.000 1.000 0.000
 0.000 0.000 0.000 1.000)

4.272091865539551
(0.735 -0.678 0.000 0.367
 0.678 0.735 0.000 0.339
 0.000 0.000 1.000 0.000
 0.000 0.000 0.000 1.000)

4.288799285888672
(0.733 -0.681 0.000 0.366
 0.681 0.733 0.000 0.340
 0.000 0.000 1.000 0.000
 0.000 0.000 0.000 1.000)

4.305507183074951
(0.731 -0.683 0.000 0.365
 0.683 0.731 0.000 0.341
 0.000 0.000 1.000 0.000
 0.000 0.000 0.000 1.000)

4.322184085845947
(0.729 -0.685 0.000 0.364
 0.685 0.729 0.000 0.342
 0.000 0.000 1.000 0.000
 0.000 0.000 0.000 1.000)

4.33891487121582
(0.727 -0.687 0.000 0.363
 0.687 0.727 0.000 0.343
 0.000 0.000 1.000 0.000
 0.000 0.000 0.000 1.000)

4.3556013107299805
(0.725 -0.689 0.000 0.362
 0.689 0.725 0.000 0.345
 0.000 0.000 1.000 0.000
 0.000 0.000 0.000 1.000)

4.37227725982666
(0.723 -0.691 0.000 0.361
 0.691 0.723 0.000 0.346
 0.000 0.000 1.000 0.000
 0.000 0.000 0.000 1.000)

4.3890061378479
(0.721 -0.693 0.000 0.360
 0.693 0.721 0.000 0.347
 0.000 0.000 1.000 0.000
 0.000 0.000 0.000 1.000)

4.405709266662598
(0.719 -0.695 0.000 0.359
 0.695 0.719 0.000 0.348
 0.000 0.000 1.000 0.000
 0.000 0.000 0.000 1.000)

4.42241907119751
(0.717 -0.697 0.000 0.358
 0.697 0.717 0.000 0.349
 0.000 0.000 1.000 0.000
 0.000 0.000 0.000 1.000)

4.43911600112915
(0.715 -0.700 0.000 0.357
 0.700 0.715 0.000 0.350
 0.000 0.000 1.000 0.000
 0.000 0.000 0.000 1.000)

4.455820083618164
(0.713 -0.702 0.000 0.356
 0.702 0.713 0.000 0.351
 0.000 0.000 1.000 0.000
 0.000 0.000 0.000 1.000)

4.472546100616455
(0.710 -0.704 0.000 0.355
 0.704 0.710 0.000 0.352
 0.000 0.000 1.000 0.000
 0.000 0.000 0.000 1.000)

4.489243984222412
(0.708 -0.706 0.000 0.354
 0.706 0.708 0.000 0.353
 0.000 0.000 1.000 0.000
 0.000 0.000 0.000 1.000)

4.505953788757324
(0.706 -0.708 0.000 0.353
 0.708 0.706 0.000 0.354
 0.000 0.000 1.000 0.000
 0.000 0.000 0.000 1.000)

4.5226731300354
(0.704 -0.710 0.000 0.352
 0.710 0.704 0.000 0.355
 0.000 0.000 1.000 0.000
 0.000 0.000 0.000 1.000)

4.539360046386719
(0.702 -0.712 0.000 0.351
 0.712 0.702 0.000 0.356
 0.000 0.000 1.000 0.000
 0.000 0.000 0.000 1.000)

4.556064128875732
(0.700 -0.714 0.000 0.350
 0.714 0.700 0.000 0.357
 0.000 0.000 1.000 0.000
 0.000 0.000 0.000 1.000)

4.572787284851074
(0.698 -0.716 0.000 0.349
 0.716 0.698 0.000 0.358
 0.000 0.000 1.000 0.000
 0.000 0.000 0.000 1.000)

4.589506149291992
(0.696 -0.718 0.000 0.348
 0.718 0.696 0.000 0.359
 0.000 0.000 1.000 0.000
 0.000 0.000 0.000 1.000)

4.606229782104492
(0.694 -0.720 0.000 0.347
 0.720 0.694 0.000 0.360
 0.000 0.000 1.000 0.000
 0.000 0.000 0.000 1.000)

4.622937202453613
(0.692 -0.722 0.000 0.346
 0.722 0.692 0.000 0.361
 0.000 0.000 1.000 0.000
 0.000 0.000 0.000 1.000)

4.639639854431152
(0.690 -0.724 0.000 0.345
 0.724 0.690 0.000 0.362
 0.000 0.000 1.000 0.000
 0.000 0.000 0.000 1.000)

4.6563520431518555
(0.688 -0.726 0.000 0.344
 0.726 0.688 0.000 0.363
 0.000 0.000 1.000 0.000
 0.000 0.000 0.000 1.000)

4.67304801940918
(0.685 -0.728 0.000 0.343
 0.728 0.685 0.000 0.364
 0.000 0.000 1.000 0.000
 0.000 0.000 0.000 1.000)

4.6897478103637695
(0.683 -0.730 0.000 0.342
 0.730 0.683 0.000 0.365
 0.000 0.000 1.000 0.000
 0.000 0.000 0.000 1.000)

4.706451416015625
(0.681 -0.732 0.000 0.341
 0.732 0.681 0.000 0.366
 0.000 0.000 1.000 0.000
 0.000 0.000 0.000 1.000)

4.723154067993164
(0.679 -0.734 0.000 0.340
 0.734 0.679 0.000 0.367
 0.000 0.000 1.000 0.000
 0.000 0.000 0.000 1.000)

4.7398600578308105
(0.677 -0.736 0.000 0.338
 0.736 0.677 0.000 0.368
 0.000 0.000 1.000 0.000
 0.000 0.000 0.000 1.000)

4.756565093994141
(0.675 -0.738 0.000 0.337
 0.738 0.675 0.000 0.369
 0.000 0.000 1.000 0.000
 0.000 0.000 0.000 1.000)

4.773277282714844
(0.673 -0.740 0.000 0.336
 0.740 0.673 0.000 0.370
 0.000 0.000 1.000 0.000
 0.000 0.000 0.000 1.000)

4.78997802734375
(0.670 -0.742 0.000 0.335
 0.742 0.670 0.000 0.371
 0.000 0.000 1.000 0.000
 0.000 0.000 0.000 1.000)

4.806698799133301
(0.668 -0.744 0.000 0.334
 0.744 0.668 0.000 0.372
 0.000 0.000 1.000 0.000
 0.000 0.000 0.000 1.000)

4.823390007019043
(0.666 -0.746 0.000 0.333
 0.746 0.666 0.000 0.373
 0.000 0.000 1.000 0.000
 0.000 0.000 0.000 1.000)

4.840106010437012
(0.664 -0.748 0.000 0.332
 0.748 0.664 0.000 0.374
 0.000 0.000 1.000 0.000
 0.000 0.000 0.000 1.000)

4.856810092926025
(0.662 -0.750 0.000 0.331
 0.750 0.662 0.000 0.375
 0.000 0.000 1.000 0.000
 0.000 0.000 0.000 1.000)

4.873518943786621
(0.660 -0.752 0.000 0.330
 0.752 0.660 0.000 0.376
 0.000 0.000 1.000 0.000
 0.000 0.000 0.000 1.000)

4.890213966369629
(0.657 -0.754 0.000 0.329
 0.754 0.657 0.000 0.377
 0.000 0.000 1.000 0.000
 0.000 0.000 0.000 1.000)

4.906919002532959
(0.655 -0.756 0.000 0.328
 0.756 0.655 0.000 0.378
 0.000 0.000 1.000 0.000
 0.000 0.000 0.000 1.000)

4.923640251159668
(0.653 -0.757 0.000 0.326
 0.757 0.653 0.000 0.379
 0.000 0.000 1.000 0.000
 0.000 0.000 0.000 1.000)

4.9403581619262695
(0.651 -0.759 0.000 0.325
 0.759 0.651 0.000 0.380
 0.000 0.000 1.000 0.000
 0.000 0.000 0.000 1.000)

4.957065105438232
(0.649 -0.761 0.000 0.324
 0.761 0.649 0.000 0.381
 0.000 0.000 1.000 0.000
 0.000 0.000 0.000 1.000)

4.9737653732299805
(0.646 -0.763 0.000 0.323
 0.763 0.646 0.000 0.382
 0.000 0.000 1.000 0.000
 0.000 0.000 0.000 1.000)

4.990468978881836
(0.644 -0.765 0.000 0.322
 0.765 0.644 0.000 0.382
 0.000 0.000 1.000 0.000
 0.000 0.000 0.000 1.000)

5.007177352905273
(0.642 -0.767 0.000 0.321
 0.767 0.642 0.000 0.383
 0.000 0.000 1.000 0.000
 0.000 0.000 0.000 1.000)

5.023898124694824
(0.640 -0.769 0.000 0.320
 0.769 0.640 0.000 0.384
 0.000 0.000 1.000 0.000
 0.000 0.000 0.000 1.000)

5.040603160858154
(0.637 -0.771 0.000 0.319
 0.771 0.637 0.000 0.385
 0.000 0.000 1.000 0.000
 0.000 0.000 0.000 1.000)

5.057312965393066
(0.635 -0.772 0.000 0.318
 0.772 0.635 0.000 0.386
 0.000 0.000 1.000 0.000
 0.000 0.000 0.000 1.000)

5.074006080627441
(0.633 -0.774 0.000 0.316
 0.774 0.633 0.000 0.387
 0.000 0.000 1.000 0.000
 0.000 0.000 0.000 1.000)

5.090742111206055
(0.631 -0.776 0.000 0.315
 0.776 0.631 0.000 0.388
 0.000 0.000 1.000 0.000
 0.000 0.000 0.000 1.000)

5.107419013977051
(0.628 -0.778 0.000 0.314
 0.778 0.628 0.000 0.389
 0.000 0.000 1.000 0.000
 0.000 0.000 0.000 1.000)

5.124149322509766
(0.626 -0.780 0.000 0.313
 0.780 0.626 0.000 0.390
 0.000 0.000 1.000 0.000
 0.000 0.000 0.000 1.000)

5.140852928161621
(0.624 -0.782 0.000 0.312
 0.782 0.624 0.000 0.391
 0.000 0.000 1.000 0.000
 0.000 0.000 0.000 1.000)

5.15757942199707
(0.621 -0.783 0.000 0.311
 0.783 0.621 0.000 0.392
 0.000 0.000 1.000 0.000
 0.000 0.000 0.000 1.000)

5.174281120300293
(0.619 -0.785 0.000 0.310
 0.785 0.619 0.000 0.393
 0.000 0.000 1.000 0.000
 0.000 0.000 0.000 1.000)

5.191004753112793
(0.617 -0.787 0.000 0.308
 0.787 0.617 0.000 0.394
 0.000 0.000 1.000 0.000
 0.000 0.000 0.000 1.000)

5.207677841186523
(0.615 -0.789 0.000 0.307
 0.789 0.615 0.000 0.394
 0.000 0.000 1.000 0.000
 0.000 0.000 0.000 1.000)

5.224429130554199
(0.612 -0.791 0.000 0.306
 0.791 0.612 0.000 0.395
 0.000 0.000 1.000 0.000
 0.000 0.000 0.000 1.000)

5.241132736206055
(0.610 -0.792 0.000 0.305
 0.792 0.610 0.000 0.396
 0.000 0.000 1.000 0.000
 0.000 0.000 0.000 1.000)

5.257841110229492
(0.608 -0.794 0.000 0.304
 0.794 0.608 0.000 0.397
 0.000 0.000 1.000 0.000
 0.000 0.000 0.000 1.000)

5.274553298950195
(0.605 -0.796 0.000 0.303
 0.796 0.605 0.000 0.398
 0.000 0.000 1.000 0.000
 0.000 0.000 0.000 1.000)

5.291260719299316
(0.603 -0.798 0.000 0.302
 0.798 0.603 0.000 0.399
 0.000 0.000 1.000 0.000
 0.000 0.000 0.000 1.000)

5.307974815368652
(0.601 -0.799 0.000 0.300
 0.799 0.601 0.000 0.400
 0.000 0.000 1.000 0.000
 0.000 0.000 0.000 1.000)

5.324687957763672
(0.598 -0.801 0.000 0.299
 0.801 0.598 0.000 0.401
 0.000 0.000 1.000 0.000
 0.000 0.000 0.000 1.000)

5.341343879699707
(0.596 -0.803 0.000 0.298
 0.803 0.596 0.000 0.401
 0.000 0.000 1.000 0.000
 0.000 0.000 0.000 1.000)

5.3581061363220215
(0.594 -0.805 0.000 0.297
 0.805 0.594 0.000 0.402
 0.000 0.000 1.000 0.000
 0.000 0.000 0.000 1.000)

5.374778747558594
(0.591 -0.806 0.000 0.296
 0.806 0.591 0.000 0.403
 0.000 0.000 1.000 0.000
 0.000 0.000 0.000 1.000)

5.391524314880371
(0.589 -0.808 0.000 0.294
 0.808 0.589 0.000 0.404
 0.000 0.000 1.000 0.000
 0.000 0.000 0.000 1.000)

5.408203125
(0.587 -0.810 0.000 0.293
 0.810 0.587 0.000 0.405
 0.000 0.000 1.000 0.000
 0.000 0.000 0.000 1.000)

5.424936294555664
(0.584 -0.812 0.000 0.292
 0.812 0.584 0.000 0.406
 0.000 0.000 1.000 0.000
 0.000 0.000 0.000 1.000)

5.4416351318359375
(0.582 -0.813 0.000 0.291
 0.813 0.582 0.000 0.407
 0.000 0.000 1.000 0.000
 0.000 0.000 0.000 1.000)

5.458343982696533
(0.580 -0.815 0.000 0.290
 0.815 0.580 0.000 0.407
 0.000 0.000 1.000 0.000
 0.000 0.000 0.000 1.000)

5.475067138671875
(0.577 -0.817 0.000 0.289
 0.817 0.577 0.000 0.408
 0.000 0.000 1.000 0.000
 0.000 0.000 0.000 1.000)

5.491779327392578
(0.575 -0.818 0.000 0.287
 0.818 0.575 0.000 0.409
 0.000 0.000 1.000 0.000
 0.000 0.000 0.000 1.000)

5.50848388671875
(0.572 -0.820 0.000 0.286
 0.820 0.572 0.000 0.410
 0.000 0.000 1.000 0.000
 0.000 0.000 0.000 1.000)

5.525186061859131
(0.570 -0.822 0.000 0.285
 0.822 0.570 0.000 0.411
 0.000 0.000 1.000 0.000
 0.000 0.000 0.000 1.000)

5.541891098022461
