1.4573960304260254
(0.098 -0.345 -0.934 -0.482
 -0.168 0.919 -0.357 1.057
 0.981 0.192 0.032 1.734
 0.000 0.000 0.000 1.000)

1.487044095993042
(0.181 -0.327 -0.927 -0.477
 -0.167 0.919 -0.357 1.061
 0.969 0.220 0.112 1.695
 0.000 0.000 0.000 1.000)

1.4917709827423096
(0.258 -0.303 -0.917 -0.474
 -0.170 0.920 -0.352 1.066
 0.951 0.247 0.186 1.656
 0.000 0.000 0.000 1.000)

1.5082969665527344
(0.413 -0.244 -0.878 -0.472
 -0.173 0.925 -0.339 1.074
 0.894 0.292 0.339 1.574
 0.000 0.000 0.000 1.000)

1.5250599384307861
(0.490 -0.210 -0.846 -0.474
 -0.169 0.929 -0.329 1.078
 0.856 0.304 0.419 1.534
 0.000 0.000 0.000 1.000)

1.541715145111084
(0.565 -0.181 -0.805 -0.479
 -0.156 0.935 -0.319 1.083
 0.810 0.306 0.500 1.494
 0.000 0.000 0.000 1.000)

1.57407808303833
(0.631 -0.155 -0.761 -0.485
 -0.145 0.939 -0.312 1.088
 0.762 0.307 0.570 1.455
 0.000 0.000 0.000 1.000)

1.5915651321411133
(0.687 -0.136 -0.713 -0.493
 -0.127 0.945 -0.302 1.093
 0.715 0.298 0.632 1.417
 0.000 0.000 0.000 1.000)

1.6084010601043701
(0.736 -0.129 -0.665 -0.502
 -0.109 0.947 -0.304 1.099
 0.668 0.296 0.683 1.381
 0.000 0.000 0.000 1.000)

1.6249949932098389
(0.779 -0.125 -0.615 -0.513
 -0.092 0.947 -0.309 1.105
 0.621 0.297 0.725 1.347
 0.000 0.000 0.000 1.000)

1.6417889595031738
(0.816 -0.120 -0.566 -0.524
 -0.079 0.946 -0.314 1.112
 0.573 0.301 0.762 1.314
 0.000 0.000 0.000 1.000)

1.6584670543670654
(0.850 -0.110 -0.516 -0.535
 -0.068 0.947 -0.314 1.117
 0.523 0.302 0.797 1.283
 0.000 0.000 0.000 1.000)

1.675157070159912
(0.881 -0.098 -0.463 -0.547
 -0.058 0.949 -0.310 1.123
 0.469 0.300 0.831 1.253
 0.000 0.000 0.000 1.000)

1.6918511390686035
(0.910 -0.084 -0.407 -0.560
 -0.050 0.950 -0.307 1.128
 0.412 0.300 0.860 1.226
 0.000 0.000 0.000 1.000)

1.7084779739379883
(0.933 -0.071 -0.353 -0.572
 -0.044 0.951 -0.307 1.133
 0.358 0.302 0.884 1.201
 0.000 0.000 0.000 1.000)

1.7251899242401123
(0.950 -0.064 -0.306 -0.584
 -0.039 0.947 -0.319 1.139
 0.310 0.315 0.897 1.180
 0.000 0.000 0.000 1.000)

1.7418880462646484
(0.969 -0.054 -0.242 -0.606
 -0.036 0.935 -0.354 1.148
 0.245 0.351 0.904 1.145
 0.000 0.000 0.000 1.000)

1.7584760189056396
(0.973 -0.049 -0.227 -0.615
 -0.038 0.930 -0.366 1.152
 0.229 0.364 0.903 1.131
 0.000 0.000 0.000 1.000)

1.775170087814331
(0.975 -0.045 -0.216 -0.624
 -0.040 0.927 -0.374 1.154
 0.217 0.373 0.902 1.118
 0.000 0.000 0.000 1.000)

1.7918391227722168
(0.978 -0.042 -0.203 -0.631
 -0.038 0.926 -0.374 1.156
 0.203 0.374 0.905 1.107
 0.000 0.000 0.000 1.000)

1.8242261409759521
(0.981 -0.037 -0.188 -0.637
 -0.036 0.928 -0.370 1.156
 0.188 0.370 0.910 1.096
 0.000 0.000 0.000 1.000)

1.8419229984283447
(0.985 -0.030 -0.173 -0.642
 -0.035 0.932 -0.362 1.156
 0.171 0.362 0.916 1.086
 0.000 0.000 0.000 1.000)

1.8585009574890137
(0.987 -0.022 -0.157 -0.646
 -0.035 0.935 -0.353 1.155
 0.154 0.354 0.922 1.076
 0.000 0.000 0.000 1.000)

1.87522292137146
(0.990 -0.013 -0.142 -0.649
 -0.037 0.939 -0.342 1.154
 0.138 0.344 0.929 1.067
 0.000 0.000 0.000 1.000)

1.8919589519500732
(0.992 -0.002 -0.129 -0.651
 -0.041 0.942 -0.332 1.152
 0.122 0.335 0.934 1.057
 0.000 0.000 0.000 1.000)

1.9085779190063477
(0.993 0.011 -0.119 -0.652
 -0.049 0.945 -0.323 1.150
 0.109 0.327 0.939 1.047
 0.000 0.000 0.000 1.000)

1.925225019454956
(0.994 0.024 -0.108 -0.651
 -0.057 0.947 -0.316 1.148
 0.095 0.320 0.943 1.038
 0.000 0.000 0.000 1.000)

1.9419951438903809
(0.994 0.040 -0.102 -0.649
 -0.069 0.949 -0.309 1.145
 0.084 0.314 0.946 1.029
 0.000 0.000 0.000 1.000)

1.9586100578308105
(0.994 0.056 -0.099 -0.647
 -0.084 0.949 -0.304 1.143
 0.077 0.310 0.948 1.021
 0.000 0.000 0.000 1.000)

1.9753401279449463
(0.993 0.071 -0.098 -0.644
 -0.097 0.950 -0.298 1.141
 0.072 0.305 0.949 1.014
 0.000 0.000 0.000 1.000)

1.9919381141662598
(0.990 0.092 -0.108 -0.634
 -0.120 0.947 -0.297 1.136
 0.075 0.307 0.949 1.001
 0.000 0.000 0.000 1.000)

2.0086491107940674
(0.988 0.096 -0.118 -0.628
 -0.127 0.946 -0.297 1.134
 0.083 0.308 0.948 0.995
 0.000 0.000 0.000 1.000)

2.025296926498413
(0.987 0.093 -0.130 -0.622
 -0.129 0.947 -0.296 1.132
 0.095 0.309 0.946 0.988
 0.000 0.000 0.000 1.000)

2.0577011108398438
(0.987 0.086 -0.139 -0.615
 -0.123 0.950 -0.286 1.129
 0.108 0.300 0.948 0.981
 0.000 0.000 0.000 1.000)

2.075279951095581
(0.986 0.074 -0.147 -0.607
 -0.111 0.958 -0.264 1.125
 0.121 0.277 0.953 0.973
 0.000 0.000 0.000 1.000)

2.092073917388916
(0.986 0.062 -0.152 -0.600
 -0.097 0.967 -0.234 1.122
 0.133 0.245 0.960 0.964
 0.000 0.000 0.000 1.000)

2.1086881160736084
(0.987 0.053 -0.154 -0.591
 -0.082 0.978 -0.191 1.118
 0.140 0.201 0.969 0.954
 0.000 0.000 0.000 1.000)

2.125330924987793
(0.987 0.048 -0.153 -0.582
 -0.070 0.988 -0.140 1.114
 0.145 0.149 0.978 0.943
 0.000 0.000 0.000 1.000)

2.1420459747314453
(0.987 0.046 -0.153 -0.573
 -0.060 0.994 -0.091 1.110
 0.148 0.099 0.984 0.931
 0.000 0.000 0.000 1.000)

2.158700942993164
(0.986 0.046 -0.158 -0.564
 -0.055 0.997 -0.052 1.108
 0.155 0.060 0.986 0.918
 0.000 0.000 0.000 1.000)

2.1753859519958496
(0.985 0.051 -0.165 -0.555
 -0.056 0.998 -0.022 1.106
 0.164 0.031 0.986 0.905
 0.000 0.000 0.000 1.000)

2.1921379566192627
(0.982 0.064 -0.175 -0.547
 -0.066 0.998 -0.005 1.104
 0.174 0.017 0.985 0.890
 0.000 0.000 0.000 1.000)

2.208750009536743
(0.980 0.080 -0.184 -0.538
 -0.082 0.997 -0.004 1.104
 0.183 0.019 0.983 0.875
 0.000 0.000 0.000 1.000)

2.225456953048706
(0.975 0.113 -0.191 -0.522
 -0.121 0.992 -0.032 1.106
 0.186 0.054 0.981 0.843
 0.000 0.000 0.000 1.000)

2.2420780658721924
(0.974 0.123 -0.188 -0.515
 -0.134 0.990 -0.050 1.108
 0.180 0.074 0.981 0.826
 0.000 0.000 0.000 1.000)

2.2587671279907227
(0.975 0.127 -0.185 -0.507
 -0.140 0.988 -0.063 1.110
 0.174 0.087 0.981 0.810
 0.000 0.000 0.000 1.000)

2.275475025177002
(0.976 0.122 -0.179 -0.500
 -0.136 0.988 -0.068 1.112
 0.169 0.091 0.981 0.794
 0.000 0.000 0.000 1.000)

2.3078560829162598
(0.978 0.111 -0.176 -0.494
 -0.123 0.991 -0.061 1.114
 0.168 0.081 0.982 0.778
 0.000 0.000 0.000 1.000)

2.3254659175872803
(0.981 0.094 -0.172 -0.488
 -0.102 0.994 -0.039 1.115
 0.167 0.056 0.984 0.764
 0.000 0.000 0.000 1.000)

2.342160940170288
(0.983 0.077 -0.164 -0.482
 -0.080 0.997 -0.009 1.115
 0.163 0.022 0.986 0.750
 0.000 0.000 0.000 1.000)

2.3588600158691406
(0.986 0.061 -0.156 -0.476
 -0.059 0.998 0.020 1.114
 0.157 -0.010 0.988 0.737
 0.000 0.000 0.000 1.000)

2.3756139278411865
(0.987 0.051 -0.151 -0.471
 -0.044 0.998 0.048 1.114
 0.153 -0.041 0.987 0.725
 0.000 0.000 0.000 1.000)

2.392167091369629
(0.988 0.045 -0.147 -0.466
 -0.034 0.997 0.073 1.114
 0.150 -0.067 0.986 0.713
 0.000 0.000 0.000 1.000)

2.4088549613952637
(0.988 0.043 -0.145 -0.461
 -0.030 0.995 0.090 1.113
 0.149 -0.085 0.985 0.703
 0.000 0.000 0.000 1.000)

2.425555944442749
(0.989 0.045 -0.141 -0.457
 -0.030 0.994 0.102 1.112
 0.145 -0.097 0.985 0.693
 0.000 0.000 0.000 1.000)

2.442301034927368
(0.989 0.049 -0.136 -0.453
 -0.034 0.993 0.111 1.112
 0.141 -0.106 0.984 0.683
 0.000 0.000 0.000 1.000)

2.458881139755249
(0.990 0.053 -0.129 -0.450
 -0.038 0.992 0.121 1.110
 0.134 -0.115 0.984 0.674
 0.000 0.000 0.000 1.000)

2.4756860733032227
(0.993 0.048 -0.108 -0.443
 -0.031 0.988 0.153 1.105
 0.114 -0.149 0.982 0.659
 0.000 0.000 0.000 1.000)

2.492277145385742
(0.994 0.041 -0.098 -0.439
 -0.024 0.984 0.175 1.102
 0.104 -0.171 0.980 0.652
 0.000 0.000 0.000 1.000)

2.5089681148529053
(0.995 0.033 -0.089 -0.436
 -0.014 0.980 0.198 1.098
 0.094 -0.196 0.976 0.647
 0.000 0.000 0.000 1.000)

2.5413291454315186
(0.997 0.023 -0.079 -0.433
 -0.004 0.974 0.225 1.093
 0.082 -0.224 0.971 0.642
 0.000 0.000 0.000 1.000)

2.55900502204895
(0.997 0.012 -0.071 -0.430
 0.006 0.967 0.254 1.087
 0.072 -0.254 0.965 0.637
 0.000 0.000 0.000 1.000)

2.5756959915161133
(0.998 0.003 -0.059 -0.428
 0.014 0.958 0.286 1.080
 0.057 -0.286 0.957 0.633
 0.000 0.000 0.000 1.000)

2.592360019683838
(0.999 -0.006 -0.044 -0.425
 0.019 0.949 0.316 1.072
 0.040 -0.316 0.948 0.630
 0.000 0.000 0.000 1.000)

2.6089930534362793
(1.000 -0.012 -0.029 -0.422
 0.022 0.939 0.342 1.064
 0.023 -0.343 0.939 0.627
 0.000 0.000 0.000 1.000)

2.6256661415100098
(1.000 -0.015 -0.019 -0.419
 0.020 0.932 0.363 1.056
 0.012 -0.363 0.932 0.624
 0.000 0.000 0.000 1.000)

2.642378091812134
(1.000 -0.011 -0.012 -0.416
 0.014 0.927 0.374 1.048
 0.007 -0.374 0.927 0.621
 0.000 0.000 0.000 1.000)

2.659069061279297
(1.000 0.000 -0.006 -0.413
 0.002 0.927 0.375 1.040
 0.005 -0.375 0.927 0.619
 0.000 0.000 0.000 1.000)

2.6757020950317383
(1.000 0.016 -0.000 -0.410
 -0.014 0.929 0.370 1.032
 0.006 -0.370 0.929 0.616
 0.000 0.000 0.000 1.000)

2.6923320293426514
(0.999 0.033 0.005 -0.406
 -0.032 0.933 0.359 1.025
 0.007 -0.359 0.933 0.614
 0.000 0.000 0.000 1.000)

2.7090890407562256
(0.998 0.059 -0.000 -0.398
 -0.055 0.936 0.349 1.012
 0.021 -0.348 0.937 0.608
 0.000 0.000 0.000 1.000)

2.7257819175720215
(0.998 0.069 0.002 -0.394
 -0.065 0.933 0.355 1.005
 0.023 -0.354 0.935 0.606
 0.000 0.000 0.000 1.000)

2.74241304397583
(0.997 0.081 0.008 -0.390
 -0.079 0.928 0.364 1.000
 0.023 -0.363 0.932 0.603
 0.000 0.000 0.000 1.000)

2.7591159343719482
(0.995 0.095 0.014 -0.385
 -0.094 0.926 0.367 0.995
 0.022 -0.366 0.930 0.599
 0.000 0.000 0.000 1.000)

2.791482925415039
(0.994 0.111 0.015 -0.379
 -0.109 0.926 0.361 0.992
 0.027 -0.360 0.932 0.594
 0.000 0.000 0.000 1.000)

2.8091540336608887
(0.992 0.128 0.011 -0.374
 -0.123 0.931 0.345 0.991
 0.034 -0.343 0.939 0.590
 0.000 0.000 0.000 1.000)

2.8257880210876465
(0.990 0.143 0.002 -0.368
 -0.136 0.938 0.319 0.991
 0.044 -0.316 0.948 0.584
 0.000 0.000 0.000 1.000)

2.842543125152588
(0.988 0.157 -0.009 -0.362
 -0.148 0.946 0.289 0.994
 0.054 -0.284 0.957 0.579
 0.000 0.000 0.000 1.000)

2.8591599464416504
(0.986 0.165 -0.015 -0.355
 -0.155 0.953 0.260 0.998
 0.057 -0.254 0.965 0.573
 0.000 0.000 0.000 1.000)

2.8758771419525146
(0.986 0.165 -0.022 -0.349
 -0.155 0.959 0.236 1.002
 0.060 -0.230 0.971 0.567
 0.000 0.000 0.000 1.000)

2.8925061225891113
(0.987 0.156 -0.027 -0.342
 -0.146 0.964 0.222 1.008
 0.060 -0.215 0.975 0.561
 0.000 0.000 0.000 1.000)

2.9091780185699463
(0.990 0.138 -0.032 -0.335
 -0.128 0.968 0.215 1.014
 0.061 -0.208 0.976 0.555
 0.000 0.000 0.000 1.000)

2.925856113433838
(0.993 0.114 -0.037 -0.328
 -0.104 0.973 0.207 1.020
 0.060 -0.202 0.978 0.549
 0.000 0.000 0.000 1.000)

2.9425930976867676
(0.994 0.095 -0.044 -0.321
 -0.085 0.977 0.197 1.027
 0.062 -0.192 0.979 0.543
 0.000 0.000 0.000 1.000)

2.959203004837036
(0.996 0.068 -0.060 -0.307
 -0.058 0.987 0.153 1.041
 0.070 -0.149 0.986 0.530
 0.000 0.000 0.000 1.000)

2.9759230613708496
(0.996 0.055 -0.067 -0.300
 -0.046 0.990 0.133 1.049
 0.073 -0.129 0.989 0.523
 0.000 0.000 0.000 1.000)

2.9926071166992188
(0.997 0.041 -0.069 -0.294
 -0.032 0.992 0.121 1.056
 0.074 -0.118 0.990 0.516
 0.000 0.000 0.000 1.000)

3.0092599391937256
(0.997 0.027 -0.067 -0.287
 -0.019 0.993 0.116 1.062
 0.070 -0.115 0.991 0.509
 0.000 0.000 0.000 1.000)

3.041638135910034
(0.998 0.016 -0.061 -0.282
 -0.009 0.994 0.112 1.068
 0.062 -0.111 0.992 0.502
 0.000 0.000 0.000 1.000)

3.0592401027679443
(0.999 0.008 -0.051 -0.276
 -0.003 0.995 0.104 1.073
 0.051 -0.104 0.993 0.496
 0.000 0.000 0.000 1.000)

3.0759620666503906
(0.999 0.002 -0.040 -0.271
 0.001 0.996 0.094 1.078
 0.040 -0.094 0.995 0.489
 0.000 0.000 0.000 1.000)

3.0926289558410645
(0.999 -0.001 -0.033 -0.266
 0.004 0.997 0.080 1.083
 0.033 -0.080 0.996 0.483
 0.000 0.000 0.000 1.000)

3.109297037124634
(1.000 -0.001 -0.030 -0.261
 0.003 0.998 0.067 1.087
 0.030 -0.067 0.997 0.477
 0.000 0.000 0.000 1.000)

3.125947952270508
(0.999 -0.001 -0.032 -0.256
 0.002 0.998 0.056 1.090
 0.032 -0.056 0.998 0.472
 0.000 0.000 0.000 1.000)

3.142642021179199
(0.999 -0.001 -0.038 -0.251
 0.003 0.999 0.052 1.093
 0.038 -0.052 0.998 0.467
 0.000 0.000 0.000 1.000)

3.15932297706604
(0.999 -0.003 -0.044 -0.246
 0.006 0.998 0.056 1.095
 0.044 -0.056 0.997 0.463
 0.000 0.000 0.000 1.000)

3.1760900020599365
(0.999 -0.003 -0.053 -0.242
 0.006 0.998 0.063 1.097
 0.053 -0.063 0.997 0.458
 0.000 0.000 0.000 1.000)

3.1926379203796387
(0.998 0.006 -0.065 -0.234
 -0.001 0.997 0.075 1.097
 0.065 -0.075 0.995 0.449
 0.000 0.000 0.000 1.000)

3.209372043609619
(0.998 0.017 -0.067 -0.230
 -0.012 0.997 0.078 1.097
 0.068 -0.077 0.995 0.443
 0.000 0.000 0.000 1.000)

3.226088047027588
(0.997 0.030 -0.067 -0.227
 -0.025 0.997 0.080 1.096
 0.070 -0.078 0.995 0.438
 0.000 0.000 0.000 1.000)

3.242748975753784
(0.997 0.043 -0.063 -0.223
 -0.038 0.996 0.081 1.094
 0.066 -0.078 0.995 0.432
 0.000 0.000 0.000 1.000)

3.2751190662384033
(0.997 0.053 -0.059 -0.220
 -0.048 0.995 0.082 1.093
 0.063 -0.078 0.995 0.426
 0.000 0.000 0.000 1.000)

3.292778968811035
(0.997 0.059 -0.051 -0.217
 -0.054 0.995 0.087 1.090
 0.056 -0.084 0.995 0.420
 0.000 0.000 0.000 1.000)

3.3094289302825928
(0.997 0.059 -0.047 -0.214
 -0.054 0.994 0.097 1.087
 0.052 -0.094 0.994 0.413
 0.000 0.000 0.000 1.000)

3.3260819911956787
(0.997 0.057 -0.045 -0.211
 -0.052 0.993 0.106 1.084
 0.050 -0.104 0.993 0.408
 0.000 0.000 0.000 1.000)

3.3427670001983643
(0.998 0.052 -0.046 -0.208
 -0.046 0.992 0.115 1.080
 0.052 -0.113 0.992 0.402
 0.000 0.000 0.000 1.000)

3.3595099449157715
(0.998 0.045 -0.052 -0.204
 -0.038 0.991 0.125 1.076
 0.057 -0.122 0.991 0.395
 0.000 0.000 0.000 1.000)

3.3763771057128906
(0.997 0.037 -0.061 -0.201
 -0.029 0.991 0.133 1.071
 0.065 -0.131 0.989 0.389
 0.000 0.000 0.000 1.000)

3.3929989337921143
(0.997 0.030 -0.068 -0.197
 -0.020 0.990 0.143 1.066
 0.072 -0.141 0.987 0.382
 0.000 0.000 0.000 1.000)

3.409680128097534
(0.997 0.024 -0.073 -0.193
 -0.012 0.988 0.152 1.059
 0.076 -0.151 0.986 0.375
 0.000 0.000 0.000 1.000)

3.426171064376831
(0.996 0.023 -0.083 -0.190
 -0.009 0.987 0.160 1.052
 0.086 -0.159 0.984 0.367
 0.000 0.000 0.000 1.000)

3.4428420066833496
(0.995 0.028 -0.099 -0.183
 -0.011 0.984 0.175 1.037
 0.103 -0.173 0.979 0.350
 0.000 0.000 0.000 1.000)

3.4595510959625244
(0.994 0.034 -0.105 -0.180
 -0.014 0.982 0.186 1.028
 0.109 -0.183 0.977 0.341
 0.000 0.000 0.000 1.000)

3.476207971572876
(0.993 0.041 -0.108 -0.177
 -0.019 0.981 0.195 1.019
 0.114 -0.192 0.975 0.331
 0.000 0.000 0.000 1.000)

3.492922067642212
(0.993 0.050 -0.109 -0.174
 -0.027 0.979 0.201 1.010
 0.117 -0.197 0.973 0.321
 0.000 0.000 0.000 1.000)

3.5252740383148193
(0.992 0.058 -0.109 -0.171
 -0.035 0.978 0.205 1.001
 0.119 -0.200 0.973 0.311
 0.000 0.000 0.000 1.000)

3.542936086654663
(0.992 0.067 -0.109 -0.168
 -0.044 0.978 0.206 0.992
 0.120 -0.199 0.973 0.301
 0.000 0.000 0.000 1.000)

3.559593915939331
(0.991 0.076 -0.108 -0.166
 -0.052 0.977 0.206 0.984
 0.121 -0.199 0.973 0.290
 0.000 0.000 0.000 1.000)

3.5763120651245117
(0.991 0.081 -0.108 -0.163
 -0.058 0.977 0.207 0.976
 0.122 -0.199 0.972 0.280
 0.000 0.000 0.000 1.000)

3.592919111251831
(0.991 0.081 -0.109 -0.160
 -0.057 0.976 0.208 0.968
 0.123 -0.200 0.972 0.270
 0.000 0.000 0.000 1.000)

3.6096630096435547
(0.992 0.069 -0.106 -0.158
 -0.045 0.976 0.213 0.961
 0.118 -0.207 0.971 0.261
 0.000 0.000 0.000 1.000)

3.6262969970703125
(0.994 0.046 -0.101 -0.155
 -0.022 0.974 0.224 0.954
 0.108 -0.221 0.969 0.253
 0.000 0.000 0.000 1.000)

3.643022060394287
(0.996 0.014 -0.093 -0.152
 0.009 0.970 0.242 0.947
 0.094 -0.242 0.966 0.244
 0.000 0.000 0.000 1.000)

3.6596240997314453
(0.996 -0.021 -0.085 -0.149
 0.043 0.964 0.261 0.941
 0.076 -0.264 0.961 0.236
 0.000 0.000 0.000 1.000)

3.6762969493865967
(0.994 -0.085 -0.073 -0.142
 0.103 0.955 0.278 0.931
 0.046 -0.284 0.958 0.219
 0.000 0.000 0.000 1.000)

3.6930019855499268
(0.992 -0.108 -0.073 -0.139
 0.124 0.954 0.275 0.928
 0.040 -0.281 0.959 0.212
 0.000 0.000 0.000 1.000)

3.7097280025482178
(0.989 -0.127 -0.070 -0.136
 0.141 0.951 0.275 0.925
 0.032 -0.282 0.959 0.204
 0.000 0.000 0.000 1.000)

3.726335048675537
(0.987 -0.143 -0.069 -0.134
 0.157 0.948 0.276 0.923
 0.025 -0.284 0.959 0.197
 0.000 0.000 0.000 1.000)

3.7587480545043945
(0.985 -0.157 -0.067 -0.131
 0.169 0.945 0.281 0.922
 0.020 -0.288 0.957 0.191
 0.000 0.000 0.000 1.000)

3.7763710021972656
(0.983 -0.171 -0.062 -0.129
 0.181 0.941 0.286 0.922
 0.009 -0.293 0.956 0.185
 0.000 0.000 0.000 1.000)

3.7930500507354736
(0.981 -0.188 -0.055 -0.127
 0.196 0.938 0.287 0.922
 -0.002 -0.292 0.956 0.179
 0.000 0.000 0.000 1.000)

3.8097219467163086
(0.978 -0.205 -0.045 -0.125
 0.209 0.937 0.280 0.923
 -0.016 -0.283 0.959 0.173
 0.000 0.000 0.000 1.000)

3.8264899253845215
(0.974 -0.222 -0.033 -0.123
 0.223 0.937 0.268 0.923
 -0.029 -0.268 0.963 0.168
 0.000 0.000 0.000 1.000)

3.843087911605835
(0.972 -0.235 -0.025 -0.121
 0.234 0.939 0.251 0.924
 -0.035 -0.250 0.968 0.163
 0.000 0.000 0.000 1.000)

3.859818935394287
(0.970 -0.241 -0.023 -0.120
 0.240 0.942 0.235 0.925
 -0.035 -0.234 0.972 0.159
 0.000 0.000 0.000 1.000)

3.876436948776245
(0.970 -0.242 -0.029 -0.118
 0.242 0.944 0.225 0.925
 -0.027 -0.225 0.974 0.156
 0.000 0.000 0.000 1.000)

3.893083095550537
(0.970 -0.241 -0.037 -0.116
 0.243 0.945 0.219 0.925
 -0.018 -0.221 0.975 0.153
 0.000 0.000 0.000 1.000)

3.909780979156494
(0.969 -0.241 -0.050 -0.112
 0.246 0.944 0.222 0.923
 -0.006 -0.228 0.974 0.148
 0.000 0.000 0.000 1.000)

3.926406145095825
(0.970 -0.237 -0.058 -0.111
 0.244 0.944 0.224 0.921
 0.002 -0.231 0.973 0.146
 0.000 0.000 0.000 1.000)

3.9431209564208984
(0.972 -0.227 -0.064 -0.109
 0.236 0.946 0.221 0.919
 0.010 -0.230 0.973 0.144
 0.000 0.000 0.000 1.000)

3.959861993789673
(0.974 -0.213 -0.072 -0.109
 0.224 0.949 0.222 0.915
 0.020 -0.233 0.972 0.142
 0.000 0.000 0.000 1.000)

3.9764890670776367
(0.977 -0.202 -0.070 -0.109
 0.213 0.951 0.223 0.912
 0.021 -0.232 0.972 0.139
 0.000 0.000 0.000 1.000)

4.00889778137207
(0.979 -0.196 -0.049 -0.110
 0.202 0.953 0.225 0.907
 0.002 -0.230 0.973 0.135
 0.000 0.000 0.000 1.000)

4.026543140411377
(0.981 -0.193 -0.023 -0.111
 0.193 0.954 0.228 0.901
 -0.022 -0.228 0.973 0.132
 0.000 0.000 0.000 1.000)

4.043220043182373
(0.979 -0.204 0.008 -0.113
 0.195 0.949 0.246 0.896
 -0.058 -0.240 0.969 0.128
 0.000 0.000 0.000 1.000)

4.05996036529541
(0.971 -0.236 0.040 -0.115
 0.216 0.937 0.274 0.890
 -0.102 -0.258 0.961 0.125
 0.000 0.000 0.000 1.000)

4.076528072357178
(0.957 -0.280 0.078 -0.117
 0.246 0.922 0.299 0.884
 -0.156 -0.267 0.951 0.123
 0.000 0.000 0.000 1.000)

4.09323787689209
(0.938 -0.326 0.117 -0.119
 0.276 0.907 0.318 0.878
 -0.210 -0.266 0.941 0.121
 0.000 0.000 0.000 1.000)

4.109994888305664
(0.917 -0.371 0.147 -0.121
 0.306 0.891 0.336 0.872
 -0.256 -0.263 0.930 0.121
 0.000 0.000 0.000 1.000)

4.126591682434082
(0.892 -0.420 0.168 -0.122
 0.341 0.868 0.361 0.867
 -0.297 -0.264 0.918 0.121
 0.000 0.000 0.000 1.000)

4.143265724182129
(0.866 -0.465 0.183 -0.122
 0.373 0.845 0.384 0.861
 -0.334 -0.264 0.905 0.121
 0.000 0.000 0.000 1.000)

4.159948348999023
(0.822 -0.523 0.226 -0.120
 0.404 0.815 0.416 0.850
 -0.401 -0.251 0.881 0.122
 0.000 0.000 0.000 1.000)

4.176681995391846
(0.805 -0.540 0.247 -0.118
 0.410 0.806 0.427 0.844
 -0.430 -0.242 0.870 0.122
 0.000 0.000 0.000 1.000)

4.193320274353027
(0.784 -0.558 0.271 -0.117
 0.414 0.796 0.442 0.837
 -0.462 -0.235 0.855 0.122
 0.000 0.000 0.000 1.000)

4.210047721862793
(0.758 -0.581 0.297 -0.117
 0.420 0.783 0.458 0.831
 -0.499 -0.222 0.838 0.121
 0.000 0.000 0.000 1.000)

4.226663112640381
(0.724 -0.609 0.323 -0.117
 0.433 0.767 0.474 0.824
 -0.536 -0.203 0.819 0.119
 0.000 0.000 0.000 1.000)

4.259050369262695
(0.686 -0.638 0.350 -0.117
 0.450 0.750 0.485 0.817
 -0.572 -0.176 0.801 0.116
 0.000 0.000 0.000 1.000)

4.276695251464844
(0.652 -0.661 0.372 -0.116
 0.460 0.735 0.498 0.810
 -0.602 -0.153 0.783 0.113
 0.000 0.000 0.000 1.000)

4.293365001678467
(0.624 -0.675 0.394 -0.115
 0.460 0.725 0.513 0.803
 -0.632 -0.139 0.763 0.111
 0.000 0.000 0.000 1.000)

4.310051918029785
(0.596 -0.690 0.411 -0.113
 0.455 0.712 0.535 0.795
 -0.661 -0.132 0.738 0.109
 0.000 0.000 0.000 1.000)

4.326742172241211
(0.568 -0.708 0.421 -0.109
 0.445 0.694 0.567 0.787
 -0.693 -0.135 0.708 0.106
 0.000 0.000 0.000 1.000)

4.343384742736816
(0.537 -0.733 0.418 -0.105
 0.436 0.665 0.606 0.778
 -0.722 -0.143 0.677 0.104
 0.000 0.000 0.000 1.000)

4.360139846801758
(0.500 -0.763 0.410 -0.099
 0.439 0.631 0.640 0.769
 -0.747 -0.140 0.650 0.101
 0.000 0.000 0.000 1.000)

4.376749038696289
(0.445 -0.801 0.401 -0.092
 0.461 0.589 0.664 0.760
 -0.767 -0.111 0.631 0.097
 0.000 0.000 0.000 1.000)

4.3934149742126465
(0.317 -0.868 0.383 -0.079
 0.551 0.497 0.670 0.744
 -0.772 -0.001 0.636 0.085
 0.000 0.000 0.000 1.000)

4.410114288330078
(0.242 -0.895 0.375 -0.072
 0.604 0.442 0.664 0.738
 -0.759 0.066 0.647 0.075
 0.000 0.000 0.000 1.000)

4.426816940307617
(0.165 -0.914 0.371 -0.065
 0.649 0.384 0.657 0.733
 -0.743 0.132 0.656 0.065
 0.000 0.000 0.000 1.000)

4.443423271179199
(0.091 -0.923 0.375 -0.059
 0.686 0.331 0.648 0.730
 -0.722 0.198 0.663 0.052
 0.000 0.000 0.000 1.000)

4.460100173950195
(0.026 -0.924 0.381 -0.054
 0.713 0.284 0.641 0.729
 -0.700 0.255 0.667 0.038
 0.000 0.000 0.000 1.000)

4.492520332336426
(-0.022 -0.922 0.386 -0.049
 0.734 0.247 0.632 0.729
 -0.679 0.297 0.672 0.022
 0.000 0.000 0.000 1.000)

4.510183334350586
(-0.050 -0.921 0.386 -0.046
 0.751 0.220 0.623 0.731
 -0.658 0.321 0.681 0.004
 0.000 0.000 0.000 1.000)

4.526826858520508
(-0.060 -0.923 0.381 -0.043
 0.768 0.201 0.608 0.736
 -0.638 0.329 0.697 -0.016
 0.000 0.000 0.000 1.000)

4.543564796447754
(-0.054 -0.928 0.369 -0.040
 0.786 0.189 0.589 0.742
 -0.616 0.322 0.719 -0.039
 0.000 0.000 0.000 1.000)

4.560186386108398
(-0.033 -0.935 0.352 -0.038
 0.805 0.184 0.564 0.751
 -0.593 0.302 0.747 -0.065
 0.000 0.000 0.000 1.000)

4.576929092407227
(-0.004 -0.945 0.328 -0.036
 0.823 0.184 0.538 0.762
 -0.569 0.272 0.776 -0.091
 0.000 0.000 0.000 1.000)

4.59352970123291
(0.028 -0.953 0.303 -0.034
 0.837 0.188 0.514 0.776
 -0.547 0.239 0.802 -0.118
 0.000 0.000 0.000 1.000)

4.610225677490234
(0.056 -0.959 0.279 -0.033
 0.848 0.193 0.493 0.793
 -0.527 0.209 0.824 -0.146
 0.000 0.000 0.000 1.000)

4.626910209655762
(0.081 -0.959 0.271 -0.033
 0.861 0.204 0.466 0.811
 -0.502 0.195 0.842 -0.173
 0.000 0.000 0.000 1.000)

4.643630027770996
(0.121 -0.954 0.273 -0.034
 0.884 0.229 0.408 0.853
 -0.452 0.192 0.871 -0.227
 0.000 0.000 0.000 1.000)

4.660233020782471
(0.145 -0.950 0.275 -0.035
 0.893 0.246 0.378 0.877
 -0.427 0.191 0.884 -0.252
 0.000 0.000 0.000 1.000)

4.67696475982666
(0.176 -0.945 0.276 -0.036
 0.900 0.268 0.344 0.903
 -0.399 0.188 0.898 -0.278
 0.000 0.000 0.000 1.000)

4.693608283996582
(0.208 -0.939 0.272 -0.036
 0.907 0.290 0.306 0.930
 -0.367 0.183 0.912 -0.302
 0.000 0.000 0.000 1.000)

4.71024227142334
(0.239 -0.933 0.268 -0.036
 0.913 0.310 0.265 0.959
 -0.330 0.181 0.926 -0.325
 0.000 0.000 0.000 1.000)

4.742676734924316
(0.268 -0.926 0.265 -0.036
 0.920 0.328 0.217 0.988
 -0.288 0.186 0.939 -0.347
 0.000 0.000 0.000 1.000)

4.7603759765625
(0.293 -0.919 0.265 -0.035
 0.925 0.343 0.164 1.018
 -0.242 0.197 0.950 -0.367
 0.000 0.000 0.000 1.000)

4.776991844177246
(0.317 -0.911 0.265 -0.033
 0.928 0.355 0.110 1.047
 -0.194 0.211 0.958 -0.385
 0.000 0.000 0.000 1.000)

4.793706893920898
(0.340 -0.903 0.264 -0.032
 0.929 0.366 0.056 1.074
 -0.147 0.226 0.963 -0.401
 0.000 0.000 0.000 1.000)

4.810373306274414
(0.361 -0.895 0.264 -0.030
 0.926 0.377 0.011 1.100
 -0.109 0.241 0.964 -0.413
 0.000 0.000 0.000 1.000)

4.827054977416992
(0.380 -0.886 0.265 -0.027
 0.921 0.388 -0.022 1.123
 -0.083 0.252 0.964 -0.423
 0.000 0.000 0.000 1.000)

4.843723297119141
(0.401 -0.877 0.263 -0.024
 0.913 0.405 -0.040 1.144
 -0.072 0.256 0.964 -0.430
 0.000 0.000 0.000 1.000)

4.860345840454102
(0.424 -0.869 0.256 -0.021
 0.903 0.426 -0.050 1.162
 -0.065 0.252 0.965 -0.436
 0.000 0.000 0.000 1.000)

4.87706184387207
(0.466 -0.853 0.234 -0.014
 0.883 0.465 -0.061 1.191
 -0.057 0.235 0.970 -0.443
 0.000 0.000 0.000 1.000)

4.893759727478027
(0.480 -0.848 0.224 -0.011
 0.876 0.479 -0.067 1.202
 -0.051 0.228 0.972 -0.446
 0.000 0.000 0.000 1.000)

4.910462379455566
(0.489 -0.844 0.220 -0.008
 0.871 0.485 -0.073 1.211
 -0.045 0.227 0.973 -0.448
 0.000 0.000 0.000 1.000)

4.927127838134766
(0.491 -0.843 0.219 -0.006
 0.870 0.486 -0.081 1.217
 -0.038 0.230 0.972 -0.449
 0.000 0.000 0.000 1.000)

4.943817138671875
(0.491 -0.843 0.219 -0.003
 0.870 0.484 -0.088 1.221
 -0.032 0.234 0.972 -0.449
 0.000 0.000 0.000 1.000)

4.960470199584961
(0.492 -0.843 0.216 -0.001
 0.870 0.485 -0.092 1.223
 -0.027 0.233 0.972 -0.449
 0.000 0.000 0.000 1.000)

4.992870330810547
(0.496 -0.843 0.209 0.001
 0.868 0.488 -0.090 1.222
 -0.026 0.226 0.974 -0.449
 0.000 0.000 0.000 1.000)

5.01055908203125
(0.500 -0.842 0.201 0.003
 0.865 0.494 -0.083 1.219
 -0.029 0.215 0.976 -0.447
 0.000 0.000 0.000 1.000)

5.0271711349487305
(0.506 -0.841 0.194 0.004
 0.862 0.503 -0.070 1.213
 -0.039 0.202 0.979 -0.445
 0.000 0.000 0.000 1.000)

5.04393196105957
(0.514 -0.837 0.189 0.006
 0.856 0.514 -0.053 1.205
 -0.053 0.189 0.981 -0.442
 0.000 0.000 0.000 1.000)

5.0605340003967285
(0.521 -0.832 0.189 0.006
 0.850 0.525 -0.033 1.195
 -0.072 0.178 0.981 -0.438
 0.000 0.000 0.000 1.000)

5.0771989822387695
(0.528 -0.826 0.196 0.005
 0.843 0.537 -0.009 1.182
 -0.098 0.170 0.981 -0.432
 0.000 0.000 0.000 1.000)

5.093873977661133
(0.537 -0.817 0.207 0.004
 0.833 0.553 0.019 1.169
 -0.130 0.162 0.978 -0.426
 0.000 0.000 0.000 1.000)

5.110556125640869
(0.552 -0.804 0.223 0.002
 0.817 0.574 0.047 1.153
 -0.166 0.156 0.974 -0.418
 0.000 0.000 0.000 1.000)

5.127264022827148
(0.594 -0.762 0.257 -0.003
 0.768 0.633 0.101 1.121
 -0.240 0.137 0.961 -0.398
 0.000 0.000 0.000 1.000)

5.144001007080078
(0.623 -0.733 0.272 -0.006
 0.733 0.669 0.125 1.104
 -0.274 0.121 0.954 -0.387
 0.000 0.000 0.000 1.000)

5.1606011390686035
(0.656 -0.699 0.285 -0.010
 0.690 0.708 0.147 1.086
 -0.305 0.100 0.947 -0.374
 0.000 0.000 0.000 1.000)

5.177278995513916
(0.690 -0.659 0.299 -0.014
 0.641 0.748 0.170 1.069
 -0.336 0.075 0.939 -0.361
 0.000 0.000 0.000 1.000)

5.1939697265625
(0.723 -0.614 0.316 -0.019
 0.585 0.788 0.191 1.051
 -0.366 0.046 0.929 -0.346
 0.000 0.000 0.000 1.000)

5.226349830627441
(0.752 -0.566 0.337 -0.023
 0.525 0.824 0.212 1.033
 -0.398 0.017 0.917 -0.329
 0.000 0.000 0.000 1.000)

5.243962287902832
(0.778 -0.515 0.359 -0.028
 0.460 0.857 0.233 1.015
 -0.428 -0.017 0.904 -0.310
 0.000 0.000 0.000 1.000)

5.260663032531738
(0.801 -0.465 0.377 -0.033
 0.390 0.883 0.260 0.997
 -0.454 -0.061 0.889 -0.291
 0.000 0.000 0.000 1.000)

5.27734899520874
(0.821 -0.415 0.392 -0.037
 0.318 0.903 0.291 0.978
 -0.474 -0.114 0.873 -0.270
 0.000 0.000 0.000 1.000)

5.294010162353516
(0.839 -0.366 0.403 -0.042
 0.243 0.914 0.324 0.959
 -0.487 -0.174 0.856 -0.248
 0.000 0.000 0.000 1.000)

5.310655117034912
(0.853 -0.319 0.412 -0.045
 0.168 0.917 0.361 0.939
 -0.493 -0.239 0.836 -0.226
 0.000 0.000 0.000 1.000)

5.327352046966553
(0.865 -0.276 0.419 -0.049
 0.095 0.911 0.402 0.920
 -0.492 -0.308 0.814 -0.203
 0.000 0.000 0.000 1.000)

5.344030380249023
(0.874 -0.240 0.423 -0.052
 0.032 0.896 0.442 0.900
 -0.485 -0.373 0.791 -0.179
 0.000 0.000 0.000 1.000)

5.360712051391602
(0.878 -0.197 0.436 -0.058
 -0.065 0.854 0.517 0.862
 -0.475 -0.482 0.737 -0.128
 0.000 0.000 0.000 1.000)

5.377385139465332
(0.873 -0.192 0.448 -0.060
 -0.096 0.834 0.544 0.843
 -0.478 -0.518 0.709 -0.102
 0.000 0.000 0.000 1.000)

5.394086837768555
(0.865 -0.200 0.461 -0.062
 -0.114 0.815 0.568 0.826
 -0.489 -0.543 0.682 -0.076
 0.000 0.000 0.000 1.000)

5.410764694213867
(0.854 -0.219 0.472 -0.063
 -0.119 0.800 0.587 0.809
 -0.507 -0.558 0.657 -0.050
 0.000 0.000 0.000 1.000)

5.42740535736084
(0.841 -0.247 0.481 -0.064
 -0.115 0.787 0.606 0.794
 -0.528 -0.565 0.634 -0.024
 0.000 0.000 0.000 1.000)

5.4440813064575195
(0.826 -0.280 0.490 -0.064
 -0.105 0.776 0.621 0.779
 -0.554 -0.565 0.612 0.001
 0.000 0.000 0.000 1.000)

5.476496696472168
(0.809 -0.316 0.496 -0.064
 -0.093 0.764 0.638 0.765
 -0.581 -0.562 0.589 0.026
 0.000 0.000 0.000 1.000)

5.4941511154174805
(0.791 -0.353 0.500 -0.064
 -0.079 0.750 0.656 0.751
 -0.607 -0.559 0.565 0.049
 0.000 0.000 0.000 1.000)

5.510849952697754
(0.773 -0.388 0.503 -0.063
 -0.066 0.738 0.671 0.739
 -0.631 -0.552 0.545 0.071
 0.000 0.000 0.000 1.000)

5.527462959289551
(0.755 -0.419 0.505 -0.062
 -0.054 0.728 0.684 0.728
 -0.654 -0.543 0.527 0.093
 0.000 0.000 0.000 1.000)

5.544242858886719
(0.737 -0.442 0.512 -0.061
 -0.046 0.722 0.690 0.718
 -0.675 -0.532 0.512 0.112
 0.000 0.000 0.000 1.000)

5.560856819152832
(0.720 -0.460 0.520 -0.059
 -0.042 0.719 0.693 0.709
 -0.693 -0.521 0.499 0.131
 0.000 0.000 0.000 1.000)

5.577508926391602
(0.705 -0.473 0.528 -0.058
 -0.042 0.716 0.697 0.702
 -0.707 -0.514 0.485 0.148
 0.000 0.000 0.000 1.000)

5.594179153442383
(0.695 -0.481 0.534 -0.057
 -0.045 0.713 0.700 0.695
 -0.717 -0.511 0.474 0.164
 0.000 0.000 0.000 1.000)

5.610915184020996
(0.686 -0.486 0.542 -0.055
 -0.050 0.711 0.701 0.684
 -0.726 -0.508 0.464 0.191
 0.000 0.000 0.000 1.000)

5.6275410652160645
(0.688 -0.481 0.543 -0.054
 -0.055 0.712 0.700 0.680
 -0.723 -0.511 0.464 0.202
 0.000 0.000 0.000 1.000)

5.644266128540039
(0.695 -0.471 0.543 -0.054
 -0.062 0.714 0.698 0.676
 -0.717 -0.518 0.467 0.212
 0.000 0.000 0.000 1.000)

5.660882949829102
(0.702 -0.457 0.546 -0.054
 -0.073 0.717 0.693 0.674
 -0.708 -0.526 0.470 0.221
 0.000 0.000 0.000 1.000)

5.6775407791137695
(0.710 -0.438 0.551 -0.055
 -0.086 0.723 0.686 0.672
 -0.699 -0.534 0.475 0.229
 0.000 0.000 0.000 1.000)

5.694240093231201
(0.717 -0.416 0.559 -0.055
 -0.103 0.730 0.676 0.670
 -0.689 -0.542 0.481 0.237
 0.000 0.000 0.000 1.000)

5.72664737701416
(0.725 -0.391 0.567 -0.056
 -0.119 0.740 0.662 0.669
 -0.678 -0.547 0.490 0.243
 0.000 0.000 0.000 1.000)

5.744258880615234
(0.733 -0.366 0.574 -0.057
 -0.134 0.749 0.649 0.669
 -0.667 -0.553 0.500 0.249
 0.000 0.000 0.000 1.000)

5.761014938354492
(0.742 -0.339 0.579 -0.058
 -0.151 0.757 0.635 0.670
 -0.654 -0.558 0.511 0.254
 0.000 0.000 0.000 1.000)

5.777657985687256
(0.750 -0.309 0.585 -0.059
 -0.168 0.767 0.620 0.670
 -0.640 -0.563 0.523 0.258
 0.000 0.000 0.000 1.000)

5.794310092926025
(0.761 -0.277 0.586 -0.059
 -0.186 0.773 0.606 0.671
 -0.621 -0.571 0.537 0.262
 0.000 0.000 0.000 1.000)

5.810987949371338
(0.774 -0.243 0.584 -0.059
 -0.208 0.775 0.597 0.672
 -0.598 -0.584 0.550 0.265
 0.000 0.000 0.000 1.000)

5.82773494720459
(0.790 -0.206 0.578 -0.059
 -0.232 0.772 0.592 0.673
 -0.568 -0.601 0.562 0.267
 0.000 0.000 0.000 1.000)

5.844344139099121
(0.827 -0.130 0.546 -0.058
 -0.278 0.751 0.599 0.673
 -0.488 -0.647 0.585 0.271
 0.000 0.000 0.000 1.000)

5.861064910888672
(0.849 -0.092 0.520 -0.056
 -0.296 0.734 0.612 0.672
 -0.438 -0.673 0.596 0.273
 0.000 0.000 0.000 1.000)

5.8777079582214355
(0.869 -0.055 0.491 -0.055
 -0.310 0.715 0.627 0.672
 -0.386 -0.697 0.604 0.275
 0.000 0.000 0.000 1.000)

5.894381999969482
(0.883 -0.019 0.469 -0.053
 -0.326 0.694 0.642 0.671
 -0.338 -0.719 0.607 0.276
 0.000 0.000 0.000 1.000)

5.911046028137207
(0.891 0.012 0.453 -0.050
 -0.344 0.671 0.657 0.669
 -0.296 -0.742 0.602 0.278
 0.000 0.000 0.000 1.000)

5.927724838256836
(0.896 0.038 0.442 -0.046
 -0.360 0.642 0.676 0.668
 -0.258 -0.766 0.589 0.278
 0.000 0.000 0.000 1.000)

5.960118293762207
(0.897 0.076 0.436 -0.042
 -0.385 0.620 0.684 0.665
 -0.218 -0.781 0.585 0.279
 0.000 0.000 0.000 1.000)

5.977785110473633
(0.899 0.106 0.425 -0.039
 -0.394 0.617 0.681 0.663
 -0.190 -0.780 0.597 0.278
 0.000 0.000 0.000 1.000)

5.994410991668701
(0.906 0.115 0.407 -0.035
 -0.383 0.632 0.674 0.662
 -0.180 -0.766 0.617 0.277
 0.000 0.000 0.000 1.000)

6.0111870765686035
(0.913 0.122 0.389 -0.031
 -0.368 0.656 0.659 0.660
 -0.175 -0.745 0.644 0.275
 0.000 0.000 0.000 1.000)

6.027791976928711
(0.923 0.118 0.367 -0.027
 -0.344 0.681 0.646 0.659
 -0.174 -0.722 0.670 0.272
 0.000 0.000 0.000 1.000)

6.044460296630859
(0.933 0.104 0.344 -0.024
 -0.313 0.706 0.636 0.658
 -0.177 -0.701 0.691 0.269
 0.000 0.000 0.000 1.000)

6.061161041259766
(0.943 0.083 0.321 -0.020
 -0.278 0.725 0.630 0.656
 -0.181 -0.684 0.707 0.267
 0.000 0.000 0.000 1.000)

6.077898979187012
(0.952 0.065 0.298 -0.016
 -0.247 0.736 0.631 0.654
 -0.179 -0.674 0.716 0.265
 0.000 0.000 0.000 1.000)

6.09440803527832
(0.966 0.044 0.255 -0.009
 -0.205 0.734 0.647 0.648
 -0.159 -0.677 0.718 0.262
 0.000 0.000 0.000 1.000)

6.111213684082031
(0.971 0.041 0.237 -0.006
 -0.192 0.730 0.656 0.645
 -0.146 -0.682 0.716 0.260
 0.000 0.000 0.000 1.000)

6.127831935882568
(0.975 0.041 0.220 -0.002
 -0.181 0.727 0.662 0.642
 -0.133 -0.685 0.716 0.259
 0.000 0.000 0.000 1.000)

6.144600868225098
(0.978 0.042 0.205 0.001
 -0.171 0.725 0.667 0.640
 -0.121 -0.687 0.716 0.257
 0.000 0.000 0.000 1.000)

6.161194801330566
(0.980 0.039 0.193 0.005
 -0.161 0.728 0.666 0.638
 -0.115 -0.684 0.720 0.254
 0.000 0.000 0.000 1.000)

6.177861213684082
(0.982 0.036 0.184 0.008
 -0.151 0.731 0.665 0.637
 -0.110 -0.681 0.724 0.250
 0.000 0.000 0.000 1.000)

6.210269927978516
(0.984 0.033 0.176 0.012
 -0.142 0.737 0.661 0.636
 -0.108 -0.675 0.730 0.247
 0.000 0.000 0.000 1.000)

6.227962017059326
(0.986 0.028 0.165 0.015
 -0.131 0.744 0.656 0.635
 -0.104 -0.668 0.737 0.243
 0.000 0.000 0.000 1.000)

6.244552135467529
(0.988 0.021 0.153 0.018
 -0.117 0.751 0.650 0.634
 -0.101 -0.660 0.744 0.239
 0.000 0.000 0.000 1.000)

6.261285781860352
(0.990 0.013 0.142 0.021
 -0.103 0.756 0.646 0.633
 -0.099 -0.654 0.750 0.234
 0.000 0.000 0.000 1.000)

6.2779130935668945
(0.991 0.002 0.130 0.024
 -0.086 0.760 0.644 0.632
 -0.098 -0.650 0.753 0.230
 0.000 0.000 0.000 1.000)

6.294579982757568
(0.993 -0.015 0.120 0.027
 -0.066 0.764 0.642 0.631
 -0.102 -0.645 0.758 0.225
 0.000 0.000 0.000 1.000)

6.3112592697143555
(0.993 -0.035 0.112 0.029
 -0.045 0.771 0.635 0.630
 -0.108 -0.636 0.764 0.220
 0.000 0.000 0.000 1.000)

6.327933311462402
(0.992 -0.083 0.098 0.033
 0.006 0.791 0.612 0.630
 -0.128 -0.606 0.785 0.209
 0.000 0.000 0.000 1.000)

6.344609260559082
(0.990 -0.108 0.093 0.035
 0.031 0.801 0.598 0.631
 -0.139 -0.589 0.796 0.203
 0.000 0.000 0.000 1.000)

6.361302375793457
(0.987 -0.131 0.090 0.036
 0.055 0.810 0.584 0.632
 -0.149 -0.572 0.807 0.197
 0.000 0.000 0.000 1.000)

6.377936363220215
(0.985 -0.151 0.089 0.036
 0.073 0.816 0.573 0.634
 -0.159 -0.558 0.815 0.191
 0.000 0.000 0.000 1.000)

6.394649982452393
(0.982 -0.167 0.088 0.036
 0.088 0.819 0.567 0.636
 -0.167 -0.549 0.819 0.184
 0.000 0.000 0.000 1.000)

6.411340713500977
(0.981 -0.177 0.086 0.035
 0.098 0.820 0.564 0.639
 -0.170 -0.545 0.821 0.178
 0.000 0.000 0.000 1.000)

6.443745136260986
(0.980 -0.180 0.084 0.033
 0.102 0.821 0.562 0.643
 -0.170 -0.542 0.823 0.171
 0.000 0.000 0.000 1.000)

6.461329936981201
(0.981 -0.177 0.083 0.030
 0.101 0.825 0.557 0.647
 -0.167 -0.537 0.827 0.164
 0.000 0.000 0.000 1.000)

6.478034973144531
(0.982 -0.168 0.083 0.027
 0.096 0.831 0.547 0.654
 -0.161 -0.530 0.833 0.155
 0.000 0.000 0.000 1.000)

6.494710922241211
(0.985 -0.152 0.083 0.024
 0.085 0.841 0.535 0.661
 -0.151 -0.519 0.841 0.146
 0.000 0.000 0.000 1.000)

6.51139497756958
(0.988 -0.130 0.085 0.019
 0.068 0.853 0.518 0.670
 -0.140 -0.506 0.851 0.136
 0.000 0.000 0.000 1.000)

6.528106689453125
(0.991 -0.100 0.088 0.015
 0.043 0.866 0.498 0.681
 -0.126 -0.490 0.863 0.126
 0.000 0.000 0.000 1.000)

6.544765949249268
(0.994 -0.066 0.088 0.010
 0.016 0.880 0.475 0.693
 -0.109 -0.471 0.875 0.114
 0.000 0.000 0.000 1.000)

6.561434745788574
(0.996 -0.032 0.085 0.006
 -0.010 0.891 0.454 0.705
 -0.091 -0.453 0.887 0.102
 0.000 0.000 0.000 1.000)

6.57810115814209
(0.997 0.032 0.070 0.000
 -0.060 0.898 0.436 0.731
 -0.049 -0.439 0.897 0.079
 0.000 0.000 0.000 1.000)

6.594756126403809
(0.996 0.067 0.057 -0.001
 -0.086 0.893 0.441 0.744
 -0.021 -0.445 0.895 0.067
 0.000 0.000 0.000 1.000)

6.611419677734375
(0.994 0.104 0.045 -0.002
 -0.113 0.887 0.449 0.758
 0.007 -0.451 0.893 0.055
 0.000 0.000 0.000 1.000)

6.628137111663818
(0.990 0.139 0.035 -0.001
 -0.140 0.882 0.451 0.772
 0.031 -0.451 0.892 0.043
 0.000 0.000 0.000 1.000)

6.644814968109131
(0.985 0.168 0.031 0.002
 -0.165 0.880 0.445 0.786
 0.048 -0.443 0.895 0.031
 0.000 0.000 0.000 1.000)

6.661471366882324
(0.981 0.193 0.027 0.005
 -0.186 0.884 0.429 0.800
 0.059 -0.426 0.903 0.019
 0.000 0.000 0.000 1.000)

6.69389533996582
(0.977 0.214 0.024 0.010
 -0.205 0.889 0.409 0.815
 0.066 -0.404 0.912 0.006
 0.000 0.000 0.000 1.000)

6.711529731750488
(0.973 0.230 0.021 0.017
 -0.221 0.897 0.383 0.829
 0.070 -0.378 0.923 -0.007
 0.000 0.000 0.000 1.000)

6.728259086608887
(0.969 0.245 0.014 0.024
 -0.234 0.905 0.354 0.842
 0.074 -0.347 0.935 -0.020
 0.000 0.000 0.000 1.000)

6.7448530197143555
(0.966 0.258 0.006 0.033
 -0.246 0.914 0.321 0.854
 0.077 -0.312 0.947 -0.033
 0.000 0.000 0.000 1.000)

6.761552810668945
(0.963 0.268 -0.008 0.043
 -0.254 0.923 0.289 0.865
 0.084 -0.276 0.957 -0.046
 0.000 0.000 0.000 1.000)

6.778263092041016
(0.961 0.276 -0.027 0.055
 -0.260 0.930 0.260 0.874
 0.097 -0.243 0.965 -0.059
 0.000 0.000 0.000 1.000)

6.794861793518066
(0.959 0.280 -0.052 0.067
 -0.260 0.935 0.239 0.880
 0.116 -0.216 0.970 -0.071
 0.000 0.000 0.000 1.000)

6.811559677124023
(0.954 0.279 -0.113 0.094
 -0.250 0.944 0.215 0.887
 0.167 -0.177 0.970 -0.092
 0.000 0.000 0.000 1.000)

6.828220367431641
(0.951 0.272 -0.146 0.107
 -0.239 0.949 0.207 0.889
 0.195 -0.162 0.967 -0.100
 0.000 0.000 0.000 1.000)

6.844936370849609
(0.949 0.261 -0.178 0.120
 -0.225 0.953 0.202 0.889
 0.222 -0.152 0.963 -0.108
 0.000 0.000 0.000 1.000)

6.861680030822754
(0.947 0.248 -0.205 0.133
 -0.208 0.958 0.197 0.888
 0.245 -0.144 0.959 -0.114
 0.000 0.000 0.000 1.000)

6.878276824951172
(0.947 0.229 -0.227 0.145
 -0.188 0.964 0.188 0.888
 0.261 -0.135 0.956 -0.119
 0.000 0.000 0.000 1.000)

6.895021915435791
(0.946 0.207 -0.248 0.156
 -0.167 0.971 0.173 0.887
 0.276 -0.123 0.953 -0.122
 0.000 0.000 0.000 1.000)

6.911656379699707
(0.945 0.183 -0.271 0.166
 -0.145 0.977 0.157 0.886
 0.294 -0.109 0.950 -0.124
 0.000 0.000 0.000 1.000)

6.9440460205078125
(0.941 0.165 -0.295 0.175
 -0.128 0.982 0.142 0.884
 0.314 -0.096 0.945 -0.124
 0.000 0.000 0.000 1.000)

6.961688041687012
(0.935 0.158 -0.319 0.182
 -0.121 0.983 0.135 0.882
 0.335 -0.088 0.938 -0.122
 0.000 0.000 0.000 1.000)

6.978353977203369
(0.926 0.166 -0.339 0.188
 -0.126 0.983 0.137 0.879
 0.356 -0.084 0.931 -0.118
 0.000 0.000 0.000 1.000)

6.995037078857422
(0.915 0.189 -0.356 0.192
 -0.144 0.978 0.150 0.874
 0.377 -0.086 0.922 -0.113
 0.000 0.000 0.000 1.000)

7.011763095855713
(0.904 0.223 -0.365 0.194
 -0.169 0.970 0.173 0.869
 0.393 -0.095 0.915 -0.107
 0.000 0.000 0.000 1.000)

7.028388977050781
(0.893 0.261 -0.367 0.194
 -0.197 0.959 0.203 0.863
 0.405 -0.109 0.908 -0.098
 0.000 0.000 0.000 1.000)

7.045160293579102
(0.884 0.296 -0.361 0.193
 -0.221 0.947 0.234 0.856
 0.411 -0.127 0.903 -0.089
 0.000 0.000 0.000 1.000)

7.061701774597168
(0.882 0.327 -0.339 0.187
 -0.241 0.932 0.272 0.840
 0.405 -0.158 0.901 -0.067
 0.000 0.000 0.000 1.000)

7.078469276428223
(0.889 0.321 -0.326 0.182
 -0.234 0.931 0.280 0.832
 0.394 -0.172 0.903 -0.055
 0.000 0.000 0.000 1.000)

7.095083236694336
(0.902 0.302 -0.309 0.176
 -0.217 0.935 0.281 0.824
 0.374 -0.187 0.908 -0.042
 0.000 0.000 0.000 1.000)

7.11175012588501
(0.918 0.271 -0.291 0.169
 -0.190 0.942 0.278 0.816
 0.350 -0.200 0.915 -0.029
 0.000 0.000 0.000 1.000)

7.128472328186035
(0.934 0.232 -0.271 0.161
 -0.157 0.949 0.274 0.807
 0.321 -0.213 0.923 -0.015
 0.000 0.000 0.000 1.000)

7.145122051239014
(0.949 0.194 -0.247 0.153
 -0.124 0.954 0.272 0.799
 0.288 -0.228 0.930 -0.001
 0.000 0.000 0.000 1.000)

7.177524089813232
(0.963 0.157 -0.219 0.145
 -0.093 0.957 0.274 0.790
 0.253 -0.243 0.936 0.013
 0.000 0.000 0.000 1.000)

7.195163726806641
(0.974 0.121 -0.190 0.136
 -0.064 0.957 0.282 0.781
 0.216 -0.263 0.940 0.028
 0.000 0.000 0.000 1.000)

7.211874961853027
(0.983 0.087 -0.160 0.126
 -0.036 0.954 0.298 0.772
