57.058929443359375
(0.581 -0.200 -0.789 -1.005
 -0.128 0.935 -0.331 0.904
 0.804 0.294 0.517 1.854
 0.000 0.000 0.000 1.000)

57.07720184326172
(0.604 -0.216 -0.767 -1.007
 -0.112 0.930 -0.350 0.911
 0.789 0.297 0.538 1.849
 0.000 0.000 0.000 1.000)

57.09328079223633
(0.621 -0.221 -0.752 -1.009
 -0.092 0.932 -0.350 0.917
 0.778 0.286 0.559 1.845
 0.000 0.000 0.000 1.000)

57.125640869140625
(0.630 -0.226 -0.743 -1.012
 -0.068 0.937 -0.342 0.924
 0.774 0.266 0.574 1.843
 0.000 0.000 0.000 1.000)

57.143341064453125
(0.620 -0.236 -0.748 -1.014
 -0.058 0.937 -0.344 0.928
 0.782 0.257 0.567 1.843
 0.000 0.000 0.000 1.000)

57.15993118286133
(0.606 -0.241 -0.758 -1.017
 -0.053 0.938 -0.341 0.933
 0.794 0.247 0.555 1.844
 0.000 0.000 0.000 1.000)

57.176734924316406
(0.578 -0.248 -0.777 -1.020
 -0.069 0.934 -0.349 0.936
 0.813 0.256 0.523 1.847
 0.000 0.000 0.000 1.000)

57.19332504272461
(0.536 -0.246 -0.807 -1.024
 -0.105 0.930 -0.353 0.937
 0.837 0.274 0.473 1.852
 0.000 0.000 0.000 1.000)

57.21001434326172
(0.482 -0.239 -0.843 -1.028
 -0.168 0.919 -0.356 0.935
 0.860 0.314 0.402 1.858
 0.000 0.000 0.000 1.000)

57.22669219970703
(0.358 -0.228 -0.905 -1.036
 -0.316 0.883 -0.348 0.927
 0.879 0.411 0.244 1.871
 0.000 0.000 0.000 1.000)

57.243316650390625
(0.289 -0.230 -0.929 -1.041
 -0.384 0.861 -0.333 0.921
 0.877 0.453 0.161 1.877
 0.000 0.000 0.000 1.000)

57.259971618652344
(0.219 -0.235 -0.947 -1.046
 -0.455 0.834 -0.312 0.914
 0.863 0.500 0.076 1.883
 0.000 0.000 0.000 1.000)

57.2767219543457
(0.157 -0.227 -0.961 -1.054
 -0.510 0.815 -0.276 0.906
 0.846 0.534 0.012 1.889
 0.000 0.000 0.000 1.000)

57.293426513671875
(0.099 -0.232 -0.968 -1.061
 -0.567 0.786 -0.247 0.898
 0.818 0.573 -0.054 1.894
 0.000 0.000 0.000 1.000)

57.310115814208984
(0.045 -0.255 -0.966 -1.066
 -0.625 0.747 -0.226 0.890
 0.779 0.614 -0.126 1.899
 0.000 0.000 0.000 1.000)

57.3267936706543
(0.010 -0.284 -0.959 -1.072
 -0.670 0.710 -0.218 0.884
 0.742 0.645 -0.183 1.906
 0.000 0.000 0.000 1.000)

57.3433723449707
(-0.017 -0.314 -0.949 -1.079
 -0.693 0.689 -0.215 0.877
 0.721 0.654 -0.229 1.913
 0.000 0.000 0.000 1.000)

57.375797271728516
(-0.031 -0.320 -0.947 -1.084
 -0.692 0.690 -0.211 0.873
 0.721 0.649 -0.242 1.921
 0.000 0.000 0.000 1.000)

57.39350891113281
(-0.043 -0.311 -0.950 -1.089
 -0.676 0.708 -0.201 0.871
 0.735 0.634 -0.241 1.929
 0.000 0.000 0.000 1.000)

57.410179138183594
(-0.051 -0.312 -0.949 -1.091
 -0.667 0.718 -0.200 0.870
 0.743 0.623 -0.245 1.933
 0.000 0.000 0.000 1.000)

57.426815032958984
(-0.061 -0.307 -0.950 -1.092
 -0.660 0.726 -0.192 0.871
 0.749 0.615 -0.246 1.935
 0.000 0.000 0.000 1.000)

57.44349670410156
(-0.070 -0.295 -0.953 -1.092
 -0.648 0.740 -0.182 0.872
 0.758 0.605 -0.243 1.937
 0.000 0.000 0.000 1.000)

57.46009826660156
(-0.078 -0.288 -0.955 -1.090
 -0.649 0.741 -0.170 0.876
 0.756 0.606 -0.245 1.941
 0.000 0.000 0.000 1.000)

57.476890563964844
(-0.078 -0.274 -0.959 -1.087
 -0.645 0.747 -0.161 0.879
 0.760 0.606 -0.235 1.941
 0.000 0.000 0.000 1.000)

57.49351501464844
(-0.076 -0.266 -0.961 -1.085
 -0.636 0.755 -0.159 0.883
 0.768 0.599 -0.226 1.943
 0.000 0.000 0.000 1.000)

57.51020812988281
(-0.071 -0.251 -0.965 -1.082
 -0.636 0.757 -0.150 0.887
 0.768 0.604 -0.214 1.943
 0.000 0.000 0.000 1.000)

58.54316329956055
(0.152 -0.721 -0.676 -0.583
 0.444 0.661 -0.605 1.212
 0.883 -0.208 0.420 1.951
 0.000 0.000 0.000 1.000)

58.560821533203125
(0.160 -0.736 -0.658 -0.574
 0.450 0.648 -0.615 1.216
 0.879 -0.197 0.435 1.942
 0.000 0.000 0.000 1.000)

58.593196868896484
(0.174 -0.741 -0.648 -0.566
 0.462 0.643 -0.611 1.220
 0.870 -0.193 0.454 1.933
 0.000 0.000 0.000 1.000)

58.61086654663086
(0.188 -0.749 -0.636 -0.558
 0.477 0.635 -0.607 1.223
 0.859 -0.189 0.477 1.926
 0.000 0.000 0.000 1.000)

58.62752914428711
(0.207 -0.751 -0.627 -0.551
 0.493 0.634 -0.596 1.227
 0.845 -0.186 0.501 1.918
 0.000 0.000 0.000 1.000)

58.64414596557617
(0.223 -0.752 -0.620 -0.544
 0.506 0.633 -0.586 1.231
 0.833 -0.184 0.522 1.911
 0.000 0.000 0.000 1.000)

58.66088104248047
(0.250 -0.764 -0.595 -0.530
 0.512 0.626 -0.588 1.240
 0.822 -0.158 0.547 1.898
 0.000 0.000 0.000 1.000)

58.67758560180664
(0.264 -0.767 -0.584 -0.524
 0.516 0.624 -0.587 1.245
 0.815 -0.147 0.561 1.892
 0.000 0.000 0.000 1.000)

58.6942253112793
(0.278 -0.775 -0.568 -0.518
 0.518 0.619 -0.591 1.250
 0.809 -0.130 0.573 1.886
 0.000 0.000 0.000 1.000)

58.710906982421875
(0.287 -0.782 -0.554 -0.513
 0.530 0.611 -0.588 1.256
 0.798 -0.124 0.590 1.880
 0.000 0.000 0.000 1.000)

58.7275390625
(0.292 -0.792 -0.536 -0.509
 0.531 0.600 -0.598 1.263
 0.796 -0.110 0.595 1.875
 0.000 0.000 0.000 1.000)

58.74418640136719
(0.291 -0.806 -0.516 -0.506
 0.530 0.584 -0.615 1.270
 0.797 -0.094 0.597 1.869
 0.000 0.000 0.000 1.000)

58.76094055175781
(0.291 -0.811 -0.507 -0.503
 0.543 0.577 -0.610 1.278
 0.787 -0.098 0.609 1.865
 0.000 0.000 0.000 1.000)

58.77763748168945
(0.291 -0.818 -0.496 -0.500
 0.553 0.567 -0.611 1.286
 0.781 -0.096 0.617 1.860
 0.000 0.000 0.000 1.000)

58.794315338134766
(0.289 -0.825 -0.485 -0.498
 0.556 0.557 -0.617 1.294
 0.779 -0.091 0.620 1.855
 0.000 0.000 0.000 1.000)

58.82667541503906
(0.285 -0.834 -0.473 -0.495
 0.554 0.546 -0.629 1.301
 0.782 -0.083 0.618 1.850
 0.000 0.000 0.000 1.000)

58.84431838989258
(0.279 -0.848 -0.451 -0.492
 0.538 0.528 -0.658 1.309
 0.796 -0.059 0.603 1.846
 0.000 0.000 0.000 1.000)

58.86103439331055
(0.282 -0.851 -0.444 -0.488
 0.517 0.525 -0.677 1.315
 0.808 -0.038 0.588 1.842
 0.000 0.000 0.000 1.000)

58.87770462036133
(0.290 -0.851 -0.438 -0.483
 0.494 0.526 -0.692 1.321
 0.819 -0.016 0.573 1.838
 0.000 0.000 0.000 1.000)

58.89433670043945
(0.307 -0.846 -0.437 -0.476
 0.471 0.534 -0.702 1.326
 0.827 0.010 0.562 1.834
 0.000 0.000 0.000 1.000)

58.91106414794922
(0.362 -0.826 -0.431 -0.460
 0.394 0.555 -0.733 1.337
 0.845 0.096 0.526 1.824
 0.000 0.000 0.000 1.000)

58.92771911621094
(0.406 -0.808 -0.427 -0.450
 0.358 0.570 -0.739 1.342
 0.841 0.148 0.521 1.817
 0.000 0.000 0.000 1.000)

58.94431686401367
(0.453 -0.788 -0.418 -0.440
 0.320 0.581 -0.748 1.348
 0.832 0.205 0.515 1.809
 0.000 0.000 0.000 1.000)

58.961177825927734
(0.500 -0.765 -0.407 -0.430
 0.287 0.589 -0.755 1.353
 0.817 0.261 0.514 1.800
 0.000 0.000 0.000 1.000)

58.977806091308594
(0.544 -0.740 -0.396 -0.421
 0.263 0.598 -0.757 1.359
 0.797 0.307 0.520 1.792
 0.000 0.000 0.000 1.000)

58.994468688964844
(0.581 -0.716 -0.387 -0.413
 0.256 0.612 -0.748 1.363
 0.773 0.335 0.539 1.783
 0.000 0.000 0.000 1.000)

59.011165618896484
(0.608 -0.701 -0.374 -0.406
 0.247 0.614 -0.750 1.368
 0.755 0.364 0.546 1.773
 0.000 0.000 0.000 1.000)

59.027809143066406
(0.625 -0.687 -0.370 -0.400
 0.245 0.623 -0.743 1.372
 0.741 0.374 0.558 1.764
 0.000 0.000 0.000 1.000)

59.044715881347656
(0.637 -0.675 -0.371 -0.395
 0.251 0.637 -0.729 1.376
 0.729 0.371 0.576 1.756
 0.000 0.000 0.000 1.000)

59.07687759399414
(0.648 -0.662 -0.377 -0.392
 0.262 0.658 -0.706 1.379
 0.715 0.359 0.600 1.748
 0.000 0.000 0.000 1.000)

59.09447479248047
(0.657 -0.652 -0.379 -0.389
 0.265 0.671 -0.692 1.381
 0.706 0.354 0.614 1.740
 0.000 0.000 0.000 1.000)

59.11118698120117
(0.666 -0.644 -0.377 -0.388
 0.265 0.676 -0.687 1.383
 0.698 0.357 0.621 1.732
 0.000 0.000 0.000 1.000)

59.12786102294922
(0.679 -0.634 -0.370 -0.387
 0.269 0.684 -0.678 1.385
 0.683 0.361 0.635 1.725
 0.000 0.000 0.000 1.000)

59.14476013183594
(0.704 -0.624 -0.339 -0.388
 0.266 0.675 -0.688 1.388
 0.658 0.395 0.641 1.713
 0.000 0.000 0.000 1.000)

59.161163330078125
(0.715 -0.616 -0.331 -0.390
 0.269 0.679 -0.683 1.387
 0.645 0.400 0.651 1.709
 0.000 0.000 0.000 1.000)

59.1779670715332
(0.719 -0.614 -0.326 -0.391
 0.260 0.673 -0.693 1.386
 0.645 0.413 0.643 1.705
 0.000 0.000 0.000 1.000)

59.19463348388672
(0.722 -0.609 -0.329 -0.393
 0.260 0.679 -0.687 1.384
 0.642 0.410 0.648 1.703
 0.000 0.000 0.000 1.000)

59.211273193359375
(0.720 -0.610 -0.332 -0.395
 0.248 0.672 -0.697 1.382
 0.648 0.419 0.635 1.701
 0.000 0.000 0.000 1.000)

59.22792053222656
(0.721 -0.605 -0.338 -0.396
 0.246 0.680 -0.691 1.378
 0.648 0.415 0.639 1.701
 0.000 0.000 0.000 1.000)

59.24466323852539
(0.722 -0.598 -0.347 -0.396
 0.232 0.682 -0.694 1.374
 0.652 0.421 0.631 1.700
 0.000 0.000 0.000 1.000)

59.26133728027344
(0.727 -0.587 -0.356 -0.396
 0.219 0.690 -0.690 1.370
 0.651 0.423 0.630 1.700
 0.000 0.000 0.000 1.000)

59.27799606323242
(0.733 -0.574 -0.365 -0.395
 0.198 0.693 -0.693 1.367
 0.651 0.436 0.622 1.699
 0.000 0.000 0.000 1.000)

59.2946662902832
(0.740 -0.558 -0.375 -0.393
 0.170 0.694 -0.700 1.363
 0.651 0.454 0.609 1.698
 0.000 0.000 0.000 1.000)

59.3270263671875
(0.749 -0.543 -0.380 -0.390
 0.141 0.691 -0.709 1.360
 0.647 0.478 0.594 1.697
 0.000 0.000 0.000 1.000)

59.34466552734375
(0.762 -0.519 -0.387 -0.387
 0.117 0.698 -0.706 1.357
 0.637 0.493 0.593 1.694
 0.000 0.000 0.000 1.000)

59.36139678955078
(0.782 -0.489 -0.388 -0.382
 0.101 0.712 -0.695 1.355
 0.616 0.504 0.606 1.691
 0.000 0.000 0.000 1.000)

59.3780632019043
(0.802 -0.459 -0.382 -0.376
 0.087 0.723 -0.685 1.353
 0.591 0.516 0.620 1.686
 0.000 0.000 0.000 1.000)

59.394737243652344
(0.849 -0.400 -0.344 -0.362
 0.077 0.739 -0.669 1.355
 0.522 0.542 0.659 1.674
 0.000 0.000 0.000 1.000)

59.411373138427734
(0.876 -0.371 -0.310 -0.354
 0.088 0.754 -0.651 1.358
 0.475 0.543 0.693 1.668
 0.000 0.000 0.000 1.000)

59.42799377441406
(0.898 -0.347 -0.269 -0.345
 0.105 0.765 -0.636 1.363
 0.427 0.543 0.723 1.662
 0.000 0.000 0.000 1.000)

59.44477844238281
(0.915 -0.330 -0.232 -0.335
 0.121 0.773 -0.623 1.370
 0.385 0.542 0.747 1.656
 0.000 0.000 0.000 1.000)

59.46136474609375
(0.925 -0.320 -0.203 -0.325
 0.138 0.785 -0.604 1.376
 0.353 0.531 0.770 1.651
 0.000 0.000 0.000 1.000)

59.47813034057617
(0.931 -0.316 -0.184 -0.314
 0.152 0.791 -0.592 1.384
 0.332 0.523 0.785 1.647
 0.000 0.000 0.000 1.000)

59.49477767944336
(0.934 -0.315 -0.170 -0.303
 0.165 0.799 -0.578 1.391
 0.318 0.512 0.798 1.644
 0.000 0.000 0.000 1.000)

59.51144027709961
(0.934 -0.318 -0.165 -0.293
 0.178 0.811 -0.558 1.398
 0.311 0.491 0.814 1.643
 0.000 0.000 0.000 1.000)

59.52808380126953
(0.931 -0.328 -0.160 -0.282
 0.195 0.817 -0.543 1.405
 0.309 0.475 0.824 1.642
 0.000 0.000 0.000 1.000)

59.560508728027344
(0.929 -0.335 -0.156 -0.274
 0.209 0.825 -0.524 1.412
 0.305 0.454 0.837 1.643
 0.000 0.000 0.000 1.000)

59.57986068725586
(0.928 -0.341 -0.152 -0.266
 0.220 0.828 -0.515 1.420
 0.302 0.445 0.843 1.644
 0.000 0.000 0.000 1.000)

59.594871520996094
(0.927 -0.346 -0.143 -0.261
 0.228 0.823 -0.520 1.427
 0.298 0.449 0.842 1.645
 0.000 0.000 0.000 1.000)

59.61149597167969
(0.928 -0.346 -0.137 -0.257
 0.225 0.815 -0.534 1.434
 0.296 0.465 0.834 1.648
 0.000 0.000 0.000 1.000)

59.628170013427734
(0.930 -0.342 -0.137 -0.256
 0.205 0.789 -0.579 1.444
 0.306 0.510 0.804 1.653
 0.000 0.000 0.000 1.000)

59.644874572753906
(0.931 -0.337 -0.141 -0.258
 0.191 0.778 -0.598 1.448
 0.311 0.530 0.789 1.655
 0.000 0.000 0.000 1.000)

59.6616096496582
(0.933 -0.330 -0.144 -0.263
 0.176 0.766 -0.618 1.450
 0.314 0.551 0.773 1.657
 0.000 0.000 0.000 1.000)

59.67827224731445
(0.935 -0.328 -0.137 -0.269
 0.172 0.754 -0.634 1.452
 0.311 0.569 0.761 1.658
 0.000 0.000 0.000 1.000)

59.694942474365234
(0.937 -0.327 -0.123 -0.277
 0.176 0.746 -0.642 1.452
 0.302 0.580 0.757 1.660
 0.000 0.000 0.000 1.000)

59.71154022216797
(0.940 -0.326 -0.101 -0.287
 0.186 0.737 -0.650 1.452
 0.286 0.592 0.753 1.660
 0.000 0.000 0.000 1.000)

59.72814178466797
(0.945 -0.320 -0.074 -0.299
 0.195 0.727 -0.658 1.450
 0.264 0.607 0.749 1.661
 0.000 0.000 0.000 1.000)

59.74495315551758
(0.949 -0.312 -0.044 -0.312
 0.204 0.716 -0.667 1.446
 0.240 0.624 0.744 1.661
 0.000 0.000 0.000 1.000)

59.761627197265625
(0.955 -0.296 -0.012 -0.328
 0.210 0.707 -0.675 1.441
 0.208 0.642 0.738 1.662
 0.000 0.000 0.000 1.000)

59.7783088684082
(0.962 -0.274 0.015 -0.344
 0.210 0.700 -0.683 1.433
 0.176 0.660 0.731 1.665
 0.000 0.000 0.000 1.000)

59.81066131591797
(0.968 -0.248 0.038 -0.360
 0.206 0.697 -0.687 1.424
 0.144 0.673 0.726 1.669
 0.000 0.000 0.000 1.000)

59.82835388183594
(0.973 -0.223 0.051 -0.375
 0.196 0.696 -0.691 1.413
 0.119 0.683 0.721 1.673
 0.000 0.000 0.000 1.000)

59.845054626464844
(0.977 -0.207 0.057 -0.389
 0.188 0.697 -0.692 1.402
 0.104 0.687 0.720 1.679
 0.000 0.000 0.000 1.000)

59.861724853515625
(0.980 -0.196 0.046 -0.401
 0.172 0.699 -0.694 1.391
 0.104 0.687 0.719 1.686
 0.000 0.000 0.000 1.000)

59.878353118896484
(0.981 -0.192 0.001 -0.419
 0.139 0.707 -0.693 1.369
 0.133 0.681 0.721 1.702
 0.000 0.000 0.000 1.000)

59.89506149291992
(0.981 -0.192 -0.031 -0.426
 0.117 0.709 -0.696 1.360
 0.156 0.679 0.718 1.711
 0.000 0.000 0.000 1.000)

59.91167449951172
(0.979 -0.192 -0.075 -0.432
 0.083 0.699 -0.710 1.351
 0.189 0.689 0.700 1.720
 0.000 0.000 0.000 1.000)

59.92836380004883
(0.974 -0.195 -0.117 -0.437
 0.053 0.696 -0.716 1.343
 0.221 0.691 0.688 1.728
 0.000 0.000 0.000 1.000)

59.945064544677734
(0.968 -0.197 -0.153 -0.442
 0.028 0.695 -0.718 1.335
 0.248 0.691 0.678 1.736
 0.000 0.000 0.000 1.000)

59.961761474609375
(0.962 -0.204 -0.179 -0.446
 0.011 0.690 -0.724 1.329
 0.271 0.694 0.666 1.743
 0.000 0.000 0.000 1.000)

59.978355407714844
(0.957 -0.211 -0.200 -0.450
 -0.002 0.684 -0.730 1.323
 0.290 0.699 0.654 1.749
 0.000 0.000 0.000 1.000)

59.99508285522461
(0.953 -0.219 -0.212 -0.453
 -0.005 0.683 -0.730 1.317
 0.304 0.696 0.650 1.754
 0.000 0.000 0.000 1.000)

60.012001037597656
(0.950 -0.225 -0.217 -0.456
 -0.004 0.686 -0.728 1.312
 0.312 0.693 0.650 1.758
 0.000 0.000 0.000 1.000)

60.04413986206055
(0.948 -0.231 -0.218 -0.458
 -0.001 0.684 -0.730 1.308
 0.318 0.692 0.648 1.761
 0.000 0.000 0.000 1.000)

60.061851501464844
(0.945 -0.239 -0.223 -0.459
 0.003 0.688 -0.726 1.303
 0.327 0.685 0.651 1.764
 0.000 0.000 0.000 1.000)

60.07841110229492
(0.942 -0.246 -0.227 -0.460
 0.007 0.691 -0.722 1.298
 0.335 0.679 0.653 1.767
 0.000 0.000 0.000 1.000)

60.09517288208008
(0.939 -0.249 -0.239 -0.461
 0.001 0.693 -0.721 1.293
 0.345 0.676 0.651 1.769
 0.000 0.000 0.000 1.000)

60.11182403564453
(0.929 -0.251 -0.270 -0.459
 -0.020 0.696 -0.718 1.283
 0.369 0.672 0.642 1.772
 0.000 0.000 0.000 1.000)

60.128639221191406
(0.923 -0.252 -0.290 -0.458
 -0.041 0.687 -0.726 1.279
 0.382 0.682 0.624 1.773
 0.000 0.000 0.000 1.000)

60.1451416015625
(0.918 -0.251 -0.307 -0.456
 -0.057 0.684 -0.727 1.274
 0.393 0.685 0.614 1.774
 0.000 0.000 0.000 1.000)

60.161869049072266
(0.913 -0.250 -0.322 -0.454
 -0.077 0.669 -0.739 1.269
 0.400 0.700 0.592 1.773
 0.000 0.000 0.000 1.000)

60.17851638793945
(0.911 -0.242 -0.334 -0.452
 -0.096 0.664 -0.742 1.264
 0.401 0.708 0.581 1.773
 0.000 0.000 0.000 1.000)

60.195213317871094
(0.910 -0.233 -0.343 -0.450
 -0.114 0.655 -0.747 1.259
 0.398 0.719 0.569 1.770
 0.000 0.000 0.000 1.000)

60.211875915527344
(0.909 -0.225 -0.351 -0.447
 -0.129 0.649 -0.750 1.255
 0.396 0.727 0.560 1.767
 0.000 0.000 0.000 1.000)

60.22878646850586
(0.910 -0.214 -0.355 -0.444
 -0.139 0.649 -0.748 1.250
 0.390 0.730 0.561 1.763
 0.000 0.000 0.000 1.000)

60.24518585205078
(0.911 -0.199 -0.360 -0.440
 -0.152 0.652 -0.743 1.245
 0.382 0.732 0.564 1.758
 0.000 0.000 0.000 1.000)

60.26186752319336
(0.911 -0.185 -0.367 -0.436
 -0.166 0.651 -0.740 1.241
 0.376 0.736 0.563 1.752
 0.000 0.000 0.000 1.000)

60.29429244995117
(0.912 -0.171 -0.373 -0.432
 -0.179 0.651 -0.737 1.236
 0.368 0.739 0.564 1.745
 0.000 0.000 0.000 1.000)

60.31193923950195
(0.914 -0.155 -0.375 -0.427
 -0.189 0.653 -0.733 1.233
 0.359 0.741 0.568 1.738
 0.000 0.000 0.000 1.000)

60.328643798828125
(0.918 -0.142 -0.371 -0.422
 -0.193 0.657 -0.729 1.229
 0.347 0.740 0.576 1.730
 0.000 0.000 0.000 1.000)

60.345359802246094
(0.920 -0.129 -0.369 -0.418
 -0.196 0.664 -0.721 1.226
 0.339 0.736 0.586 1.722
 0.000 0.000 0.000 1.000)

60.36203384399414
(0.930 -0.102 -0.353 -0.408
 -0.198 0.670 -0.716 1.220
 0.310 0.736 0.602 1.702
 0.000 0.000 0.000 1.000)

60.37871170043945
(0.936 -0.089 -0.342 -0.403
 -0.196 0.674 -0.712 1.217
 0.294 0.733 0.613 1.692
 0.000 0.000 0.000 1.000)

60.575130462646484
(0.971 -0.014 -0.238 -0.346
 -0.146 0.756 -0.638 1.150
 0.189 0.655 0.732 1.573
 0.000 0.000 0.000 1.000)

60.57635498046875
(0.973 -0.002 -0.230 -0.339
 -0.151 0.750 -0.644 1.140
 0.174 0.661 0.730 1.559
 0.000 0.000 0.000 1.000)

60.59302520751953
(0.975 0.007 -0.222 -0.333
 -0.151 0.753 -0.640 1.129
 0.162 0.658 0.735 1.546
 0.000 0.000 0.000 1.000)

60.60956573486328
(0.975 0.012 -0.220 -0.328
 -0.151 0.761 -0.631 1.116
 0.160 0.648 0.744 1.533
 0.000 0.000 0.000 1.000)

60.62632369995117
(0.977 0.011 -0.215 -0.323
 -0.143 0.776 -0.614 1.103
 0.160 0.630 0.760 1.520
 0.000 0.000 0.000 1.000)

60.642940521240234
(0.982 0.004 -0.189 -0.315
 -0.116 0.799 -0.590 1.074
 0.149 0.601 0.785 1.494
 0.000 0.000 0.000 1.000)

60.659610748291016
(0.985 0.007 -0.173 -0.313
 -0.109 0.799 -0.592 1.060
 0.135 0.602 0.787 1.481
 0.000 0.000 0.000 1.000)

60.67633056640625
(0.988 0.016 -0.156 -0.312
 -0.105 0.806 -0.583 1.044
 0.116 0.592 0.798 1.468
 0.000 0.000 0.000 1.000)

60.6931037902832
(0.989 0.034 -0.143 -0.312
 -0.111 0.810 -0.575 1.027
 0.097 0.585 0.805 1.455
 0.000 0.000 0.000 1.000)

60.709659576416016
(0.990 0.059 -0.130 -0.312
 -0.122 0.825 -0.552 1.009
 0.074 0.563 0.823 1.442
 0.000 0.000 0.000 1.000)

60.72637939453125
(0.988 0.093 -0.120 -0.314
 -0.143 0.837 -0.528 0.991
 0.051 0.539 0.841 1.430
 0.000 0.000 0.000 1.000)

60.74310302734375
(0.985 0.130 -0.112 -0.316
 -0.170 0.845 -0.508 0.973
 0.028 0.519 0.854 1.419
 0.000 0.000 0.000 1.000)

60.77545928955078
(0.980 0.168 -0.108 -0.319
 -0.199 0.849 -0.489 0.956
 0.010 0.501 0.865 1.408
 0.000 0.000 0.000 1.000)

60.79314041137695
(0.974 0.202 -0.101 -0.323
 -0.226 0.857 -0.463 0.940
 -0.007 0.474 0.881 1.399
 0.000 0.000 0.000 1.000)

60.809791564941406
(0.968 0.232 -0.098 -0.326
 -0.251 0.865 -0.435 0.925
 -0.016 0.445 0.895 1.390
 0.000 0.000 0.000 1.000)

60.8264274597168
(0.961 0.259 -0.091 -0.329
 -0.274 0.870 -0.410 0.911
 -0.027 0.419 0.908 1.382
 0.000 0.000 0.000 1.000)

60.84303283691406
(0.954 0.285 -0.089 -0.332
 -0.296 0.873 -0.386 0.900
 -0.032 0.395 0.918 1.375
 0.000 0.000 0.000 1.000)

60.85980987548828
(0.949 0.306 -0.074 -0.334
 -0.312 0.878 -0.363 0.890
 -0.046 0.368 0.929 1.368
 0.000 0.000 0.000 1.000)

60.876461029052734
(0.940 0.336 -0.058 -0.336
 -0.334 0.875 -0.350 0.878
 -0.067 0.348 0.935 1.354
 0.000 0.000 0.000 1.000)

60.89324188232422
(0.940 0.338 -0.048 -0.335
 -0.334 0.879 -0.340 0.875
 -0.073 0.336 0.939 1.347
 0.000 0.000 0.000 1.000)

60.90995407104492
(0.942 0.333 -0.035 -0.332
 -0.325 0.884 -0.335 0.873
 -0.080 0.327 0.942 1.339
 0.000 0.000 0.000 1.000)

60.926700592041016
(0.947 0.320 -0.019 -0.328
 -0.309 0.894 -0.324 0.872
 -0.087 0.312 0.946 1.331
 0.000 0.000 0.000 1.000)

60.943180084228516
(0.953 0.304 0.001 -0.321
 -0.288 0.904 -0.315 0.873
 -0.096 0.300 0.949 1.323
 0.000 0.000 0.000 1.000)

60.959774017333984
(0.959 0.284 0.022 -0.313
 -0.264 0.915 -0.305 0.875
 -0.107 0.287 0.952 1.314
 0.000 0.000 0.000 1.000)

60.9764518737793
(0.964 0.263 0.044 -0.304
 -0.239 0.924 -0.298 0.878
 -0.119 0.276 0.954 1.305
 0.000 0.000 0.000 1.000)

60.993125915527344
(0.969 0.242 0.056 -0.292
 -0.216 0.931 -0.293 0.882
 -0.123 0.271 0.955 1.295
 0.000 0.000 0.000 1.000)

61.02558898925781
(0.973 0.225 0.061 -0.278
 -0.198 0.937 -0.287 0.887
 -0.122 0.267 0.956 1.285
 0.000 0.000 0.000 1.000)

61.043312072753906
(0.975 0.209 0.068 -0.263
 -0.183 0.942 -0.281 0.894
 -0.123 0.261 0.957 1.275
 0.000 0.000 0.000 1.000)

61.06013488769531
(0.978 0.196 0.066 -0.247
 -0.170 0.944 -0.284 0.902
 -0.118 0.267 0.957 1.266
 0.000 0.000 0.000 1.000)

61.07664108276367
(0.982 0.180 0.060 -0.229
 -0.156 0.945 -0.288 0.912
 -0.109 0.273 0.956 1.255
 0.000 0.000 0.000 1.000)

61.093223571777344
(0.985 0.163 0.051 -0.210
 -0.142 0.945 -0.294 0.923
 -0.096 0.282 0.955 1.245
 0.000 0.000 0.000 1.000)

61.1098518371582
(0.989 0.144 0.044 -0.190
 -0.125 0.947 -0.297 0.935
 -0.085 0.289 0.954 1.234
 0.000 0.000 0.000 1.000)

61.12651824951172
(0.993 0.115 0.031 -0.149
 -0.100 0.943 -0.317 0.964
 -0.066 0.312 0.948 1.212
 0.000 0.000 0.000 1.000)

61.14320755004883
(0.994 0.106 0.025 -0.128
 -0.092 0.938 -0.336 0.981
 -0.059 0.331 0.942 1.201
 0.000 0.000 0.000 1.000)

61.15990447998047
(0.995 0.094 0.019 -0.108
 -0.082 0.934 -0.348 0.999
 -0.050 0.345 0.937 1.190
 0.000 0.000 0.000 1.000)

61.176734924316406
(0.997 0.080 0.012 -0.087
 -0.070 0.933 -0.352 1.017
 -0.039 0.350 0.936 1.179
 0.000 0.000 0.000 1.000)

61.19355392456055
(0.998 0.068 0.004 -0.068
 -0.062 0.935 -0.349 1.036
 -0.028 0.348 0.937 1.169
 0.000 0.000 0.000 1.000)

61.21005630493164
(0.998 0.060 -0.004 -0.048
 -0.058 0.936 -0.346 1.055
 -0.018 0.346 0.938 1.158
 0.000 0.000 0.000 1.000)

61.22686767578125
(0.998 0.059 -0.007 -0.029
 -0.058 0.936 -0.347 1.075
 -0.014 0.347 0.938 1.148
 0.000 0.000 0.000 1.000)

61.24324417114258
(0.998 0.061 -0.009 -0.011
 -0.060 0.932 -0.357 1.096
 -0.013 0.357 0.934 1.138
 0.000 0.000 0.000 1.000)

61.27571487426758
(0.998 0.063 -0.005 0.007
 -0.060 0.929 -0.366 1.117
 -0.019 0.366 0.930 1.128
 0.000 0.000 0.000 1.000)

61.29325866699219
(0.998 0.061 0.006 0.024
 -0.054 0.924 -0.378 1.139
 -0.029 0.377 0.926 1.118
 0.000 0.000 0.000 1.000)

61.3099365234375
(0.998 0.052 0.024 0.040
 -0.038 0.920 -0.390 1.163
 -0.043 0.388 0.921 1.108
 0.000 0.000 0.000 1.000)

61.32663345336914
(0.998 0.032 0.052 0.055
 -0.008 0.919 -0.395 1.186
 -0.060 0.393 0.917 1.098
 0.000 0.000 0.000 1.000)

61.34328842163086
(0.996 0.002 0.088 0.069
 0.033 0.920 -0.390 1.209
 -0.082 0.391 0.917 1.089
 0.000 0.000 0.000 1.000)

61.359989166259766
(0.983 -0.067 0.169 0.096
 0.122 0.932 -0.341 1.253
 -0.135 0.356 0.925 1.071
 0.000 0.000 0.000 1.000)

61.376651763916016
(0.972 -0.102 0.214 0.109
 0.166 0.937 -0.308 1.273
 -0.169 0.335 0.927 1.063
 0.000 0.000 0.000 1.000)

61.393310546875
(0.957 -0.137 0.256 0.122
 0.209 0.937 -0.280 1.293
 -0.202 0.321 0.925 1.055
 0.000 0.000 0.000 1.000)

61.40999984741211
(0.941 -0.174 0.292 0.135
 0.251 0.935 -0.252 1.312
 -0.229 0.310 0.923 1.047
 0.000 0.000 0.000 1.000)

61.426700592041016
(0.925 -0.212 0.317 0.149
 0.292 0.929 -0.229 1.330
 -0.245 0.304 0.920 1.040
 0.000 0.000 0.000 1.000)

61.44351577758789
(0.910 -0.250 0.331 0.163
 0.330 0.920 -0.210 1.347
 -0.252 0.300 0.920 1.033
 0.000 0.000 0.000 1.000)

61.46004104614258
(0.896 -0.286 0.341 0.178
 0.364 0.911 -0.192 1.363
 -0.255 0.296 0.920 1.027
 0.000 0.000 0.000 1.000)

61.47665786743164
(0.882 -0.316 0.349 0.194
 0.394 0.901 -0.180 1.378
 -0.257 0.296 0.920 1.020
 0.000 0.000 0.000 1.000)

61.50917434692383
(0.868 -0.344 0.357 0.210
 0.421 0.892 -0.165 1.392
 -0.262 0.294 0.919 1.014
 0.000 0.000 0.000 1.000)

61.52667236328125
(0.854 -0.371 0.365 0.226
 0.447 0.882 -0.149 1.404
 -0.267 0.290 0.919 1.006
 0.000 0.000 0.000 1.000)

61.543277740478516
(0.840 -0.397 0.369 0.243
 0.469 0.873 -0.129 1.414
 -0.271 0.282 0.920 0.999
 0.000 0.000 0.000 1.000)

61.55995178222656
(0.825 -0.426 0.370 0.260
 0.493 0.863 -0.105 1.424
 -0.275 0.269 0.923 0.991
 0.000 0.000 0.000 1.000)

61.57677459716797
(0.814 -0.452 0.365 0.277
 0.513 0.854 -0.087 1.432
 -0.273 0.259 0.927 0.983
 0.000 0.000 0.000 1.000)

61.59339904785156
(0.806 -0.473 0.355 0.294
 0.528 0.846 -0.072 1.439
 -0.266 0.246 0.932 0.976
 0.000 0.000 0.000 1.000)

61.61021423339844
(0.812 -0.486 0.323 0.327
 0.533 0.843 -0.075 1.449
 -0.235 0.233 0.944 0.962
 0.000 0.000 0.000 1.000)

61.62671661376953
(0.827 -0.472 0.305 0.341
 0.520 0.849 -0.096 1.452
 -0.214 0.238 0.947 0.956
 0.000 0.000 0.000 1.000)

61.64332580566406
(0.849 -0.445 0.286 0.354
 0.494 0.860 -0.128 1.455
 -0.189 0.250 0.950 0.950
 0.000 0.000 0.000 1.000)

61.659950256347656
(0.874 -0.408 0.263 0.364
 0.459 0.871 -0.174 1.456
 -0.158 0.273 0.949 0.943
 0.000 0.000 0.000 1.000)

61.676658630371094
(0.901 -0.365 0.234 0.373
 0.415 0.881 -0.225 1.457
 -0.124 0.300 0.946 0.937
 0.000 0.000 0.000 1.000)

61.693359375
(0.926 -0.321 0.199 0.379
 0.367 0.889 -0.273 1.458
 -0.089 0.326 0.941 0.931
 0.000 0.000 0.000 1.000)

61.71016311645508
(0.947 -0.279 0.160 0.382
 0.317 0.894 -0.318 1.458
 -0.054 0.351 0.935 0.924
 0.000 0.000 0.000 1.000)

61.726829528808594
(0.964 -0.239 0.117 0.384
 0.265 0.896 -0.357 1.457
 -0.019 0.375 0.927 0.918
 0.000 0.000 0.000 1.000)

61.75930404663086
(0.978 -0.195 0.072 0.383
 0.208 0.897 -0.390 1.457
 0.012 0.396 0.918 0.911
 0.000 0.000 0.000 1.000)

61.77676010131836
(0.989 -0.148 0.027 0.379
 0.145 0.894 -0.425 1.456
 0.039 0.424 0.905 0.906
 0.000 0.000 0.000 1.000)

61.79341506958008
(0.994 -0.106 -0.014 0.373
 0.087 0.879 -0.468 1.456
 0.062 0.464 0.884 0.901
 0.000 0.000 0.000 1.000)

61.810035705566406
(0.996 -0.069 -0.048 0.364
 0.035 0.858 -0.512 1.456
 0.076 0.508 0.858 0.896
 0.000 0.000 0.000 1.000)

61.82677459716797
(0.997 -0.037 -0.075 0.353
 -0.011 0.833 -0.553 1.456
 0.083 0.551 0.830 0.891
 0.000 0.000 0.000 1.000)

61.8433952331543
(0.995 0.020 -0.101 0.329
 -0.077 0.789 -0.610 1.453
 0.068 0.615 0.786 0.880
 0.000 0.000 0.000 1.000)

61.860042572021484
(0.994 0.044 -0.100 0.316
 -0.097 0.780 -0.618 1.451
 0.051 0.624 0.780 0.873
 0.000 0.000 0.000 1.000)

61.876747131347656
(0.993 0.066 -0.094 0.302
 -0.110 0.781 -0.615 1.447
 0.033 0.621 0.783 0.866
 0.000 0.000 0.000 1.000)

61.8934211730957
(0.993 0.087 -0.083 0.288
 -0.119 0.787 -0.605 1.442
 0.013 0.611 0.791 0.859
 0.000 0.000 0.000 1.000)

61.91008377075195
(0.992 0.109 -0.070 0.273
 -0.129 0.790 -0.600 1.437
 -0.010 0.604 0.797 0.851
 0.000 0.000 0.000 1.000)

61.926780700683594
(0.989 0.136 -0.057 0.258
 -0.143 0.783 -0.605 1.431
 -0.037 0.606 0.794 0.843
 0.000 0.000 0.000 1.000)

61.943424224853516
(0.986 0.164 -0.042 0.243
 -0.155 0.773 -0.615 1.425
 -0.069 0.612 0.788 0.835
 0.000 0.000 0.000 1.000)

61.960174560546875
(0.982 0.187 -0.028 0.229
 -0.162 0.762 -0.627 1.419
 -0.096 0.620 0.778 0.826
 0.000 0.000 0.000 1.000)

61.99275207519531
(0.981 0.195 -0.010 0.214
 -0.157 0.756 -0.635 1.411
 -0.116 0.625 0.772 0.817
 0.000 0.000 0.000 1.000)

62.01027297973633
(0.982 0.189 0.013 0.200
 -0.138 0.762 -0.632 1.402
 -0.130 0.619 0.775 0.807
 0.000 0.000 0.000 1.000)

62.02684783935547
(0.984 0.172 0.048 0.186
 -0.106 0.779 -0.618 1.393
 -0.144 0.603 0.785 0.797
 0.000 0.000 0.000 1.000)

62.04360580444336
(0.984 0.157 0.084 0.173
 -0.076 0.794 -0.603 1.383
 -0.161 0.587 0.794 0.785
 0.000 0.000 0.000 1.000)

62.06017303466797
(0.982 0.147 0.119 0.161
 -0.049 0.805 -0.592 1.373
 -0.183 0.575 0.797 0.773
 0.000 0.000 0.000 1.000)

62.07685852050781
(0.979 0.142 0.144 0.149
 -0.029 0.803 -0.595 1.363
 -0.200 0.578 0.791 0.760
 0.000 0.000 0.000 1.000)

62.09355163574219
(0.975 0.127 0.184 0.125
 0.010 0.797 -0.604 1.340
 -0.223 0.591 0.775 0.732
 0.000 0.000 0.000 1.000)

62.110374450683594
(0.972 0.113 0.206 0.113
 0.032 0.806 -0.591 1.326
 -0.233 0.581 0.780 0.717
 0.000 0.000 0.000 1.000)

62.12702178955078
(0.967 0.101 0.232 0.101
 0.049 0.824 -0.565 1.311
 -0.248 0.558 0.792 0.702
 0.000 0.000 0.000 1.000)

62.143699645996094
(0.961 0.101 0.259 0.089
 0.055 0.843 -0.535 1.295
 -0.272 0.528 0.804 0.686
 0.000 0.000 0.000 1.000)

62.16028594970703
(0.951 0.123 0.284 0.077
 0.044 0.854 -0.518 1.279
 -0.306 0.505 0.807 0.670
 0.000 0.000 0.000 1.000)

62.17692565917969
(0.940 0.157 0.304 0.066
 0.022 0.859 -0.511 1.264
 -0.342 0.487 0.804 0.654
 0.000 0.000 0.000 1.000)

62.19356155395508
(0.928 0.192 0.320 0.054
 -0.004 0.862 -0.506 1.249
 -0.373 0.469 0.801 0.638
 0.000 0.000 0.000 1.000)

62.21031188964844
(0.918 0.212 0.335 0.044
 -0.020 0.869 -0.495 1.234
 -0.396 0.448 0.801 0.622
 0.000 0.000 0.000 1.000)

62.242881774902344
(0.911 0.215 0.351 0.033
 -0.022 0.878 -0.479 1.220
 -0.411 0.429 0.805 0.607
 0.000 0.000 0.000 1.000)

62.26050567626953
(0.906 0.205 0.370 0.024
 -0.015 0.890 -0.456 1.206
 -0.423 0.408 0.809 0.592
 0.000 0.000 0.000 1.000)

62.277103424072266
(0.901 0.188 0.391 0.014
 -0.001 0.902 -0.432 1.194
 -0.434 0.389 0.813 0.578
 0.000 0.000 0.000 1.000)

62.29376983642578
(0.894 0.168 0.415 0.004
 0.018 0.913 -0.408 1.182
 -0.448 0.372 0.813 0.565
 0.000 0.000 0.000 1.000)

62.31033706665039
(0.883 0.151 0.444 -0.005
 0.037 0.921 -0.388 1.172
 -0.468 0.360 0.808 0.553
 0.000 0.000 0.000 1.000)

62.32700729370117
(0.848 0.120 0.517 -0.024
 0.080 0.934 -0.348 1.155
 -0.525 0.336 0.782 0.530
 0.000 0.000 0.000 1.000)

62.343692779541016
(0.826 0.105 0.554 -0.032
 0.098 0.941 -0.325 1.147
 -0.555 0.322 0.767 0.519
 0.000 0.000 0.000 1.000)

62.36067199707031
(0.809 0.092 0.580 -0.039
 0.112 0.945 -0.306 1.141
 -0.577 0.313 0.755 0.510
 0.000 0.000 0.000 1.000)

62.3773078918457
(0.801 0.082 0.593 -0.045
 0.122 0.948 -0.295 1.136
 -0.586 0.309 0.749 0.502
 0.000 0.000 0.000 1.000)

62.39399337768555
(0.803 0.071 0.592 -0.050
 0.129 0.949 -0.288 1.132
 -0.583 0.307 0.752 0.495
 0.000 0.000 0.000 1.000)

62.41069412231445
(0.808 0.052 0.588 -0.055
 0.139 0.951 -0.276 1.127
 -0.573 0.305 0.761 0.490
 0.000 0.000 0.000 1.000)

62.427330017089844
(0.808 0.030 0.588 -0.060
 0.148 0.956 -0.252 1.123
 -0.570 0.291 0.768 0.486
 0.000 0.000 0.000 1.000)

62.44401931762695
(0.802 0.018 0.597 -0.066
 0.147 0.963 -0.226 1.118
 -0.579 0.269 0.770 0.481
 0.000 0.000 0.000 1.000)

62.460662841796875
(0.792 0.027 0.610 -0.073
 0.129 0.969 -0.209 1.113
 -0.597 0.245 0.764 0.476
 0.000 0.000 0.000 1.000)

62.493011474609375
(0.777 0.046 0.628 -0.080
 0.101 0.975 -0.196 1.109
 -0.622 0.216 0.753 0.472
 0.000 0.000 0.000 1.000)

62.51052474975586
(0.760 0.064 0.647 -0.087
 0.075 0.980 -0.186 1.106
 -0.646 0.190 0.740 0.468
 0.000 0.000 0.000 1.000)

62.52720642089844
(0.742 0.075 0.666 -0.094
 0.060 0.982 -0.177 1.104
 -0.667 0.171 0.725 0.465
 0.000 0.000 0.000 1.000)

62.54386901855469
(0.726 0.078 0.683 -0.101
 0.053 0.984 -0.169 1.104
 -0.685 0.159 0.711 0.462
 0.000 0.000 0.000 1.000)

62.560585021972656
(0.712 0.080 0.697 -0.106
 0.051 0.985 -0.164 1.105
 -0.700 0.152 0.698 0.459
 0.000 0.000 0.000 1.000)

62.57742691040039
(0.692 0.092 0.716 -0.111
 0.047 0.984 -0.172 1.110
 -0.720 0.153 0.676 0.454
 0.000 0.000 0.000 1.000)

62.594120025634766
(0.685 0.106 0.721 -0.112
 0.043 0.982 -0.185 1.113
 -0.727 0.157 0.668 0.452
 0.000 0.000 0.000 1.000)

62.61076736450195
(0.679 0.123 0.724 -0.110
 0.039 0.979 -0.202 1.117
 -0.733 0.165 0.660 0.450
 0.000 0.000 0.000 1.000)

62.62737274169922
(0.673 0.141 0.726 -0.108
 0.033 0.975 -0.219 1.121
 -0.738 0.172 0.652 0.447
 0.000 0.000 0.000 1.000)

62.64398193359375
(0.667 0.157 0.729 -0.103
 0.029 0.971 -0.235 1.124
 -0.745 0.178 0.643 0.445
 0.000 0.000 0.000 1.000)

62.66065216064453
(0.661 0.169 0.732 -0.096
 0.028 0.968 -0.248 1.127
 -0.750 0.184 0.635 0.443
 0.000 0.000 0.000 1.000)

62.67729568481445
(0.656 0.176 0.734 -0.086
 0.027 0.966 -0.255 1.128
 -0.754 0.187 0.630 0.440
 0.000 0.000 0.000 1.000)

62.693992614746094
(0.655 0.181 0.734 -0.075
 0.028 0.965 -0.262 1.130
 -0.755 0.192 0.627 0.437
 0.000 0.000 0.000 1.000)

62.72645950317383
(0.656 0.182 0.732 -0.060
 0.029 0.964 -0.266 1.130
 -0.754 0.196 0.627 0.433
 0.000 0.000 0.000 1.000)

62.744102478027344
(0.661 0.182 0.728 -0.043
 0.031 0.963 -0.269 1.130
 -0.750 0.200 0.631 0.429
 0.000 0.000 0.000 1.000)

62.7608642578125
(0.670 0.177 0.721 -0.024
 0.037 0.962 -0.270 1.130
 -0.742 0.207 0.638 0.425
 0.000 0.000 0.000 1.000)

62.777442932128906
(0.679 0.164 0.716 -0.003
 0.048 0.963 -0.266 1.129
 -0.733 0.215 0.645 0.421
 0.000 0.000 0.000 1.000)

62.79404067993164
(0.685 0.144 0.714 0.019
 0.066 0.964 -0.257 1.128
 -0.725 0.223 0.651 0.416
 0.000 0.000 0.000 1.000)

62.81071472167969
(0.684 0.075 0.725 0.070
 0.119 0.970 -0.212 1.127
 -0.719 0.232 0.655 0.403
 0.000 0.000 0.000 1.000)

62.82737731933594
(0.684 0.034 0.729 0.099
 0.151 0.971 -0.187 1.127
 -0.714 0.238 0.658 0.396
 0.000 0.000 0.000 1.000)

62.84402084350586
(0.691 -0.004 0.723 0.131
 0.181 0.969 -0.168 1.127
 -0.700 0.247 0.670 0.389
 0.000 0.000 0.000 1.000)

62.86091232299805
(0.708 -0.038 0.705 0.166
 0.207 0.966 -0.155 1.129
 -0.676 0.256 0.692 0.382
 0.000 0.000 0.000 1.000)

62.87754821777344
(0.733 -0.065 0.677 0.204
 0.225 0.963 -0.150 1.132
 -0.642 0.262 0.720 0.376
 0.000 0.000 0.000 1.000)

62.89425277709961
(0.763 -0.085 0.641 0.243
 0.235 0.960 -0.152 1.135
 -0.602 0.267 0.752 0.369
 0.000 0.000 0.000 1.000)

62.91071319580078
(0.792 -0.103 0.602 0.284
 0.243 0.957 -0.156 1.140
 -0.560 0.270 0.783 0.362
 0.000 0.000 0.000 1.000)

62.92742919921875
(0.818 -0.121 0.562 0.327
 0.250 0.955 -0.158 1.145
 -0.518 0.270 0.812 0.356
 0.000 0.000 0.000 1.000)

62.944091796875
(0.840 -0.141 0.524 0.369
 0.258 0.954 -0.156 1.151
 -0.478 0.266 0.837 0.349
 0.000 0.000 0.000 1.000)

62.97658920288086
(0.857 -0.162 0.489 0.411
 0.267 0.951 -0.154 1.159
 -0.440 0.263 0.859 0.342
 0.000 0.000 0.000 1.000)

62.994144439697266
(0.870 -0.184 0.457 0.453
 0.280 0.948 -0.152 1.168
 -0.405 0.260 0.876 0.336
 0.000 0.000 0.000 1.000)

63.010826110839844
(0.879 -0.210 0.429 0.494
 0.298 0.943 -0.149 1.179
 -0.373 0.259 0.891 0.330
 0.000 0.000 0.000 1.000)

63.02744674682617
(0.884 -0.242 0.401 0.534
 0.320 0.937 -0.140 1.192
 -0.342 0.252 0.905 0.326
 0.000 0.000 0.000 1.000)

63.044090270996094
(0.883 -0.283 0.374 0.571
 0.348 0.930 -0.119 1.206
 -0.314 0.235 0.920 0.322
 0.000 0.000 0.000 1.000)

63.06084442138672
(0.866 -0.372 0.335 0.639
 0.409 0.911 -0.047 1.241
 -0.287 0.178 0.941 0.317
 0.000 0.000 0.000 1.000)

63.0775146484375
(0.854 -0.403 0.330 0.669
 0.431 0.902 -0.014 1.261
 -0.292 0.154 0.944 0.316
 0.000 0.000 0.000 1.000)

63.09417724609375
(0.841 -0.426 0.334 0.696
 0.449 0.894 0.009 1.283
 -0.302 0.142 0.943 0.315
 0.000 0.000 0.000 1.000)

63.11089324951172
(0.829 -0.443 0.340 0.720
 0.464 0.886 0.022 1.307
 -0.311 0.139 0.940 0.315
 0.000 0.000 0.000 1.000)

63.12750244140625
(0.820 -0.459 0.342 0.743
 0.479 0.877 0.028 1.333
 -0.313 0.141 0.939 0.316
 0.000 0.000 0.000 1.000)

63.14412307739258
(0.814 -0.476 0.334 0.764
 0.496 0.868 0.028 1.359
 -0.303 0.142 0.942 0.319
 0.000 0.000 0.000 1.000)

63.16091537475586
(0.812 -0.490 0.318 0.783
 0.510 0.860 0.022 1.387
 -0.284 0.144 0.948 0.323
 0.000 0.000 0.000 1.000)

63.177589416503906
(0.813 -0.499 0.302 0.800
 0.520 0.854 0.010 1.415
 -0.263 0.149 0.953 0.328
 0.000 0.000 0.000 1.000)

63.21004867553711
(0.816 -0.499 0.293 0.814
 0.524 0.852 -0.006 1.444
 -0.246 0.159 0.956 0.333
 0.000 0.000 0.000 1.000)

63.22755432128906
(0.818 -0.493 0.295 0.827
 0.523 0.852 -0.024 1.474
 -0.239 0.174 0.955 0.339
 0.000 0.000 0.000 1.000)

63.244171142578125
(0.821 -0.484 0.303 0.837
 0.520 0.853 -0.046 1.504
 -0.237 0.195 0.952 0.344
 0.000 0.000 0.000 1.000)

63.26094055175781
(0.823 -0.475 0.313 0.845
 0.518 0.852 -0.069 1.534
 -0.234 0.219 0.947 0.350
 0.000 0.000 0.000 1.000)

63.277610778808594
(0.825 -0.466 0.319 0.851
 0.517 0.851 -0.094 1.564
 -0.228 0.242 0.943 0.356
 0.000 0.000 0.000 1.000)

63.294349670410156
(0.836 -0.441 0.326 0.859
 0.509 0.846 -0.161 1.624
 -0.205 0.301 0.931 0.372
 0.000 0.000 0.000 1.000)

63.311161041259766
(0.847 -0.420 0.326 0.861
 0.497 0.842 -0.207 1.653
 -0.187 0.337 0.923 0.380
 0.000 0.000 0.000 1.000)

63.32780838012695
(0.859 -0.396 0.324 0.862
 0.483 0.837 -0.258 1.681
 -0.168 0.378 0.910 0.390
 0.000 0.000 0.000 1.000)

63.34437561035156
(0.873 -0.370 0.318 0.861
 0.466 0.826 -0.318 1.708
 -0.145 0.426 0.893 0.399
 0.000 0.000 0.000 1.000)

63.36109924316406
(0.883 -0.350 0.313 0.859
 0.454 0.808 -0.375 1.734
 -0.121 0.473 0.873 0.409
 0.000 0.000 0.000 1.000)

63.37771987915039
(0.889 -0.340 0.308 0.855
 0.448 0.786 -0.427 1.758
 -0.097 0.517 0.851 0.419
 0.000 0.000 0.000 1.000)

63.394405364990234
(0.890 -0.339 0.305 0.851
 0.450 0.760 -0.470 1.781
 -0.072 0.555 0.829 0.428
 0.000 0.000 0.000 1.000)

63.410980224609375
(0.887 -0.347 0.305 0.846
 0.459 0.732 -0.504 1.802
 -0.049 0.586 0.809 0.438
 0.000 0.000 0.000 1.000)

63.42770767211914
(0.881 -0.360 0.307 0.839
 0.472 0.704 -0.530 1.821
 -0.025 0.612 0.790 0.446
 0.000 0.000 0.000 1.000)

63.4602165222168
(0.872 -0.377 0.311 0.832
 0.489 0.677 -0.550 1.838
 -0.003 0.632 0.775 0.454
 0.000 0.000 0.000 1.000)

63.47775650024414
(0.862 -0.397 0.315 0.825
 0.507 0.653 -0.563 1.853
 0.018 0.644 0.764 0.461
 0.000 0.000 0.000 1.000)

63.49445343017578
(0.852 -0.415 0.319 0.818
 0.522 0.632 -0.572 1.866
 0.036 0.654 0.755 0.467
 0.000 0.000 0.000 1.000)

63.511070251464844
(0.842 -0.428 0.328 0.810
 0.537 0.612 -0.581 1.878
 0.048 0.665 0.745 0.471
 0.000 0.000 0.000 1.000)

63.527732849121094
(0.835 -0.434 0.339 0.803
 0.548 0.592 -0.591 1.889
 0.056 0.679 0.732 0.475
 0.000 0.000 0.000 1.000)

63.54443359375
(0.825 -0.427 0.370 0.789
 0.562 0.550 -0.618 1.906
 0.060 0.718 0.694 0.479
 0.000 0.000 0.000 1.000)

63.56110763549805
(0.823 -0.419 0.385 0.783
 0.566 0.532 -0.630 1.913
 0.059 0.736 0.675 0.480
 0.000 0.000 0.000 1.000)

63.59300231933594
(0.822 -0.410 0.396 0.777
 0.567 0.518 -0.641 1.918
 0.058 0.751 0.658 0.479
 0.000 0.000 0.000 1.000)

63.594356536865234
(0.823 -0.403 0.401 0.771
 0.566 0.507 -0.650 1.921
 0.058 0.762 0.645 0.478
 0.000 0.000 0.000 1.000)

63.611202239990234
(0.825 -0.397 0.403 0.767
 0.563 0.502 -0.657 1.923
 0.059 0.769 0.637 0.476
 0.000 0.000 0.000 1.000)

63.62776565551758
(0.828 -0.391 0.402 0.763
 0.558 0.499 -0.663 1.924
 0.059 0.773 0.631 0.474
 0.000 0.000 0.000 1.000)

63.64461898803711
(0.831 -0.386 0.400 0.759
 0.553 0.499 -0.667 1.924
 0.058 0.776 0.628 0.470
 0.000 0.000 0.000 1.000)

63.6611442565918
(0.834 -0.383 0.396 0.756
 0.549 0.503 -0.668 1.922
 0.057 0.775 0.630 0.465
 0.000 0.000 0.000 1.000)

63.67778778076172
(0.837 -0.383 0.390 0.753
 0.544 0.509 -0.667 1.920
 0.057 0.771 0.634 0.459
 0.000 0.000 0.000 1.000)

63.71034622192383
(0.840 -0.383 0.384 0.749
 0.540 0.516 -0.665 1.917
 0.056 0.766 0.640 0.453
 0.000 0.000 0.000 1.000)

63.72780227661133
(0.843 -0.382 0.378 0.746
 0.535 0.523 -0.664 1.913
 0.055 0.762 0.645 0.445
 0.000 0.000 0.000 1.000)

63.74464797973633
(0.846 -0.379 0.376 0.742
 0.531 0.533 -0.659 1.907
 0.050 0.757 0.652 0.437
 0.000 0.000 0.000 1.000)

63.761409759521484
(0.848 -0.375 0.375 0.738
 0.528 0.542 -0.654 1.901
 0.042 0.752 0.657 0.429
 0.000 0.000 0.000 1.000)

63.778053283691406
(0.851 -0.364 0.379 0.728
 0.525 0.558 -0.642 1.885
 0.022 0.745 0.666 0.412
 0.000 0.000 0.000 1.000)

63.794742584228516
(0.850 -0.360 0.384 0.722
 0.526 0.564 -0.637 1.875
 0.012 0.743 0.669 0.403
 0.000 0.000 0.000 1.000)

63.81132507324219
(0.849 -0.356 0.390 0.716
 0.528 0.569 -0.631 1.865
 0.003 0.741 0.671 0.394
 0.000 0.000 0.000 1.000)

63.82789611816406
(0.846 -0.353 0.399 0.709
 0.533 0.571 -0.624 1.853
 -0.007 0.741 0.672 0.385
 0.000 0.000 0.000 1.000)

63.84458541870117
(0.843 -0.350 0.410 0.701
 0.538 0.571 -0.620 1.840
 -0.017 0.743 0.669 0.376
 0.000 0.000 0.000 1.000)

63.861305236816406
(0.839 -0.345 0.421 0.693
 0.544 0.568 -0.618 1.826
 -0.026 0.747 0.664 0.367
 0.000 0.000 0.000 1.000)

63.877952575683594
(0.836 -0.339 0.432 0.684
 0.548 0.564 -0.617 1.811
 -0.035 0.753 0.657 0.358
 0.000 0.000 0.000 1.000)

63.89480972290039
(0.832 -0.330 0.445 0.674
 0.552 0.562 -0.616 1.795
 -0.047 0.758 0.650 0.348
 0.000 0.000 0.000 1.000)

63.91144943237305
(0.829 -0.318 0.459 0.664
 0.555 0.560 -0.615 1.778
 -0.062 0.765 0.641 0.339
 0.000 0.000 0.000 1.000)

63.94379806518555
(0.827 -0.301 0.474 0.653
 0.556 0.556 -0.618 1.760
 -0.078 0.775 0.627 0.331
 0.000 0.000 0.000 1.000)

63.96146774291992
(0.825 -0.279 0.491 0.641
 0.557 0.549 -0.624 1.741
 -0.096 0.788 0.608 0.322
 0.000 0.000 0.000 1.000)

63.97803497314453
(0.825 -0.251 0.506 0.628
 0.554 0.538 -0.635 1.721
 -0.113 0.805 0.583 0.314
 0.000 0.000 0.000 1.000)

63.99468231201172
(0.826 -0.220 0.519 0.615
 0.549 0.525 -0.650 1.701
 -0.129 0.822 0.555 0.307
 0.000 0.000 0.000 1.000)

64.01136779785156
(0.828 -0.191 0.528 0.602
 0.543 0.510 -0.667 1.680
 -0.142 0.839 0.526 0.301
