0.0074748992919921875
(1.000 -0.001 0.000 0.500
 0.001 1.000 0.000 0.001
 0.000 0.000 1.000 0.000
 0.000 0.000 0.000 1.000)

0.05832386016845703
(1.000 -0.010 0.000 0.500
 0.010 1.000 0.000 0.005
 0.000 0.000 1.000 0.000
 0.000 0.000 0.000 1.000)

0.07505488395690918
(1.000 -0.013 0.000 0.500
 0.013 1.000 0.000 0.007
 0.000 0.000 1.000 0.000
 0.000 0.000 0.000 1.000)

0.0932779312133789
(1.000 -0.016 0.000 0.500
 0.016 1.000 0.000 0.008
 0.000 0.000 1.000 0.000
 0.000 0.000 0.000 1.000)

0.10999083518981934
(1.000 -0.019 0.000 0.500
 0.019 1.000 0.000 0.010
 0.000 0.000 1.000 0.000
 0.000 0.000 0.000 1.000)

0.12899994850158691
(1.000 -0.023 0.000 0.500
 0.023 1.000 0.000 0.011
 0.000 0.000 1.000 0.000
 0.000 0.000 0.000 1.000)

0.14565682411193848
(1.000 -0.025 0.000 0.500
 0.025 1.000 0.000 0.013
 0.000 0.000 1.000 0.000
 0.000 0.000 0.000 1.000)

0.16242194175720215
(1.000 -0.028 0.000 0.500
 0.028 1.000 0.000 0.014
 0.000 0.000 1.000 0.000
 0.000 0.000 0.000 1.000)

0.1791548728942871
(1.000 -0.031 0.000 0.500
 0.031 1.000 0.000 0.016
 0.000 0.000 1.000 0.000
 0.000 0.000 0.000 1.000)

0.19580388069152832
(0.999 -0.034 0.000 0.500
 0.034 0.999 0.000 0.017
 0.000 0.000 1.000 0.000
 0.000 0.000 0.000 1.000)

0.21250200271606445
(0.999 -0.037 0.000 0.500
 0.037 0.999 0.000 0.019
 0.000 0.000 1.000 0.000
 0.000 0.000 0.000 1.000)

0.2292039394378662
(0.999 -0.040 0.000 0.500
 0.040 0.999 0.000 0.020
 0.000 0.000 1.000 0.000
 0.000 0.000 0.000 1.000)

0.2459118366241455
(0.999 -0.043 0.000 0.500
 0.043 0.999 0.000 0.021
 0.000 0.000 1.000 0.000
 0.000 0.000 0.000 1.000)

0.2625868320465088
(0.999 -0.046 0.000 0.499
 0.046 0.999 0.000 0.023
 0.000 0.000 1.000 0.000
 0.000 0.000 0.000 1.000)

0.27927398681640625
(0.999 -0.049 0.000 0.499
 0.049 0.999 0.000 0.024
 0.000 0.000 1.000 0.000
 0.000 0.000 0.000 1.000)

0.2959439754486084
(0.999 -0.052 0.000 0.499
 0.052 0.999 0.000 0.026
 0.000 0.000 1.000 0.000
 0.000 0.000 0.000 1.000)

0.31264781951904297
(0.999 -0.055 0.000 0.499
 0.055 0.999 0.000 0.027
 0.000 0.000 1.000 0.000
 0.000 0.000 0.000 1.000)

0.32933783531188965
(0.998 -0.057 0.000 0.499
 0.057 0.998 0.000 0.029
 0.000 0.000 1.000 0.000
 0.000 0.000 0.000 1.000)

0.346005916595459
(0.998 -0.060 0.000 0.499
 0.060 0.998 0.000 0.030
 0.000 0.000 1.000 0.000
 0.000 0.000 0.000 1.000)

0.3627638816833496
(0.998 -0.063 0.000 0.499
 0.063 0.998 0.000 0.032
 0.000 0.000 1.000 0.000
 0.000 0.000 0.000 1.000)

0.37951087951660156
(0.998 -0.066 0.000 0.499
 0.066 0.998 0.000 0.033
 0.000 0.000 1.000 0.000
 0.000 0.000 0.000 1.000)

0.3962078094482422
(0.998 -0.069 0.000 0.499
 0.069 0.998 0.000 0.035
 0.000 0.000 1.000 0.000
 0.000 0.000 0.000 1.000)

0.4129369258880615
(0.997 -0.072 0.000 0.499
 0.072 0.997 0.000 0.036
 0.000 0.000 1.000 0.000
 0.000 0.000 0.000 1.000)

0.4296588897705078
(0.997 -0.075 0.000 0.499
 0.075 0.997 0.000 0.037
 0.000 0.000 1.000 0.000
 0.000 0.000 0.000 1.000)

0.44638800621032715
(0.997 -0.078 0.000 0.498
 0.078 0.997 0.000 0.039
 0.000 0.000 1.000 0.000
 0.000 0.000 0.000 1.000)

0.46310997009277344
(0.997 -0.081 0.000 0.498
 0.081 0.997 0.000 0.040
 0.000 0.000 1.000 0.000
 0.000 0.000 0.000 1.000)

0.479752779006958
(0.996 -0.084 0.000 0.498
 0.084 0.996 0.000 0.042
 0.000 0.000 1.000 0.000
 0.000 0.000 0.000 1.000)

0.49640679359436035
(0.996 -0.087 0.000 0.498
 0.087 0.996 0.000 0.043
 0.000 0.000 1.000 0.000
 0.000 0.000 0.000 1.000)

0.5130789279937744
(0.996 -0.089 0.000 0.498
 0.089 0.996 0.000 0.045
 0.000 0.000 1.000 0.000
 0.000 0.000 0.000 1.000)

0.5297567844390869
(0.996 -0.092 0.000 0.498
 0.092 0.996 0.000 0.046
 0.000 0.000 1.000 0.000
 0.000 0.000 0.000 1.000)

0.5464868545532227
(0.995 -0.095 0.000 0.498
 0.095 0.995 0.000 0.048
 0.000 0.000 1.000 0.000
 0.000 0.000 0.000 1.000)

0.5631248950958252
(0.995 -0.098 0.000 0.498
 0.098 0.995 0.000 0.049
 0.000 0.000 1.000 0.000
 0.000 0.000 0.000 1.000)

0.5799160003662109
(0.995 -0.101 0.000 0.497
 0.101 0.995 0.000 0.051
 0.000 0.000 1.000 0.000
 0.000 0.000 0.000 1.000)

0.596646785736084
(0.995 -0.104 0.000 0.497
 0.104 0.995 0.000 0.052
 0.000 0.000 1.000 0.000
 0.000 0.000 0.000 1.000)

0.6133608818054199
(0.994 -0.107 0.000 0.497
 0.107 0.994 0.000 0.053
 0.000 0.000 1.000 0.000
 0.000 0.000 0.000 1.000)

0.6300837993621826
(0.994 -0.110 0.000 0.497
 0.110 0.994 0.000 0.055
 0.000 0.000 1.000 0.000
 0.000 0.000 0.000 1.000)

0.6468138694763184
(0.994 -0.113 0.000 0.497
 0.113 0.994 0.000 0.056
 0.000 0.000 1.000 0.000
 0.000 0.000 0.000 1.000)

0.6635739803314209
(0.993 -0.116 0.000 0.497
 0.116 0.993 0.000 0.058
 0.000 0.000 1.000 0.000
 0.000 0.000 0.000 1.000)

0.6808018684387207
(0.993 -0.119 0.000 0.496
 0.119 0.993 0.000 0.059
 0.000 0.000 1.000 0.000
 0.000 0.000 0.000 1.000)

0.6974308490753174
(0.993 -0.121 0.000 0.496
 0.121 0.993 0.000 0.061
 0.000 0.000 1.000 0.000
 0.000 0.000 0.000 1.000)

0.7140929698944092
(0.992 -0.124 0.000 0.496
 0.124 0.992 0.000 0.062
 0.000 0.000 1.000 0.000
 0.000 0.000 0.000 1.000)

0.7307658195495605
(0.992 -0.127 0.000 0.496
 0.127 0.992 0.000 0.064
 0.000 0.000 1.000 0.000
 0.000 0.000 0.000 1.000)

0.7474429607391357
(0.992 -0.130 0.000 0.496
 0.130 0.992 0.000 0.065
 0.000 0.000 1.000 0.000
 0.000 0.000 0.000 1.000)

0.7641170024871826
(0.991 -0.133 0.000 0.496
 0.133 0.991 0.000 0.066
 0.000 0.000 1.000 0.000
 0.000 0.000 0.000 1.000)

0.7807929515838623
(0.991 -0.136 0.000 0.495
 0.136 0.991 0.000 0.068
 0.000 0.000 1.000 0.000
 0.000 0.000 0.000 1.000)

0.7974669933319092
(0.990 -0.139 0.000 0.495
 0.139 0.990 0.000 0.069
 0.000 0.000 1.000 0.000
 0.000 0.000 0.000 1.000)

0.8141429424285889
(0.990 -0.142 0.000 0.495
 0.142 0.990 0.000 0.071
 0.000 0.000 1.000 0.000
 0.000 0.000 0.000 1.000)

0.8308148384094238
(0.990 -0.144 0.000 0.495
 0.144 0.990 0.000 0.072
 0.000 0.000 1.000 0.000
 0.000 0.000 0.000 1.000)

0.8475029468536377
(0.989 -0.147 0.000 0.495
 0.147 0.989 0.000 0.074
 0.000 0.000 1.000 0.000
 0.000 0.000 0.000 1.000)

0.8641688823699951
(0.989 -0.150 0.000 0.494
 0.150 0.989 0.000 0.075
 0.000 0.000 1.000 0.000
 0.000 0.000 0.000 1.000)

0.8808419704437256
(0.988 -0.153 0.000 0.494
 0.153 0.988 0.000 0.077
 0.000 0.000 1.000 0.000
 0.000 0.000 0.000 1.000)

0.8975179195404053
(0.988 -0.156 0.000 0.494
 0.156 0.988 0.000 0.078
 0.000 0.000 1.000 0.000
 0.000 0.000 0.000 1.000)

0.9141898155212402
(0.987 -0.159 0.000 0.494
 0.159 0.987 0.000 0.079
 0.000 0.000 1.000 0.000
 0.000 0.000 0.000 1.000)

0.9308648109436035
(0.987 -0.162 0.000 0.493
 0.162 0.987 0.000 0.081
 0.000 0.000 1.000 0.000
 0.000 0.000 0.000 1.000)

0.9475557804107666
(0.986 -0.165 0.000 0.493
 0.165 0.986 0.000 0.082
 0.000 0.000 1.000 0.000
 0.000 0.000 0.000 1.000)

0.964216947555542
(0.986 -0.167 0.000 0.493
 0.167 0.986 0.000 0.084
 0.000 0.000 1.000 0.000
 0.000 0.000 0.000 1.000)

0.9808909893035889
(0.985 -0.170 0.000 0.493
 0.170 0.985 0.000 0.085
 0.000 0.000 1.000 0.000
 0.000 0.000 0.000 1.000)

0.9975647926330566
(0.985 -0.173 0.000 0.492
 0.173 0.985 0.000 0.087
 0.000 0.000 1.000 0.000
 0.000 0.000 0.000 1.000)

1.0142419338226318
(0.984 -0.176 0.000 0.492
 0.176 0.984 0.000 0.088
 0.000 0.000 1.000 0.000
 0.000 0.000 0.000 1.000)

1.0309197902679443
(0.984 -0.179 0.000 0.492
 0.179 0.984 0.000 0.089
 0.000 0.000 1.000 0.000
 0.000 0.000 0.000 1.000)

1.0488488674163818
(0.983 -0.182 0.000 0.492
 0.182 0.983 0.000 0.091
 0.000 0.000 1.000 0.000
 0.000 0.000 0.000 1.000)

1.0655269622802734
(0.983 -0.185 0.000 0.491
 0.185 0.983 0.000 0.092
 0.000 0.000 1.000 0.000
 0.000 0.000 0.000 1.000)

1.082204818725586
(0.982 -0.188 0.000 0.491
 0.188 0.982 0.000 0.094
 0.000 0.000 1.000 0.000
 0.000 0.000 0.000 1.000)

1.098876953125
(0.982 -0.191 0.000 0.491
 0.191 0.982 0.000 0.095
 0.000 0.000 1.000 0.000
 0.000 0.000 0.000 1.000)

1.1155619621276855
(0.981 -0.193 0.000 0.491
 0.193 0.981 0.000 0.097
 0.000 0.000 1.000 0.000
 0.000 0.000 0.000 1.000)

1.1322269439697266
(0.981 -0.196 0.000 0.490
 0.196 0.981 0.000 0.098
 0.000 0.000 1.000 0.000
 0.000 0.000 0.000 1.000)

1.1489059925079346
(0.980 -0.199 0.000 0.490
 0.199 0.980 0.000 0.100
 0.000 0.000 1.000 0.000
 0.000 0.000 0.000 1.000)

1.1655769348144531
(0.979 -0.202 0.000 0.490
 0.202 0.979 0.000 0.101
 0.000 0.000 1.000 0.000
 0.000 0.000 0.000 1.000)

1.1822497844696045
(0.979 -0.205 0.000 0.489
 0.205 0.979 0.000 0.102
 0.000 0.000 1.000 0.000
 0.000 0.000 0.000 1.000)

1.1989288330078125
(0.978 -0.208 0.000 0.489
 0.208 0.978 0.000 0.104
 0.000 0.000 1.000 0.000
 0.000 0.000 0.000 1.000)

1.2156178951263428
(0.978 -0.211 0.000 0.489
 0.211 0.978 0.000 0.105
 0.000 0.000 1.000 0.000
 0.000 0.000 0.000 1.000)

1.232278823852539
(0.977 -0.213 0.000 0.488
 0.213 0.977 0.000 0.107
 0.000 0.000 1.000 0.000
 0.000 0.000 0.000 1.000)

1.2489550113677979
(0.976 -0.216 0.000 0.488
 0.216 0.976 0.000 0.108
 0.000 0.000 1.000 0.000
 0.000 0.000 0.000 1.000)

1.2656309604644775
(0.976 -0.219 0.000 0.488
 0.219 0.976 0.000 0.110
 0.000 0.000 1.000 0.000
 0.000 0.000 0.000 1.000)

1.2823078632354736
(0.975 -0.222 0.000 0.488
 0.222 0.975 0.000 0.111
 0.000 0.000 1.000 0.000
 0.000 0.000 0.000 1.000)

1.2989799976348877
(0.974 -0.225 0.000 0.487
 0.225 0.974 0.000 0.112
 0.000 0.000 1.000 0.000
 0.000 0.000 0.000 1.000)

1.3156678676605225
(0.974 -0.228 0.000 0.487
 0.228 0.974 0.000 0.114
 0.000 0.000 1.000 0.000
 0.000 0.000 0.000 1.000)

1.3324558734893799
(0.973 -0.230 0.000 0.487
 0.230 0.973 0.000 0.115
 0.000 0.000 1.000 0.000
 0.000 0.000 0.000 1.000)

1.349174976348877
(0.972 -0.233 0.000 0.486
 0.233 0.972 0.000 0.117
 0.000 0.000 1.000 0.000
 0.000 0.000 0.000 1.000)

1.365893840789795
(0.972 -0.236 0.000 0.486
 0.236 0.972 0.000 0.118
 0.000 0.000 1.000 0.000
 0.000 0.000 0.000 1.000)

1.3826179504394531
(0.971 -0.239 0.000 0.486
 0.239 0.971 0.000 0.119
 0.000 0.000 1.000 0.000
 0.000 0.000 0.000 1.000)

1.3993539810180664
(0.970 -0.242 0.000 0.485
 0.242 0.970 0.000 0.121
 0.000 0.000 1.000 0.000
 0.000 0.000 0.000 1.000)

1.4161219596862793
(0.970 -0.245 0.000 0.485
 0.245 0.970 0.000 0.122
 0.000 0.000 1.000 0.000
 0.000 0.000 0.000 1.000)

1.4328529834747314
(0.969 -0.247 0.000 0.484
 0.247 0.969 0.000 0.124
 0.000 0.000 1.000 0.000
 0.000 0.000 0.000 1.000)

1.4495649337768555
(0.968 -0.250 0.000 0.484
 0.250 0.968 0.000 0.125
 0.000 0.000 1.000 0.000
 0.000 0.000 0.000 1.000)

1.4662928581237793
(0.967 -0.253 0.000 0.484
 0.253 0.967 0.000 0.127
 0.000 0.000 1.000 0.000
 0.000 0.000 0.000 1.000)

1.483015775680542
(0.967 -0.256 0.000 0.483
 0.256 0.967 0.000 0.128
 0.000 0.000 1.000 0.000
 0.000 0.000 0.000 1.000)

1.4997529983520508
(0.966 -0.259 0.000 0.483
 0.259 0.966 0.000 0.129
 0.000 0.000 1.000 0.000
 0.000 0.000 0.000 1.000)

1.5164690017700195
(0.965 -0.262 0.000 0.483
 0.262 0.965 0.000 0.131
 0.000 0.000 1.000 0.000
 0.000 0.000 0.000 1.000)

1.533195972442627
(0.964 -0.264 0.000 0.482
 0.264 0.964 0.000 0.132
 0.000 0.000 1.000 0.000
 0.000 0.000 0.000 1.000)

1.5499248504638672
(0.964 -0.267 0.000 0.482
 0.267 0.964 0.000 0.134
 0.000 0.000 1.000 0.000
 0.000 0.000 0.000 1.000)

1.5666508674621582
(0.963 -0.270 0.000 0.481
 0.270 0.963 0.000 0.135
 0.000 0.000 1.000 0.000
 0.000 0.000 0.000 1.000)

1.5833768844604492
(0.962 -0.273 0.000 0.481
 0.273 0.962 0.000 0.136
 0.000 0.000 1.000 0.000
 0.000 0.000 0.000 1.000)

1.6001060009002686
(0.961 -0.276 0.000 0.481
 0.276 0.961 0.000 0.138
 0.000 0.000 1.000 0.000
 0.000 0.000 0.000 1.000)

1.6168179512023926
(0.960 -0.278 0.000 0.480
 0.278 0.960 0.000 0.139
 0.000 0.000 1.000 0.000
 0.000 0.000 0.000 1.000)

1.6335289478302002
(0.960 -0.281 0.000 0.480
 0.281 0.960 0.000 0.141
 0.000 0.000 1.000 0.000
 0.000 0.000 0.000 1.000)

1.650242805480957
(0.959 -0.284 0.000 0.479
 0.284 0.959 0.000 0.142
 0.000 0.000 1.000 0.000
 0.000 0.000 0.000 1.000)

1.6669437885284424
(0.958 -0.287 0.000 0.479
 0.287 0.958 0.000 0.143
 0.000 0.000 1.000 0.000
 0.000 0.000 0.000 1.000)

1.683633804321289
(0.957 -0.290 0.000 0.479
 0.290 0.957 0.000 0.145
 0.000 0.000 1.000 0.000
 0.000 0.000 0.000 1.000)

1.700394868850708
(0.956 -0.292 0.000 0.478
 0.292 0.956 0.000 0.146
 0.000 0.000 1.000 0.000
 0.000 0.000 0.000 1.000)

1.7171189785003662
(0.955 -0.295 0.000 0.478
 0.295 0.955 0.000 0.148
 0.000 0.000 1.000 0.000
 0.000 0.000 0.000 1.000)

1.7338359355926514
(0.955 -0.298 0.000 0.477
 0.298 0.955 0.000 0.149
 0.000 0.000 1.000 0.000
 0.000 0.000 0.000 1.000)

1.7505698204040527
(0.954 -0.301 0.000 0.477
 0.301 0.954 0.000 0.150
 0.000 0.000 1.000 0.000
 0.000 0.000 0.000 1.000)

1.7672829627990723
(0.953 -0.304 0.000 0.476
 0.304 0.953 0.000 0.152
 0.000 0.000 1.000 0.000
 0.000 0.000 0.000 1.000)

1.783998966217041
(0.952 -0.306 0.000 0.476
 0.306 0.952 0.000 0.153
 0.000 0.000 1.000 0.000
 0.000 0.000 0.000 1.000)

1.8007049560546875
(0.951 -0.309 0.000 0.476
 0.309 0.951 0.000 0.155
 0.000 0.000 1.000 0.000
 0.000 0.000 0.000 1.000)

1.8174118995666504
(0.950 -0.312 0.000 0.475
 0.312 0.950 0.000 0.156
 0.000 0.000 1.000 0.000
 0.000 0.000 0.000 1.000)

1.834136962890625
(0.949 -0.315 0.000 0.475
 0.315 0.949 0.000 0.157
 0.000 0.000 1.000 0.000
 0.000 0.000 0.000 1.000)

1.8508329391479492
(0.948 -0.317 0.000 0.474
 0.317 0.948 0.000 0.159
 0.000 0.000 1.000 0.000
 0.000 0.000 0.000 1.000)

1.867546796798706
(0.947 -0.320 0.000 0.474
 0.320 0.947 0.000 0.160
 0.000 0.000 1.000 0.000
 0.000 0.000 0.000 1.000)

1.8842809200286865
(0.946 -0.323 0.000 0.473
 0.323 0.946 0.000 0.161
 0.000 0.000 1.000 0.000
 0.000 0.000 0.000 1.000)

1.9009969234466553
(0.945 -0.326 0.000 0.473
 0.326 0.945 0.000 0.163
 0.000 0.000 1.000 0.000
 0.000 0.000 0.000 1.000)

1.9177169799804688
(0.945 -0.328 0.000 0.472
 0.328 0.945 0.000 0.164
 0.000 0.000 1.000 0.000
 0.000 0.000 0.000 1.000)

1.9344379901885986
(0.944 -0.331 0.000 0.472
 0.331 0.944 0.000 0.166
 0.000 0.000 1.000 0.000
 0.000 0.000 0.000 1.000)

1.9511899948120117
(0.943 -0.334 0.000 0.471
 0.334 0.943 0.000 0.167
 0.000 0.000 1.000 0.000
 0.000 0.000 0.000 1.000)

1.9679338932037354
(0.942 -0.337 0.000 0.471
 0.337 0.942 0.000 0.168
 0.000 0.000 1.000 0.000
 0.000 0.000 0.000 1.000)

1.9846529960632324
(0.941 -0.340 0.000 0.470
 0.340 0.941 0.000 0.170
 0.000 0.000 1.000 0.000
 0.000 0.000 0.000 1.000)

2.001389980316162
(0.940 -0.342 0.000 0.470
 0.342 0.940 0.000 0.171
 0.000 0.000 1.000 0.000
 0.000 0.000 0.000 1.000)

2.01810884475708
(0.939 -0.345 0.000 0.469
 0.345 0.939 0.000 0.172
 0.000 0.000 1.000 0.000
 0.000 0.000 0.000 1.000)

2.0348329544067383
(0.938 -0.348 0.000 0.469
 0.348 0.938 0.000 0.174
 0.000 0.000 1.000 0.000
 0.000 0.000 0.000 1.000)

2.05155086517334
(0.937 -0.350 0.000 0.468
 0.350 0.937 0.000 0.175
 0.000 0.000 1.000 0.000
 0.000 0.000 0.000 1.000)

2.0682759284973145
(0.936 -0.353 0.000 0.468
 0.353 0.936 0.000 0.177
 0.000 0.000 1.000 0.000
 0.000 0.000 0.000 1.000)

