0.007326841354370117
(1.000 -0.001 0.000 0.500
 0.001 1.000 0.000 0.001
 0.000 0.000 1.000 0.000
 0.000 0.000 0.000 1.000)

0.06052279472351074
(1.000 -0.011 0.000 0.500
 0.011 1.000 0.000 0.005
 0.000 0.000 1.000 0.000
 0.000 0.000 0.000 1.000)

0.07720184326171875
(1.000 -0.013 0.000 0.500
 0.013 1.000 0.000 0.007
 0.000 0.000 1.000 0.000
 0.000 0.000 0.000 1.000)

0.09563589096069336
(1.000 -0.017 0.000 0.500
 0.017 1.000 0.000 0.008
 0.000 0.000 1.000 0.000
 0.000 0.000 0.000 1.000)

0.1123499870300293
(1.000 -0.020 0.000 0.500
 0.020 1.000 0.000 0.010
 0.000 0.000 1.000 0.000
 0.000 0.000 0.000 1.000)

0.12983179092407227
(1.000 -0.023 0.000 0.500
 0.023 1.000 0.000 0.011
 0.000 0.000 1.000 0.000
 0.000 0.000 0.000 1.000)

0.14648985862731934
(1.000 -0.026 0.000 0.500
 0.026 1.000 0.000 0.013
 0.000 0.000 1.000 0.000
 0.000 0.000 0.000 1.000)

0.16324687004089355
(1.000 -0.028 0.000 0.500
 0.028 1.000 0.000 0.014
 0.000 0.000 1.000 0.000
 0.000 0.000 0.000 1.000)

0.17988896369934082
(1.000 -0.031 0.000 0.500
 0.031 1.000 0.000 0.016
 0.000 0.000 1.000 0.000
 0.000 0.000 0.000 1.000)

0.19657397270202637
(0.999 -0.034 0.000 0.500
 0.034 0.999 0.000 0.017
 0.000 0.000 1.000 0.000
 0.000 0.000 0.000 1.000)

0.21477293968200684
(0.999 -0.037 0.000 0.500
 0.037 0.999 0.000 0.019
 0.000 0.000 1.000 0.000
 0.000 0.000 0.000 1.000)

0.2314767837524414
(0.999 -0.040 0.000 0.500
 0.040 0.999 0.000 0.020
 0.000 0.000 1.000 0.000
 0.000 0.000 0.000 1.000)

0.24829483032226562
(0.999 -0.043 0.000 0.500
 0.043 0.999 0.000 0.022
 0.000 0.000 1.000 0.000
 0.000 0.000 0.000 1.000)

0.2649049758911133
(0.999 -0.046 0.000 0.499
 0.046 0.999 0.000 0.023
 0.000 0.000 1.000 0.000
 0.000 0.000 0.000 1.000)

0.28159189224243164
(0.999 -0.049 0.000 0.499
 0.049 0.999 0.000 0.025
 0.000 0.000 1.000 0.000
 0.000 0.000 0.000 1.000)

0.298292875289917
(0.999 -0.052 0.000 0.499
 0.052 0.999 0.000 0.026
 0.000 0.000 1.000 0.000
 0.000 0.000 0.000 1.000)

0.314985990524292
(0.998 -0.055 0.000 0.499
 0.055 0.998 0.000 0.027
 0.000 0.000 1.000 0.000
 0.000 0.000 0.000 1.000)

0.3316919803619385
(0.998 -0.058 0.000 0.499
 0.058 0.998 0.000 0.029
 0.000 0.000 1.000 0.000
 0.000 0.000 0.000 1.000)

0.34840893745422363
(0.998 -0.061 0.000 0.499
 0.061 0.998 0.000 0.030
 0.000 0.000 1.000 0.000
 0.000 0.000 0.000 1.000)

0.36513590812683105
(0.998 -0.064 0.000 0.499
 0.064 0.998 0.000 0.032
 0.000 0.000 1.000 0.000
 0.000 0.000 0.000 1.000)

0.38184189796447754
(0.998 -0.067 0.000 0.499
 0.067 0.998 0.000 0.033
 0.000 0.000 1.000 0.000
 0.000 0.000 0.000 1.000)

0.3985919952392578
(0.998 -0.070 0.000 0.499
 0.070 0.998 0.000 0.035
 0.000 0.000 1.000 0.000
 0.000 0.000 0.000 1.000)

0.4153149127960205
(0.997 -0.072 0.000 0.499
 0.072 0.997 0.000 0.036
 0.000 0.000 1.000 0.000
 0.000 0.000 0.000 1.000)

0.43200182914733887
(0.997 -0.075 0.000 0.499
 0.075 0.997 0.000 0.038
 0.000 0.000 1.000 0.000
 0.000 0.000 0.000 1.000)

0.448779821395874
(0.997 -0.078 0.000 0.498
 0.078 0.997 0.000 0.039
 0.000 0.000 1.000 0.000
 0.000 0.000 0.000 1.000)

0.46555495262145996
(0.997 -0.081 0.000 0.498
 0.081 0.997 0.000 0.041
 0.000 0.000 1.000 0.000
 0.000 0.000 0.000 1.000)

0.48224878311157227
(0.996 -0.084 0.000 0.498
 0.084 0.996 0.000 0.042
 0.000 0.000 1.000 0.000
 0.000 0.000 0.000 1.000)

0.498917818069458
(0.996 -0.087 0.000 0.498
 0.087 0.996 0.000 0.043
 0.000 0.000 1.000 0.000
 0.000 0.000 0.000 1.000)

0.5155518054962158
(0.996 -0.090 0.000 0.498
 0.090 0.996 0.000 0.045
 0.000 0.000 1.000 0.000
 0.000 0.000 0.000 1.000)

0.5323388576507568
(0.996 -0.093 0.000 0.498
 0.093 0.996 0.000 0.046
 0.000 0.000 1.000 0.000
 0.000 0.000 0.000 1.000)

0.5490508079528809
(0.995 -0.096 0.000 0.498
 0.096 0.995 0.000 0.048
 0.000 0.000 1.000 0.000
 0.000 0.000 0.000 1.000)

0.5657119750976562
(0.995 -0.099 0.000 0.498
 0.099 0.995 0.000 0.049
 0.000 0.000 1.000 0.000
 0.000 0.000 0.000 1.000)

0.5823748111724854
(0.995 -0.101 0.000 0.497
 0.101 0.995 0.000 0.051
 0.000 0.000 1.000 0.000
 0.000 0.000 0.000 1.000)

0.5990509986877441
(0.995 -0.104 0.000 0.497
 0.104 0.995 0.000 0.052
 0.000 0.000 1.000 0.000
 0.000 0.000 0.000 1.000)

0.6157269477844238
(0.994 -0.107 0.000 0.497
 0.107 0.994 0.000 0.054
 0.000 0.000 1.000 0.000
 0.000 0.000 0.000 1.000)

0.6324028968811035
(0.994 -0.110 0.000 0.497
 0.110 0.994 0.000 0.055
 0.000 0.000 1.000 0.000
 0.000 0.000 0.000 1.000)

0.6490797996520996
(0.994 -0.113 0.000 0.497
 0.113 0.994 0.000 0.057
 0.000 0.000 1.000 0.000
 0.000 0.000 0.000 1.000)

0.6659069061279297
(0.993 -0.116 0.000 0.497
 0.116 0.993 0.000 0.058
 0.000 0.000 1.000 0.000
 0.000 0.000 0.000 1.000)

0.6834099292755127
(0.993 -0.119 0.000 0.496
 0.119 0.993 0.000 0.059
 0.000 0.000 1.000 0.000
 0.000 0.000 0.000 1.000)

0.7000308036804199
(0.993 -0.122 0.000 0.496
 0.122 0.993 0.000 0.061
 0.000 0.000 1.000 0.000
 0.000 0.000 0.000 1.000)

0.7168188095092773
(0.992 -0.125 0.000 0.496
 0.125 0.992 0.000 0.062
 0.000 0.000 1.000 0.000
 0.000 0.000 0.000 1.000)

0.7335488796234131
(0.992 -0.128 0.000 0.496
 0.128 0.992 0.000 0.064
 0.000 0.000 1.000 0.000
 0.000 0.000 0.000 1.000)

0.7502708435058594
(0.991 -0.131 0.000 0.496
 0.131 0.991 0.000 0.065
 0.000 0.000 1.000 0.000
 0.000 0.000 0.000 1.000)

0.7670009136199951
(0.991 -0.133 0.000 0.496
 0.133 0.991 0.000 0.067
 0.000 0.000 1.000 0.000
 0.000 0.000 0.000 1.000)

0.7837269306182861
(0.991 -0.136 0.000 0.495
 0.136 0.991 0.000 0.068
 0.000 0.000 1.000 0.000
 0.000 0.000 0.000 1.000)

0.8004028797149658
(0.990 -0.139 0.000 0.495
 0.139 0.990 0.000 0.070
 0.000 0.000 1.000 0.000
 0.000 0.000 0.000 1.000)

0.8171889781951904
(0.990 -0.142 0.000 0.495
 0.142 0.990 0.000 0.071
 0.000 0.000 1.000 0.000
 0.000 0.000 0.000 1.000)

0.8339159488677979
(0.989 -0.145 0.000 0.495
 0.145 0.989 0.000 0.073
 0.000 0.000 1.000 0.000
 0.000 0.000 0.000 1.000)

0.8506369590759277
(0.989 -0.148 0.000 0.494
 0.148 0.989 0.000 0.074
 0.000 0.000 1.000 0.000
 0.000 0.000 0.000 1.000)

0.867365837097168
(0.989 -0.151 0.000 0.494
 0.151 0.989 0.000 0.075
 0.000 0.000 1.000 0.000
 0.000 0.000 0.000 1.000)

0.8840928077697754
(0.988 -0.154 0.000 0.494
 0.154 0.988 0.000 0.077
 0.000 0.000 1.000 0.000
 0.000 0.000 0.000 1.000)

0.9007828235626221
(0.988 -0.157 0.000 0.494
 0.157 0.988 0.000 0.078
 0.000 0.000 1.000 0.000
 0.000 0.000 0.000 1.000)

0.917543888092041
(0.987 -0.159 0.000 0.494
 0.159 0.987 0.000 0.080
 0.000 0.000 1.000 0.000
 0.000 0.000 0.000 1.000)

0.9342689514160156
(0.987 -0.162 0.000 0.493
 0.162 0.987 0.000 0.081
 0.000 0.000 1.000 0.000
 0.000 0.000 0.000 1.000)

0.9509468078613281
(0.986 -0.165 0.000 0.493
 0.165 0.986 0.000 0.083
 0.000 0.000 1.000 0.000
 0.000 0.000 0.000 1.000)

0.9676768779754639
(0.986 -0.168 0.000 0.493
 0.168 0.986 0.000 0.084
 0.000 0.000 1.000 0.000
 0.000 0.000 0.000 1.000)

0.984442949295044
(0.985 -0.171 0.000 0.493
 0.171 0.985 0.000 0.085
 0.000 0.000 1.000 0.000
 0.000 0.000 0.000 1.000)

1.0011827945709229
(0.985 -0.174 0.000 0.492
 0.174 0.985 0.000 0.087
 0.000 0.000 1.000 0.000
 0.000 0.000 0.000 1.000)

1.0179078578948975
(0.984 -0.177 0.000 0.492
 0.177 0.984 0.000 0.088
 0.000 0.000 1.000 0.000
 0.000 0.000 0.000 1.000)

1.0345699787139893
(0.984 -0.180 0.000 0.492
 0.180 0.984 0.000 0.090
 0.000 0.000 1.000 0.000
 0.000 0.000 0.000 1.000)

1.0513367652893066
(0.983 -0.182 0.000 0.492
 0.182 0.983 0.000 0.091
 0.000 0.000 1.000 0.000
 0.000 0.000 0.000 1.000)

1.068065881729126
(0.983 -0.185 0.000 0.491
 0.185 0.983 0.000 0.093
 0.000 0.000 1.000 0.000
 0.000 0.000 0.000 1.000)

1.0847477912902832
(0.982 -0.188 0.000 0.491
 0.188 0.982 0.000 0.094
 0.000 0.000 1.000 0.000
 0.000 0.000 0.000 1.000)

1.101524829864502
(0.982 -0.191 0.000 0.491
 0.191 0.982 0.000 0.096
 0.000 0.000 1.000 0.000
 0.000 0.000 0.000 1.000)

1.118238925933838
(0.981 -0.194 0.000 0.491
 0.194 0.981 0.000 0.097
 0.000 0.000 1.000 0.000
 0.000 0.000 0.000 1.000)

1.1349599361419678
(0.980 -0.197 0.000 0.490
 0.197 0.980 0.000 0.098
 0.000 0.000 1.000 0.000
 0.000 0.000 0.000 1.000)

1.1516828536987305
(0.980 -0.200 0.000 0.490
 0.200 0.980 0.000 0.100
 0.000 0.000 1.000 0.000
 0.000 0.000 0.000 1.000)

1.1684107780456543
(0.979 -0.203 0.000 0.490
 0.203 0.979 0.000 0.101
 0.000 0.000 1.000 0.000
 0.000 0.000 0.000 1.000)

1.1851348876953125
(0.979 -0.205 0.000 0.489
 0.205 0.979 0.000 0.103
 0.000 0.000 1.000 0.000
 0.000 0.000 0.000 1.000)

1.2018389701843262
(0.978 -0.208 0.000 0.489
 0.208 0.978 0.000 0.104
 0.000 0.000 1.000 0.000
 0.000 0.000 0.000 1.000)

1.2185678482055664
(0.977 -0.211 0.000 0.489
 0.211 0.977 0.000 0.106
 0.000 0.000 1.000 0.000
 0.000 0.000 0.000 1.000)

1.2352838516235352
(0.977 -0.214 0.000 0.488
 0.214 0.977 0.000 0.107
 0.000 0.000 1.000 0.000
 0.000 0.000 0.000 1.000)

1.2520029544830322
(0.976 -0.217 0.000 0.488
 0.217 0.976 0.000 0.108
 0.000 0.000 1.000 0.000
 0.000 0.000 0.000 1.000)

1.2686820030212402
(0.976 -0.220 0.000 0.488
 0.220 0.976 0.000 0.110
 0.000 0.000 1.000 0.000
 0.000 0.000 0.000 1.000)

1.2855029106140137
(0.975 -0.222 0.000 0.487
 0.222 0.975 0.000 0.111
 0.000 0.000 1.000 0.000
 0.000 0.000 0.000 1.000)

1.3022208213806152
(0.974 -0.225 0.000 0.487
 0.225 0.974 0.000 0.113
 0.000 0.000 1.000 0.000
 0.000 0.000 0.000 1.000)

1.3189280033111572
(0.974 -0.228 0.000 0.487
 0.228 0.974 0.000 0.114
 0.000 0.000 1.000 0.000
 0.000 0.000 0.000 1.000)

1.335744857788086
(0.973 -0.231 0.000 0.486
 0.231 0.973 0.000 0.116
 0.000 0.000 1.000 0.000
 0.000 0.000 0.000 1.000)

1.352388858795166
(0.972 -0.234 0.000 0.486
 0.234 0.972 0.000 0.117
 0.000 0.000 1.000 0.000
 0.000 0.000 0.000 1.000)

1.3690989017486572
(0.972 -0.237 0.000 0.486
 0.237 0.972 0.000 0.118
 0.000 0.000 1.000 0.000
 0.000 0.000 0.000 1.000)

1.3858168125152588
(0.971 -0.240 0.000 0.485
 0.240 0.971 0.000 0.120
 0.000 0.000 1.000 0.000
 0.000 0.000 0.000 1.000)

1.4025278091430664
(0.970 -0.242 0.000 0.485
 0.242 0.970 0.000 0.121
 0.000 0.000 1.000 0.000
 0.000 0.000 0.000 1.000)

1.4192979335784912
(0.969 -0.245 0.000 0.485
 0.245 0.969 0.000 0.123
 0.000 0.000 1.000 0.000
 0.000 0.000 0.000 1.000)

1.43589186668396
(0.969 -0.248 0.000 0.484
 0.248 0.969 0.000 0.124
 0.000 0.000 1.000 0.000
 0.000 0.000 0.000 1.000)

1.452584981918335
(0.968 -0.251 0.000 0.484
 0.251 0.968 0.000 0.125
 0.000 0.000 1.000 0.000
 0.000 0.000 0.000 1.000)

1.4692518711090088
(0.967 -0.254 0.000 0.484
 0.254 0.967 0.000 0.127
 0.000 0.000 1.000 0.000
 0.000 0.000 0.000 1.000)

1.485973834991455
(0.967 -0.256 0.000 0.483
 0.256 0.967 0.000 0.128
 0.000 0.000 1.000 0.000
 0.000 0.000 0.000 1.000)

1.502720832824707
(0.966 -0.259 0.000 0.483
 0.259 0.966 0.000 0.130
 0.000 0.000 1.000 0.000
 0.000 0.000 0.000 1.000)

1.5192909240722656
(0.965 -0.262 0.000 0.483
 0.262 0.965 0.000 0.131
 0.000 0.000 1.000 0.000
 0.000 0.000 0.000 1.000)

1.5359687805175781
(0.964 -0.265 0.000 0.482
 0.265 0.964 0.000 0.132
 0.000 0.000 1.000 0.000
 0.000 0.000 0.000 1.000)

1.5526649951934814
(0.964 -0.268 0.000 0.482
 0.268 0.964 0.000 0.134
 0.000 0.000 1.000 0.000
 0.000 0.000 0.000 1.000)

1.5693309307098389
(0.963 -0.270 0.000 0.481
 0.270 0.963 0.000 0.135
 0.000 0.000 1.000 0.000
 0.000 0.000 0.000 1.000)

1.5860848426818848
(0.962 -0.273 0.000 0.481
 0.273 0.962 0.000 0.137
 0.000 0.000 1.000 0.000
 0.000 0.000 0.000 1.000)

1.6026978492736816
(0.961 -0.276 0.000 0.481
 0.276 0.961 0.000 0.138
 0.000 0.000 1.000 0.000
 0.000 0.000 0.000 1.000)

1.6193749904632568
(0.960 -0.279 0.000 0.480
 0.279 0.960 0.000 0.139
 0.000 0.000 1.000 0.000
 0.000 0.000 0.000 1.000)

1.6360549926757812
(0.960 -0.282 0.000 0.480
 0.282 0.960 0.000 0.141
 0.000 0.000 1.000 0.000
 0.000 0.000 0.000 1.000)

1.6527478694915771
(0.959 -0.284 0.000 0.479
 0.284 0.959 0.000 0.142
 0.000 0.000 1.000 0.000
 0.000 0.000 0.000 1.000)

1.6695098876953125
(0.958 -0.287 0.000 0.479
 0.287 0.958 0.000 0.144
 0.000 0.000 1.000 0.000
 0.000 0.000 0.000 1.000)

1.6861708164215088
(0.957 -0.290 0.000 0.479
 0.290 0.957 0.000 0.145
 0.000 0.000 1.000 0.000
 0.000 0.000 0.000 1.000)

1.7029008865356445
(0.956 -0.293 0.000 0.478
 0.293 0.956 0.000 0.146
 0.000 0.000 1.000 0.000
 0.000 0.000 0.000 1.000)

1.719627857208252
(0.955 -0.296 0.000 0.478
 0.296 0.955 0.000 0.148
 0.000 0.000 1.000 0.000
 0.000 0.000 0.000 1.000)

1.7363770008087158
(0.954 -0.298 0.000 0.477
 0.298 0.954 0.000 0.149
 0.000 0.000 1.000 0.000
 0.000 0.000 0.000 1.000)

1.7530817985534668
(0.954 -0.301 0.000 0.477
 0.301 0.954 0.000 0.151
 0.000 0.000 1.000 0.000
 0.000 0.000 0.000 1.000)

1.7698068618774414
(0.953 -0.304 0.000 0.476
 0.304 0.953 0.000 0.152
 0.000 0.000 1.000 0.000
 0.000 0.000 0.000 1.000)

1.7864899635314941
(0.952 -0.307 0.000 0.476
 0.307 0.952 0.000 0.153
 0.000 0.000 1.000 0.000
 0.000 0.000 0.000 1.000)

1.8032479286193848
(0.951 -0.310 0.000 0.475
 0.310 0.951 0.000 0.155
 0.000 0.000 1.000 0.000
 0.000 0.000 0.000 1.000)

1.8199877738952637
(0.950 -0.312 0.000 0.475
 0.312 0.950 0.000 0.156
 0.000 0.000 1.000 0.000
 0.000 0.000 0.000 1.000)

1.8366949558258057
(0.949 -0.315 0.000 0.475
 0.315 0.949 0.000 0.158
 0.000 0.000 1.000 0.000
 0.000 0.000 0.000 1.000)

1.853468894958496
(0.948 -0.318 0.000 0.474
 0.318 0.948 0.000 0.159
 0.000 0.000 1.000 0.000
 0.000 0.000 0.000 1.000)

1.8701868057250977
(0.947 -0.321 0.000 0.474
 0.321 0.947 0.000 0.160
 0.000 0.000 1.000 0.000
 0.000 0.000 0.000 1.000)

1.8869497776031494
(0.946 -0.323 0.000 0.473
 0.323 0.946 0.000 0.162
 0.000 0.000 1.000 0.000
 0.000 0.000 0.000 1.000)

1.9036529064178467
(0.945 -0.326 0.000 0.473
 0.326 0.945 0.000 0.163
 0.000 0.000 1.000 0.000
 0.000 0.000 0.000 1.000)

1.9203619956970215
(0.944 -0.329 0.000 0.472
 0.329 0.944 0.000 0.164
 0.000 0.000 1.000 0.000
 0.000 0.000 0.000 1.000)

1.9370818138122559
(0.943 -0.332 0.000 0.472
 0.332 0.943 0.000 0.166
 0.000 0.000 1.000 0.000
 0.000 0.000 0.000 1.000)

1.9538068771362305
(0.942 -0.334 0.000 0.471
 0.334 0.942 0.000 0.167
 0.000 0.000 1.000 0.000
 0.000 0.000 0.000 1.000)

1.9705159664154053
(0.941 -0.337 0.000 0.471
 0.337 0.941 0.000 0.169
 0.000 0.000 1.000 0.000
 0.000 0.000 0.000 1.000)

1.9872429370880127
(0.940 -0.340 0.000 0.470
 0.340 0.940 0.000 0.170
 0.000 0.000 1.000 0.000
 0.000 0.000 0.000 1.000)

2.003955841064453
(0.939 -0.343 0.000 0.470
 0.343 0.939 0.000 0.171
 0.000 0.000 1.000 0.000
 0.000 0.000 0.000 1.000)

2.0206809043884277
(0.938 -0.345 0.000 0.469
 0.345 0.938 0.000 0.173
 0.000 0.000 1.000 0.000
 0.000 0.000 0.000 1.000)

2.037461996078491
(0.937 -0.348 0.000 0.469
 0.348 0.937 0.000 0.174
 0.000 0.000 1.000 0.000
 0.000 0.000 0.000 1.000)

2.0541999340057373
(0.936 -0.351 0.000 0.468
 0.351 0.936 0.000 0.175
 0.000 0.000 1.000 0.000
 0.000 0.000 0.000 1.000)

2.0709447860717773
(0.935 -0.354 0.000 0.468
 0.354 0.935 0.000 0.177
 0.000 0.000 1.000 0.000
 0.000 0.000 0.000 1.000)

2.0876848697662354
(0.934 -0.356 0.000 0.467
 0.356 0.934 0.000 0.178
 0.000 0.000 1.000 0.000
 0.000 0.000 0.000 1.000)

2.1044058799743652
(0.933 -0.359 0.000 0.467
 0.359 0.933 0.000 0.180
 0.000 0.000 1.000 0.000
 0.000 0.000 0.000 1.000)

2.1211719512939453
(0.932 -0.362 0.000 0.466
 0.362 0.932 0.000 0.181
 0.000 0.000 1.000 0.000
 0.000 0.000 0.000 1.000)

2.1379048824310303
(0.931 -0.365 0.000 0.466
 0.365 0.931 0.000 0.182
 0.000 0.000 1.000 0.000
 0.000 0.000 0.000 1.000)

2.154615879058838
(0.930 -0.367 0.000 0.465
 0.367 0.930 0.000 0.184
 0.000 0.000 1.000 0.000
 0.000 0.000 0.000 1.000)

2.171381950378418
(0.929 -0.370 0.000 0.465
 0.370 0.929 0.000 0.185
 0.000 0.000 1.000 0.000
 0.000 0.000 0.000 1.000)

2.188124895095825
(0.928 -0.373 0.000 0.464
 0.373 0.928 0.000 0.186
 0.000 0.000 1.000 0.000
 0.000 0.000 0.000 1.000)

2.2048349380493164
(0.927 -0.375 0.000 0.463
 0.375 0.927 0.000 0.188
 0.000 0.000 1.000 0.000
 0.000 0.000 0.000 1.000)

2.2216057777404785
(0.926 -0.378 0.000 0.463
 0.378 0.926 0.000 0.189
 0.000 0.000 1.000 0.000
 0.000 0.000 0.000 1.000)

2.238348960876465
(0.925 -0.381 0.000 0.462
 0.381 0.925 0.000 0.190
 0.000 0.000 1.000 0.000
 0.000 0.000 0.000 1.000)

2.2550978660583496
(0.924 -0.384 0.000 0.462
 0.384 0.924 0.000 0.192
 0.000 0.000 1.000 0.000
 0.000 0.000 0.000 1.000)

2.27183198928833
(0.922 -0.386 0.000 0.461
 0.386 0.922 0.000 0.193
 0.000 0.000 1.000 0.000
 0.000 0.000 0.000 1.000)

2.28857684135437
(0.921 -0.389 0.000 0.461
 0.389 0.921 0.000 0.194
 0.000 0.000 1.000 0.000
 0.000 0.000 0.000 1.000)

2.305314779281616
(0.920 -0.392 0.000 0.460
 0.392 0.920 0.000 0.196
 0.000 0.000 1.000 0.000
 0.000 0.000 0.000 1.000)

2.32201886177063
(0.919 -0.394 0.000 0.459
 0.394 0.919 0.000 0.197
 0.000 0.000 1.000 0.000
 0.000 0.000 0.000 1.000)

2.3387839794158936
(0.918 -0.397 0.000 0.459
 0.397 0.918 0.000 0.198
 0.000 0.000 1.000 0.000
 0.000 0.000 0.000 1.000)

2.3555219173431396
(0.917 -0.400 0.000 0.458
 0.400 0.917 0.000 0.200
 0.000 0.000 1.000 0.000
 0.000 0.000 0.000 1.000)

2.3722667694091797
(0.916 -0.402 0.000 0.458
 0.402 0.916 0.000 0.201
 0.000 0.000 1.000 0.000
 0.000 0.000 0.000 1.000)

2.388979911804199
(0.914 -0.405 0.000 0.457
 0.405 0.914 0.000 0.202
 0.000 0.000 1.000 0.000
 0.000 0.000 0.000 1.000)

2.4057488441467285
(0.913 -0.408 0.000 0.457
 0.408 0.913 0.000 0.204
 0.000 0.000 1.000 0.000
 0.000 0.000 0.000 1.000)

2.4224798679351807
(0.912 -0.410 0.000 0.456
 0.410 0.912 0.000 0.205
 0.000 0.000 1.000 0.000
 0.000 0.000 0.000 1.000)

2.4392127990722656
(0.911 -0.413 0.000 0.455
 0.413 0.911 0.000 0.206
 0.000 0.000 1.000 0.000
 0.000 0.000 0.000 1.000)

2.4559037685394287
(0.910 -0.416 0.000 0.455
 0.416 0.910 0.000 0.208
 0.000 0.000 1.000 0.000
 0.000 0.000 0.000 1.000)

2.4726428985595703
(0.908 -0.418 0.000 0.454
 0.418 0.908 0.000 0.209
 0.000 0.000 1.000 0.000
 0.000 0.000 0.000 1.000)

2.489348888397217
(0.907 -0.421 0.000 0.454
 0.421 0.907 0.000 0.210
 0.000 0.000 1.000 0.000
 0.000 0.000 0.000 1.000)

2.5060739517211914
(0.906 -0.424 0.000 0.453
 0.424 0.906 0.000 0.212
 0.000 0.000 1.000 0.000
 0.000 0.000 0.000 1.000)

2.522840976715088
(0.905 -0.426 0.000 0.452
 0.426 0.905 0.000 0.213
 0.000 0.000 1.000 0.000
 0.000 0.000 0.000 1.000)

2.5395829677581787
(0.903 -0.429 0.000 0.452
 0.429 0.903 0.000 0.214
 0.000 0.000 1.000 0.000
 0.000 0.000 0.000 1.000)

2.5563249588012695
(0.902 -0.432 0.000 0.451
 0.432 0.902 0.000 0.216
 0.000 0.000 1.000 0.000
 0.000 0.000 0.000 1.000)

2.573063850402832
(0.901 -0.434 0.000 0.450
 0.434 0.901 0.000 0.217
 0.000 0.000 1.000 0.000
 0.000 0.000 0.000 1.000)

2.5898098945617676
(0.900 -0.437 0.000 0.450
 0.437 0.900 0.000 0.218
 0.000 0.000 1.000 0.000
 0.000 0.000 0.000 1.000)

2.606541872024536
(0.898 -0.439 0.000 0.449
 0.439 0.898 0.000 0.220
 0.000 0.000 1.000 0.000
 0.000 0.000 0.000 1.000)

2.6232779026031494
(0.897 -0.442 0.000 0.449
 0.442 0.897 0.000 0.221
 0.000 0.000 1.000 0.000
 0.000 0.000 0.000 1.000)

2.639962911605835
(0.896 -0.445 0.000 0.448
 0.445 0.896 0.000 0.222
 0.000 0.000 1.000 0.000
 0.000 0.000 0.000 1.000)

2.6566848754882812
(0.894 -0.447 0.000 0.447
 0.447 0.894 0.000 0.224
 0.000 0.000 1.000 0.000
 0.000 0.000 0.000 1.000)

2.6734089851379395
(0.893 -0.450 0.000 0.447
 0.450 0.893 0.000 0.225
 0.000 0.000 1.000 0.000
 0.000 0.000 0.000 1.000)

2.690124988555908
(0.892 -0.452 0.000 0.446
 0.452 0.892 0.000 0.226
 0.000 0.000 1.000 0.000
 0.000 0.000 0.000 1.000)

2.706847906112671
(0.890 -0.455 0.000 0.445
 0.455 0.890 0.000 0.228
 0.000 0.000 1.000 0.000
 0.000 0.000 0.000 1.000)

2.723578929901123
(0.889 -0.458 0.000 0.445
 0.458 0.889 0.000 0.229
 0.000 0.000 1.000 0.000
 0.000 0.000 0.000 1.000)

2.740341901779175
(0.888 -0.460 0.000 0.444
 0.460 0.888 0.000 0.230
 0.000 0.000 1.000 0.000
 0.000 0.000 0.000 1.000)

2.7570748329162598
(0.886 -0.463 0.000 0.443
 0.463 0.886 0.000 0.231
 0.000 0.000 1.000 0.000
 0.000 0.000 0.000 1.000)

2.773782968521118
(0.885 -0.465 0.000 0.443
 0.465 0.885 0.000 0.233
 0.000 0.000 1.000 0.000
 0.000 0.000 0.000 1.000)

2.7905609607696533
(0.884 -0.468 0.000 0.442
 0.468 0.884 0.000 0.234
 0.000 0.000 1.000 0.000
 0.000 0.000 0.000 1.000)

2.8072948455810547
(0.882 -0.471 0.000 0.441
 0.471 0.882 0.000 0.235
 0.000 0.000 1.000 0.000
 0.000 0.000 0.000 1.000)

2.824039936065674
(0.881 -0.473 0.000 0.440
 0.473 0.881 0.000 0.237
 0.000 0.000 1.000 0.000
 0.000 0.000 0.000 1.000)

2.8407599925994873
(0.880 -0.476 0.000 0.440
 0.476 0.880 0.000 0.238
 0.000 0.000 1.000 0.000
 0.000 0.000 0.000 1.000)

2.857517957687378
(0.878 -0.478 0.000 0.439
 0.478 0.878 0.000 0.239
 0.000 0.000 1.000 0.000
 0.000 0.000 0.000 1.000)

2.8742599487304688
(0.877 -0.481 0.000 0.438
 0.481 0.877 0.000 0.240
 0.000 0.000 1.000 0.000
 0.000 0.000 0.000 1.000)

2.891004800796509
(0.875 -0.483 0.000 0.438
 0.483 0.875 0.000 0.242
 0.000 0.000 1.000 0.000
 0.000 0.000 0.000 1.000)

2.907711982727051
(0.874 -0.486 0.000 0.437
 0.486 0.874 0.000 0.243
 0.000 0.000 1.000 0.000
 0.000 0.000 0.000 1.000)

2.924474000930786
(0.873 -0.489 0.000 0.436
 0.489 0.873 0.000 0.244
 0.000 0.000 1.000 0.000
 0.000 0.000 0.000 1.000)

2.941182851791382
(0.871 -0.491 0.000 0.436
 0.491 0.871 0.000 0.246
 0.000 0.000 1.000 0.000
 0.000 0.000 0.000 1.000)

2.95794677734375
(0.870 -0.494 0.000 0.435
 0.494 0.870 0.000 0.247
 0.000 0.000 1.000 0.000
 0.000 0.000 0.000 1.000)

2.9746859073638916
(0.868 -0.496 0.000 0.434
 0.496 0.868 0.000 0.248
 0.000 0.000 1.000 0.000
 0.000 0.000 0.000 1.000)

2.9914309978485107
(0.867 -0.499 0.000 0.433
 0.499 0.867 0.000 0.249
 0.000 0.000 1.000 0.000
 0.000 0.000 0.000 1.000)

3.0081498622894287
(0.865 -0.501 0.000 0.433
 0.501 0.865 0.000 0.251
 0.000 0.000 1.000 0.000
 0.000 0.000 0.000 1.000)

3.024916887283325
(0.864 -0.504 0.000 0.432
 0.504 0.864 0.000 0.252
 0.000 0.000 1.000 0.000
 0.000 0.000 0.000 1.000)

3.041656970977783
(0.862 -0.506 0.000 0.431
 0.506 0.862 0.000 0.253
 0.000 0.000 1.000 0.000
 0.000 0.000 0.000 1.000)

3.0584049224853516
(0.861 -0.509 0.000 0.430
 0.509 0.861 0.000 0.254
 0.000 0.000 1.000 0.000
 0.000 0.000 0.000 1.000)

3.075140953063965
(0.859 -0.511 0.000 0.430
 0.511 0.859 0.000 0.256
 0.000 0.000 1.000 0.000
 0.000 0.000 0.000 1.000)

3.0918807983398438
(0.858 -0.514 0.000 0.429
 0.514 0.858 0.000 0.257
 0.000 0.000 1.000 0.000
 0.000 0.000 0.000 1.000)

3.1086199283599854
(0.856 -0.516 0.000 0.428
 0.516 0.856 0.000 0.258
 0.000 0.000 1.000 0.000
 0.000 0.000 0.000 1.000)

3.125354766845703
(0.855 -0.519 0.000 0.427
 0.519 0.855 0.000 0.259
 0.000 0.000 1.000 0.000
 0.000 0.000 0.000 1.000)

3.142096996307373
(0.853 -0.521 0.000 0.427
 0.521 0.853 0.000 0.261
 0.000 0.000 1.000 0.000
 0.000 0.000 0.000 1.000)

3.1588399410247803
(0.852 -0.524 0.000 0.426
 0.524 0.852 0.000 0.262
 0.000 0.000 1.000 0.000
 0.000 0.000 0.000 1.000)

3.1755359172821045
(0.850 -0.526 0.000 0.425
 0.526 0.850 0.000 0.263
 0.000 0.000 1.000 0.000
 0.000 0.000 0.000 1.000)

3.1922688484191895
(0.849 -0.529 0.000 0.424
 0.529 0.849 0.000 0.264
 0.000 0.000 1.000 0.000
 0.000 0.000 0.000 1.000)

3.2090327739715576
(0.847 -0.531 0.000 0.424
 0.531 0.847 0.000 0.266
 0.000 0.000 1.000 0.000
 0.000 0.000 0.000 1.000)

3.2257487773895264
(0.846 -0.534 0.000 0.423
 0.534 0.846 0.000 0.267
 0.000 0.000 1.000 0.000
 0.000 0.000 0.000 1.000)

3.2425098419189453
(0.844 -0.536 0.000 0.422
 0.536 0.844 0.000 0.268
 0.000 0.000 1.000 0.000
 0.000 0.000 0.000 1.000)

3.259229898452759
(0.843 -0.539 0.000 0.421
 0.539 0.843 0.000 0.269
 0.000 0.000 1.000 0.000
 0.000 0.000 0.000 1.000)

3.275972843170166
(0.841 -0.541 0.000 0.420
 0.541 0.841 0.000 0.271
 0.000 0.000 1.000 0.000
 0.000 0.000 0.000 1.000)

3.2926809787750244
(0.839 -0.544 0.000 0.420
 0.544 0.839 0.000 0.272
 0.000 0.000 1.000 0.000
 0.000 0.000 0.000 1.000)

3.3094539642333984
(0.838 -0.546 0.000 0.419
 0.546 0.838 0.000 0.273
 0.000 0.000 1.000 0.000
 0.000 0.000 0.000 1.000)

3.3261988162994385
(0.836 -0.548 0.000 0.418
 0.548 0.836 0.000 0.274
 0.000 0.000 1.000 0.000
 0.000 0.000 0.000 1.000)

3.3429009914398193
(0.835 -0.551 0.000 0.417
 0.551 0.835 0.000 0.275
 0.000 0.000 1.000 0.000
 0.000 0.000 0.000 1.000)

3.3596129417419434
(0.833 -0.553 0.000 0.416
 0.553 0.833 0.000 0.277
 0.000 0.000 1.000 0.000
 0.000 0.000 0.000 1.000)

3.376340866088867
(0.831 -0.556 0.000 0.416
 0.556 0.831 0.000 0.278
 0.000 0.000 1.000 0.000
 0.000 0.000 0.000 1.000)

3.3930509090423584
(0.830 -0.558 0.000 0.415
 0.558 0.830 0.000 0.279
 0.000 0.000 1.000 0.000
 0.000 0.000 0.000 1.000)

3.40976881980896
(0.828 -0.561 0.000 0.414
 0.561 0.828 0.000 0.280
 0.000 0.000 1.000 0.000
 0.000 0.000 0.000 1.000)

3.4264957904815674
(0.826 -0.563 0.000 0.413
 0.563 0.826 0.000 0.282
 0.000 0.000 1.000 0.000
 0.000 0.000 0.000 1.000)

3.443211793899536
(0.825 -0.565 0.000 0.412
 0.565 0.825 0.000 0.283
 0.000 0.000 1.000 0.000
 0.000 0.000 0.000 1.000)

3.4599390029907227
(0.823 -0.568 0.000 0.412
 0.568 0.823 0.000 0.284
 0.000 0.000 1.000 0.000
 0.000 0.000 0.000 1.000)

3.4766809940338135
(0.821 -0.570 0.000 0.411
 0.570 0.821 0.000 0.285
 0.000 0.000 1.000 0.000
 0.000 0.000 0.000 1.000)

3.4934539794921875
(0.820 -0.573 0.000 0.410
 0.573 0.820 0.000 0.286
 0.000 0.000 1.000 0.000
 0.000 0.000 0.000 1.000)

3.5101959705352783
(0.818 -0.575 0.000 0.409
 0.575 0.818 0.000 0.288
 0.000 0.000 1.000 0.000
 0.000 0.000 0.000 1.000)

3.5269367694854736
(0.816 -0.577 0.000 0.408
 0.577 0.816 0.000 0.289
 0.000 0.000 1.000 0.000
 0.000 0.000 0.000 1.000)

3.543639898300171
(0.815 -0.580 0.000 0.407
 0.580 0.815 0.000 0.290
 0.000 0.000 1.000 0.000
 0.000 0.000 0.000 1.000)

3.560360908508301
(0.813 -0.582 0.000 0.407
 0.582 0.813 0.000 0.291
 0.000 0.000 1.000 0.000
 0.000 0.000 0.000 1.000)

3.577082872390747
(0.811 -0.585 0.000 0.406
 0.585 0.811 0.000 0.292
 0.000 0.000 1.000 0.000
 0.000 0.000 0.000 1.000)

3.5938079357147217
(0.810 -0.587 0.000 0.405
 0.587 0.810 0.000 0.293
 0.000 0.000 1.000 0.000
 0.000 0.000 0.000 1.000)

3.610534906387329
(0.808 -0.589 0.000 0.404
 0.589 0.808 0.000 0.295
 0.000 0.000 1.000 0.000
 0.000 0.000 0.000 1.000)

3.6272518634796143
(0.806 -0.592 0.000 0.403
 0.592 0.806 0.000 0.296
 0.000 0.000 1.000 0.000
 0.000 0.000 0.000 1.000)

3.6439759731292725
(0.804 -0.594 0.000 0.402
 0.594 0.804 0.000 0.297
 0.000 0.000 1.000 0.000
 0.000 0.000 0.000 1.000)

3.6606879234313965
(0.803 -0.596 0.000 0.401
 0.596 0.803 0.000 0.298
 0.000 0.000 1.000 0.000
 0.000 0.000 0.000 1.000)

3.6774659156799316
(0.801 -0.599 0.000 0.400
 0.599 0.801 0.000 0.299
 0.000 0.000 1.000 0.000
 0.000 0.000 0.000 1.000)

3.6941978931427
(0.799 -0.601 0.000 0.400
 0.601 0.799 0.000 0.301
 0.000 0.000 1.000 0.000
 0.000 0.000 0.000 1.000)

3.7109439373016357
(0.797 -0.603 0.000 0.399
 0.603 0.797 0.000 0.302
 0.000 0.000 1.000 0.000
 0.000 0.000 0.000 1.000)

3.7276368141174316
(0.796 -0.606 0.000 0.398
 0.606 0.796 0.000 0.303
 0.000 0.000 1.000 0.000
 0.000 0.000 0.000 1.000)

3.744353771209717
(0.794 -0.608 0.000 0.397
 0.608 0.794 0.000 0.304
 0.000 0.000 1.000 0.000
 0.000 0.000 0.000 1.000)

3.761070966720581
(0.792 -0.610 0.000 0.396
 0.610 0.792 0.000 0.305
 0.000 0.000 1.000 0.000
 0.000 0.000 0.000 1.000)

3.777796983718872
(0.790 -0.613 0.000 0.395
 0.613 0.790 0.000 0.306
 0.000 0.000 1.000 0.000
 0.000 0.000 0.000 1.000)

3.7945168018341064
(0.789 -0.615 0.000 0.394
 0.615 0.789 0.000 0.307
 0.000 0.000 1.000 0.000
 0.000 0.000 0.000 1.000)

3.8112478256225586
(0.787 -0.617 0.000 0.393
 0.617 0.787 0.000 0.309
 0.000 0.000 1.000 0.000
 0.000 0.000 0.000 1.000)

3.8279638290405273
(0.785 -0.620 0.000 0.392
 0.620 0.785 0.000 0.310
 0.000 0.000 1.000 0.000
 0.000 0.000 0.000 1.000)

3.8446829319000244
(0.783 -0.622 0.000 0.392
 0.622 0.783 0.000 0.311
 0.000 0.000 1.000 0.000
 0.000 0.000 0.000 1.000)

3.8614158630371094
(0.781 -0.624 0.000 0.391
 0.624 0.781 0.000 0.312
 0.000 0.000 1.000 0.000
 0.000 0.000 0.000 1.000)

3.8781747817993164
(0.780 -0.626 0.000 0.390
 0.626 0.780 0.000 0.313
 0.000 0.000 1.000 0.000
 0.000 0.000 0.000 1.000)

3.8949179649353027
(0.778 -0.629 0.000 0.389
 0.629 0.778 0.000 0.314
 0.000 0.000 1.000 0.000
 0.000 0.000 0.000 1.000)

3.9116599559783936
(0.776 -0.631 0.000 0.388
 0.631 0.776 0.000 0.315
 0.000 0.000 1.000 0.000
 0.000 0.000 0.000 1.000)

3.928403854370117
(0.774 -0.633 0.000 0.387
 0.633 0.774 0.000 0.317
 0.000 0.000 1.000 0.000
 0.000 0.000 0.000 1.000)

3.945114850997925
(0.772 -0.635 0.000 0.386
 0.635 0.772 0.000 0.318
 0.000 0.000 1.000 0.000
 0.000 0.000 0.000 1.000)

3.961862802505493
(0.770 -0.638 0.000 0.385
 0.638 0.770 0.000 0.319
 0.000 0.000 1.000 0.000
 0.000 0.000 0.000 1.000)

3.9786109924316406
(0.768 -0.640 0.000 0.384
 0.640 0.768 0.000 0.320
 0.000 0.000 1.000 0.000
 0.000 0.000 0.000 1.000)

3.9952759742736816
(0.767 -0.642 0.000 0.383
 0.642 0.767 0.000 0.321
 0.000 0.000 1.000 0.000
 0.000 0.000 0.000 1.000)

4.012004852294922
(0.765 -0.644 0.000 0.382
 0.644 0.765 0.000 0.322
 0.000 0.000 1.000 0.000
 0.000 0.000 0.000 1.000)

4.028793811798096
(0.763 -0.647 0.000 0.381
 0.647 0.763 0.000 0.323
 0.000 0.000 1.000 0.000
 0.000 0.000 0.000 1.000)

4.045470237731934
(0.761 -0.649 0.000 0.380
 0.649 0.761 0.000 0.324
 0.000 0.000 1.000 0.000
 0.000 0.000 0.000 1.000)

4.062236785888672
(0.759 -0.651 0.000 0.380
 0.651 0.759 0.000 0.326
 0.000 0.000 1.000 0.000
 0.000 0.000 0.000 1.000)

4.078967094421387
(0.757 -0.653 0.000 0.379
 0.653 0.757 0.000 0.327
 0.000 0.000 1.000 0.000
 0.000 0.000 0.000 1.000)

4.095684051513672
(0.755 -0.655 0.000 0.378
 0.655 0.755 0.000 0.328
 0.000 0.000 1.000 0.000
 0.000 0.000 0.000 1.000)

4.11238956451416
(0.753 -0.658 0.000 0.377
 0.658 0.753 0.000 0.329
 0.000 0.000 1.000 0.000
 0.000 0.000 0.000 1.000)

4.129138946533203
(0.751 -0.660 0.000 0.376
 0.660 0.751 0.000 0.330
 0.000 0.000 1.000 0.000
 0.000 0.000 0.000 1.000)

4.14586067199707
(0.749 -0.662 0.000 0.375
 0.662 0.749 0.000 0.331
 0.000 0.000 1.000 0.000
 0.000 0.000 0.000 1.000)

4.162582874298096
(0.747 -0.664 0.000 0.374
 0.664 0.747 0.000 0.332
 0.000 0.000 1.000 0.000
 0.000 0.000 0.000 1.000)

4.17930793762207
(0.746 -0.666 0.000 0.373
 0.666 0.746 0.000 0.333
 0.000 0.000 1.000 0.000
 0.000 0.000 0.000 1.000)

4.1960368156433105
(0.744 -0.669 0.000 0.372
 0.669 0.744 0.000 0.334
 0.000 0.000 1.000 0.000
 0.000 0.000 0.000 1.000)

4.212743759155273
(0.742 -0.671 0.000 0.371
 0.671 0.742 0.000 0.335
 0.000 0.000 1.000 0.000
 0.000 0.000 0.000 1.000)

4.229483604431152
(0.740 -0.673 0.000 0.370
 0.673 0.740 0.000 0.336
 0.000 0.000 1.000 0.000
 0.000 0.000 0.000 1.000)

4.246204853057861
(0.738 -0.675 0.000 0.369
 0.675 0.738 0.000 0.338
 0.000 0.000 1.000 0.000
 0.000 0.000 0.000 1.000)

4.2628936767578125
(0.736 -0.677 0.000 0.368
 0.677 0.736 0.000 0.339
 0.000 0.000 1.000 0.000
 0.000 0.000 0.000 1.000)

4.279656887054443
(0.734 -0.679 0.000 0.367
 0.679 0.734 0.000 0.340
 0.000 0.000 1.000 0.000
 0.000 0.000 0.000 1.000)

4.2963762283325195
(0.732 -0.682 0.000 0.366
 0.682 0.732 0.000 0.341
 0.000 0.000 1.000 0.000
 0.000 0.000 0.000 1.000)

4.313106536865234
(0.730 -0.684 0.000 0.365
 0.684 0.730 0.000 0.342
 0.000 0.000 1.000 0.000
 0.000 0.000 0.000 1.000)

4.329824924468994
(0.728 -0.686 0.000 0.364
 0.686 0.728 0.000 0.343
 0.000 0.000 1.000 0.000
 0.000 0.000 0.000 1.000)

4.346551895141602
(0.726 -0.688 0.000 0.363
 0.688 0.726 0.000 0.344
 0.000 0.000 1.000 0.000
 0.000 0.000 0.000 1.000)

4.3632612228393555
(0.724 -0.690 0.000 0.362
 0.690 0.724 0.000 0.345
 0.000 0.000 1.000 0.000
 0.000 0.000 0.000 1.000)

4.379980087280273
(0.722 -0.692 0.000 0.361
 0.692 0.722 0.000 0.346
 0.000 0.000 1.000 0.000
 0.000 0.000 0.000 1.000)

4.396678924560547
(0.720 -0.694 0.000 0.360
 0.694 0.720 0.000 0.347
 0.000 0.000 1.000 0.000
 0.000 0.000 0.000 1.000)

4.413435935974121
(0.718 -0.696 0.000 0.359
 0.696 0.718 0.000 0.348
 0.000 0.000 1.000 0.000
 0.000 0.000 0.000 1.000)

4.430158615112305
(0.716 -0.698 0.000 0.358
 0.698 0.716 0.000 0.349
 0.000 0.000 1.000 0.000
 0.000 0.000 0.000 1.000)

4.446871757507324
(0.714 -0.701 0.000 0.357
 0.701 0.714 0.000 0.350
 0.000 0.000 1.000 0.000
 0.000 0.000 0.000 1.000)

4.4636077880859375
(0.712 -0.703 0.000 0.356
 0.703 0.712 0.000 0.351
 0.000 0.000 1.000 0.000
 0.000 0.000 0.000 1.000)

4.480330944061279
(0.710 -0.705 0.000 0.355
 0.705 0.710 0.000 0.352
 0.000 0.000 1.000 0.000
 0.000 0.000 0.000 1.000)

4.497049808502197
(0.707 -0.707 0.000 0.354
 0.707 0.707 0.000 0.353
 0.000 0.000 1.000 0.000
 0.000 0.000 0.000 1.000)

4.513775825500488
(0.705 -0.709 0.000 0.353
 0.709 0.705 0.000 0.354
 0.000 0.000 1.000 0.000
 0.000 0.000 0.000 1.000)

4.530500888824463
(0.703 -0.711 0.000 0.352
 0.711 0.703 0.000 0.355
 0.000 0.000 1.000 0.000
 0.000 0.000 0.000 1.000)

4.547217845916748
(0.701 -0.713 0.000 0.351
 0.713 0.701 0.000 0.356
 0.000 0.000 1.000 0.000
 0.000 0.000 0.000 1.000)

4.5639448165893555
(0.699 -0.715 0.000 0.350
 0.715 0.699 0.000 0.357
 0.000 0.000 1.000 0.000
 0.000 0.000 0.000 1.000)

4.580652236938477
(0.697 -0.717 0.000 0.349
 0.717 0.697 0.000 0.358
 0.000 0.000 1.000 0.000
 0.000 0.000 0.000 1.000)

4.597394943237305
(0.695 -0.719 0.000 0.347
 0.719 0.695 0.000 0.360
 0.000 0.000 1.000 0.000
 0.000 0.000 0.000 1.000)

4.614075660705566
(0.693 -0.721 0.000 0.346
 0.721 0.693 0.000 0.361
 0.000 0.000 1.000 0.000
 0.000 0.000 0.000 1.000)

4.630773544311523
(0.691 -0.723 0.000 0.345
 0.723 0.691 0.000 0.362
 0.000 0.000 1.000 0.000
 0.000 0.000 0.000 1.000)

4.647479057312012
(0.689 -0.725 0.000 0.344
 0.725 0.689 0.000 0.363
 0.000 0.000 1.000 0.000
 0.000 0.000 0.000 1.000)

4.664181709289551
(0.687 -0.727 0.000 0.343
 0.727 0.687 0.000 0.364
 0.000 0.000 1.000 0.000
 0.000 0.000 0.000 1.000)

4.680890083312988
(0.684 -0.729 0.000 0.342
 0.729 0.684 0.000 0.365
 0.000 0.000 1.000 0.000
 0.000 0.000 0.000 1.000)

4.697640895843506
(0.682 -0.731 0.000 0.341
 0.731 0.682 0.000 0.366
 0.000 0.000 1.000 0.000
 0.000 0.000 0.000 1.000)

4.714365005493164
(0.680 -0.733 0.000 0.340
 0.733 0.680 0.000 0.367
 0.000 0.000 1.000 0.000
 0.000 0.000 0.000 1.000)

4.731081008911133
(0.678 -0.735 0.000 0.339
 0.735 0.678 0.000 0.368
 0.000 0.000 1.000 0.000
 0.000 0.000 0.000 1.000)

4.747804641723633
(0.676 -0.737 0.000 0.338
 0.737 0.676 0.000 0.369
 0.000 0.000 1.000 0.000
 0.000 0.000 0.000 1.000)

4.764524936676025
(0.674 -0.739 0.000 0.337
 0.739 0.674 0.000 0.369
 0.000 0.000 1.000 0.000
 0.000 0.000 0.000 1.000)

4.781243801116943
(0.672 -0.741 0.000 0.336
 0.741 0.672 0.000 0.370
 0.000 0.000 1.000 0.000
 0.000 0.000 0.000 1.000)

4.797930717468262
(0.669 -0.743 0.000 0.335
 0.743 0.669 0.000 0.371
 0.000 0.000 1.000 0.000
 0.000 0.000 0.000 1.000)

4.814684867858887
(0.667 -0.745 0.000 0.334
 0.745 0.667 0.000 0.372
 0.000 0.000 1.000 0.000
 0.000 0.000 0.000 1.000)

4.831411838531494
(0.665 -0.747 0.000 0.333
 0.747 0.665 0.000 0.373
 0.000 0.000 1.000 0.000
 0.000 0.000 0.000 1.000)

4.848130226135254
(0.663 -0.749 0.000 0.331
 0.749 0.663 0.000 0.374
 0.000 0.000 1.000 0.000
 0.000 0.000 0.000 1.000)

4.864851951599121
(0.661 -0.751 0.000 0.330
 0.751 0.661 0.000 0.375
 0.000 0.000 1.000 0.000
 0.000 0.000 0.000 1.000)

4.881570816040039
(0.658 -0.753 0.000 0.329
 0.753 0.658 0.000 0.376
 0.000 0.000 1.000 0.000
 0.000 0.000 0.000 1.000)

4.89829683303833
(0.656 -0.755 0.000 0.328
 0.755 0.656 0.000 0.377
 0.000 0.000 1.000 0.000
 0.000 0.000 0.000 1.000)

4.915017127990723
(0.654 -0.756 0.000 0.327
 0.756 0.654 0.000 0.378
 0.000 0.000 1.000 0.000
 0.000 0.000 0.000 1.000)

4.931739807128906
(0.652 -0.758 0.000 0.326
 0.758 0.652 0.000 0.379
 0.000 0.000 1.000 0.000
 0.000 0.000 0.000 1.000)

4.948425769805908
(0.650 -0.760 0.000 0.325
 0.760 0.650 0.000 0.380
 0.000 0.000 1.000 0.000
 0.000 0.000 0.000 1.000)

4.96518087387085
(0.647 -0.762 0.000 0.324
 0.762 0.647 0.000 0.381
 0.000 0.000 1.000 0.000
 0.000 0.000 0.000 1.000)

4.981898784637451
(0.645 -0.764 0.000 0.323
 0.764 0.645 0.000 0.382
 0.000 0.000 1.000 0.000
 0.000 0.000 0.000 1.000)

4.998619079589844
(0.643 -0.766 0.000 0.321
 0.766 0.643 0.000 0.383
 0.000 0.000 1.000 0.000
 0.000 0.000 0.000 1.000)

5.016827583312988
(0.641 -0.768 0.000 0.320
 0.768 0.641 0.000 0.384
 0.000 0.000 1.000 0.000
 0.000 0.000 0.000 1.000)

5.033625602722168
(0.638 -0.770 0.000 0.319
 0.770 0.638 0.000 0.385
 0.000 0.000 1.000 0.000
 0.000 0.000 0.000 1.000)

5.0503339767456055
(0.636 -0.772 0.000 0.318
 0.772 0.636 0.000 0.386
 0.000 0.000 1.000 0.000
 0.000 0.000 0.000 1.000)

5.067101001739502
(0.634 -0.774 0.000 0.317
 0.774 0.634 0.000 0.387
 0.000 0.000 1.000 0.000
 0.000 0.000 0.000 1.000)

5.083827972412109
(0.632 -0.775 0.000 0.316
 0.775 0.632 0.000 0.388
 0.000 0.000 1.000 0.000
 0.000 0.000 0.000 1.000)

5.1005859375
(0.629 -0.777 0.000 0.315
 0.777 0.629 0.000 0.389
 0.000 0.000 1.000 0.000
 0.000 0.000 0.000 1.000)

5.11731481552124
(0.627 -0.779 0.000 0.313
 0.779 0.627 0.000 0.390
 0.000 0.000 1.000 0.000
 0.000 0.000 0.000 1.000)

5.13405179977417
(0.625 -0.781 0.000 0.312
 0.781 0.625 0.000 0.390
 0.000 0.000 1.000 0.000
 0.000 0.000 0.000 1.000)

5.150793075561523
(0.622 -0.783 0.000 0.311
 0.783 0.622 0.000 0.391
 0.000 0.000 1.000 0.000
 0.000 0.000 0.000 1.000)

5.167539596557617
(0.620 -0.785 0.000 0.310
 0.785 0.620 0.000 0.392
 0.000 0.000 1.000 0.000
 0.000 0.000 0.000 1.000)

5.184270858764648
(0.618 -0.786 0.000 0.309
 0.786 0.618 0.000 0.393
 0.000 0.000 1.000 0.000
 0.000 0.000 0.000 1.000)

5.201011657714844
(0.616 -0.788 0.000 0.308
 0.788 0.616 0.000 0.394
 0.000 0.000 1.000 0.000
 0.000 0.000 0.000 1.000)

5.217720031738281
(0.613 -0.790 0.000 0.307
 0.790 0.613 0.000 0.395
 0.000 0.000 1.000 0.000
 0.000 0.000 0.000 1.000)

5.2344889640808105
(0.611 -0.792 0.000 0.305
 0.792 0.611 0.000 0.396
 0.000 0.000 1.000 0.000
 0.000 0.000 0.000 1.000)

5.251232147216797
(0.609 -0.793 0.000 0.304
 0.793 0.609 0.000 0.397
 0.000 0.000 1.000 0.000
 0.000 0.000 0.000 1.000)

5.267971038818359
(0.606 -0.795 0.000 0.303
 0.795 0.606 0.000 0.398
 0.000 0.000 1.000 0.000
 0.000 0.000 0.000 1.000)

5.284675598144531
(0.604 -0.797 0.000 0.302
 0.797 0.604 0.000 0.399
 0.000 0.000 1.000 0.000
 0.000 0.000 0.000 1.000)

5.301454544067383
(0.602 -0.799 0.000 0.301
 0.799 0.602 0.000 0.399
 0.000 0.000 1.000 0.000
 0.000 0.000 0.000 1.000)

5.31816291809082
(0.599 -0.801 0.000 0.300
 0.801 0.599 0.000 0.400
 0.000 0.000 1.000 0.000
 0.000 0.000 0.000 1.000)

5.334906578063965
(0.597 -0.802 0.000 0.298
 0.802 0.597 0.000 0.401
 0.000 0.000 1.000 0.000
 0.000 0.000 0.000 1.000)

5.351677894592285
(0.595 -0.804 0.000 0.297
 0.804 0.595 0.000 0.402
 0.000 0.000 1.000 0.000
 0.000 0.000 0.000 1.000)

5.368413925170898
(0.592 -0.806 0.000 0.296
 0.806 0.592 0.000 0.403
 0.000 0.000 1.000 0.000
 0.000 0.000 0.000 1.000)

5.385153770446777
(0.590 -0.807 0.000 0.295
 0.807 0.590 0.000 0.404
 0.000 0.000 1.000 0.000
 0.000 0.000 0.000 1.000)

5.40186882019043
(0.588 -0.809 0.000 0.294
 0.809 0.588 0.000 0.405
 0.000 0.000 1.000 0.000
 0.000 0.000 0.000 1.000)

5.418636798858643
(0.585 -0.811 0.000 0.293
 0.811 0.585 0.000 0.405
 0.000 0.000 1.000 0.000
 0.000 0.000 0.000 1.000)

5.435330867767334
(0.583 -0.813 0.000 0.291
 0.813 0.583 0.000 0.406
 0.000 0.000 1.000 0.000
 0.000 0.000 0.000 1.000)

5.452078819274902
(0.580 -0.814 0.000 0.290
 0.814 0.580 0.000 0.407
 0.000 0.000 1.000 0.000
 0.000 0.000 0.000 1.000)

5.468790054321289
(0.578 -0.816 0.000 0.289
 0.816 0.578 0.000 0.408
 0.000 0.000 1.000 0.000
 0.000 0.000 0.000 1.000)

5.485516548156738
(0.576 -0.818 0.000 0.288
 0.818 0.576 0.000 0.409
 0.000 0.000 1.000 0.000
 0.000 0.000 0.000 1.000)

5.502246856689453
(0.573 -0.819 0.000 0.287
 0.819 0.573 0.000 0.410
 0.000 0.000 1.000 0.000
 0.000 0.000 0.000 1.000)

5.518959999084473
(0.571 -0.821 0.000 0.285
 0.821 0.571 0.000 0.411
 0.000 0.000 1.000 0.000
 0.000 0.000 0.000 1.000)

5.53568696975708
(0.568 -0.823 0.000 0.284
 0.823 0.568 0.000 0.411
 0.000 0.000 1.000 0.000
 0.000 0.000 0.000 1.000)

