15.18329906463623
(0.122 -0.539 -0.833 -0.451
 0.826 0.521 -0.216 1.109
 0.551 -0.662 0.509 0.952
 0.000 0.000 0.000 1.000)

15.201231956481934
(0.137 -0.645 -0.752 -0.474
 0.890 0.413 -0.192 1.115
 0.434 -0.643 0.631 0.906
 0.000 0.000 0.000 1.000)

15.217455863952637
(0.130 -0.730 -0.671 -0.500
 0.944 0.297 -0.141 1.118
 0.302 -0.615 0.728 0.865
 0.000 0.000 0.000 1.000)

15.24930477142334
(0.094 -0.809 -0.580 -0.527
 0.977 0.187 -0.102 1.121
 0.191 -0.557 0.808 0.829
 0.000 0.000 0.000 1.000)

15.25076675415039
(0.040 -0.868 -0.495 -0.555
 0.995 0.081 -0.061 1.125
 0.093 -0.490 0.867 0.799
 0.000 0.000 0.000 1.000)

15.26759147644043
(-0.049 -0.930 -0.365 -0.604
 0.998 -0.035 -0.044 1.141
 0.028 -0.366 0.930 0.758
 0.000 0.000 0.000 1.000)

15.284199714660645
(-0.052 -0.952 -0.302 -0.624
 0.998 -0.037 -0.055 1.153
 0.041 -0.304 0.952 0.744
 0.000 0.000 0.000 1.000)

15.30087661743164
(-0.034 -0.961 -0.275 -0.639
 0.996 -0.011 -0.083 1.168
 0.077 -0.277 0.958 0.733
 0.000 0.000 0.000 1.000)

15.317523956298828
(-0.017 -0.976 -0.217 -0.654
 0.993 0.008 -0.116 1.185
 0.115 -0.217 0.969 0.722
 0.000 0.000 0.000 1.000)

15.334308624267578
(-0.001 -0.981 -0.196 -0.665
 0.988 0.030 -0.154 1.204
 0.157 -0.193 0.969 0.714
 0.000 0.000 0.000 1.000)

15.36674690246582
(0.027 -0.986 -0.166 -0.677
 0.979 0.060 -0.197 1.226
 0.204 -0.157 0.966 0.706
 0.000 0.000 0.000 1.000)

15.384285926818848
(0.090 -0.986 -0.138 -0.686
 0.961 0.123 -0.249 1.250
 0.263 -0.111 0.959 0.700
 0.000 0.000 0.000 1.000)

15.40093994140625
(0.199 -0.977 -0.080 -0.700
 0.928 0.215 -0.304 1.276
 0.314 -0.014 0.949 0.692
 0.000 0.000 0.000 1.000)

15.417637825012207
(0.340 -0.940 -0.032 -0.712
 0.871 0.328 -0.365 1.303
 0.353 0.097 0.930 0.688
 0.000 0.000 0.000 1.000)

15.434228897094727
(0.503 -0.864 0.014 -0.722
 0.789 0.452 -0.416 1.332
 0.353 0.221 0.909 0.684
 0.000 0.000 0.000 1.000)

15.450929641723633
(0.637 -0.769 0.049 -0.732
 0.696 0.546 -0.467 1.363
 0.332 0.332 0.883 0.682
 0.000 0.000 0.000 1.000)

15.467631340026855
(0.709 -0.701 0.077 -0.740
 0.627 0.578 -0.522 1.397
 0.321 0.419 0.850 0.681
 0.000 0.000 0.000 1.000)

15.484297752380371
(0.706 -0.702 0.092 -0.746
 0.621 0.552 -0.557 1.432
 0.340 0.450 0.826 0.682
 0.000 0.000 0.000 1.000)

15.501018524169922
(0.555 -0.826 0.102 -0.755
 0.703 0.400 -0.588 1.504
 0.445 0.397 0.803 0.686
 0.000 0.000 0.000 1.000)

15.517729759216309
(0.497 -0.862 0.096 -0.756
 0.720 0.348 -0.601 1.539
 0.485 0.368 0.793 0.691
 0.000 0.000 0.000 1.000)

15.534538269042969
(0.472 -0.879 0.071 -0.753
 0.700 0.325 -0.636 1.573
 0.535 0.350 0.769 0.699
 0.000 0.000 0.000 1.000)

15.551239967346191
(0.491 -0.870 0.038 -0.747
 0.636 0.329 -0.698 1.608
 0.595 0.367 0.715 0.713
 0.000 0.000 0.000 1.000)

15.567739486694336
(0.555 -0.832 -0.013 -0.737
 0.526 0.363 -0.769 1.639
 0.644 0.419 0.640 0.730
 0.000 0.000 0.000 1.000)

15.584468841552734
(0.632 -0.771 -0.075 -0.726
 0.380 0.392 -0.838 1.665
 0.676 0.501 0.541 0.751
 0.000 0.000 0.000 1.000)

15.616907119750977
(0.698 -0.701 -0.147 -0.714
 0.223 0.408 -0.885 1.684
 0.681 0.585 0.441 0.771
 0.000 0.000 0.000 1.000)

15.634568214416504
(0.743 -0.637 -0.204 -0.704
 0.084 0.392 -0.916 1.696
 0.664 0.664 0.345 0.788
 0.000 0.000 0.000 1.000)

15.65125846862793
(0.775 -0.575 -0.262 -0.694
 -0.037 0.374 -0.927 1.702
 0.631 0.728 0.269 0.800
 0.000 0.000 0.000 1.000)

15.66784381866455
(0.792 -0.527 -0.308 -0.687
 -0.114 0.367 -0.923 1.703
 0.600 0.766 0.231 0.805
 0.000 0.000 0.000 1.000)

15.684558868408203
(0.803 -0.490 -0.339 -0.681
 -0.152 0.382 -0.912 1.701
 0.576 0.784 0.232 0.803
 0.000 0.000 0.000 1.000)

15.701225280761719
(0.812 -0.465 -0.352 -0.678
 -0.146 0.423 -0.894 1.697
 0.565 0.778 0.276 0.794
 0.000 0.000 0.000 1.000)

15.717918395996094
(0.823 -0.451 -0.345 -0.676
 -0.109 0.471 -0.875 1.689
 0.557 0.758 0.339 0.783
 0.000 0.000 0.000 1.000)

15.73459243774414
(0.832 -0.450 -0.324 -0.676
 -0.051 0.520 -0.853 1.680
 0.553 0.726 0.409 0.771
 0.000 0.000 0.000 1.000)

15.751306533813477
(0.820 -0.515 -0.249 -0.676
 0.100 0.558 -0.824 1.654
 0.564 0.651 0.509 0.754
 0.000 0.000 0.000 1.000)

15.767967224121094
(0.801 -0.556 -0.222 -0.674
 0.170 0.567 -0.806 1.637
 0.574 0.607 0.549 0.748
 0.000 0.000 0.000 1.000)

15.784564018249512
(0.777 -0.593 -0.210 -0.670
 0.229 0.577 -0.784 1.616
 0.586 0.561 0.584 0.744
 0.000 0.000 0.000 1.000)

15.801277160644531
(0.761 -0.614 -0.208 -0.664
 0.274 0.596 -0.755 1.592
 0.587 0.518 0.622 0.739
 0.000 0.000 0.000 1.000)

15.817974090576172
(0.758 -0.617 -0.212 -0.657
 0.308 0.625 -0.717 1.564
 0.574 0.479 0.664 0.734
 0.000 0.000 0.000 1.000)

15.850380897521973
(0.760 -0.614 -0.215 -0.651
 0.337 0.654 -0.678 1.536
 0.556 0.443 0.703 0.730
 0.000 0.000 0.000 1.000)

15.868005752563477
(0.763 -0.608 -0.219 -0.644
 0.357 0.680 -0.640 1.507
 0.538 0.410 0.736 0.727
 0.000 0.000 0.000 1.000)

15.884671211242676
(0.757 -0.610 -0.234 -0.638
 0.374 0.698 -0.611 1.480
 0.536 0.375 0.756 0.727
 0.000 0.000 0.000 1.000)

15.901342391967773
(0.745 -0.618 -0.252 -0.630
 0.396 0.713 -0.579 1.453
 0.537 0.331 0.776 0.729
 0.000 0.000 0.000 1.000)

15.91804313659668
(0.729 -0.628 -0.272 -0.623
 0.415 0.721 -0.555 1.430
 0.544 0.292 0.786 0.732
 0.000 0.000 0.000 1.000)

15.934673309326172
(0.717 -0.636 -0.283 -0.618
 0.430 0.724 -0.539 1.409
 0.548 0.265 0.793 0.736
 0.000 0.000 0.000 1.000)

15.951375961303711
(0.712 -0.643 -0.282 -0.615
 0.448 0.725 -0.523 1.390
 0.541 0.246 0.804 0.738
 0.000 0.000 0.000 1.000)

15.968029975891113
(0.706 -0.652 -0.275 -0.615
 0.474 0.725 -0.500 1.372
 0.526 0.223 0.821 0.739
 0.000 0.000 0.000 1.000)

15.984768867492676
(0.693 -0.682 -0.233 -0.619
 0.551 0.710 -0.438 1.341
 0.464 0.175 0.868 0.737
 0.000 0.000 0.000 1.000)

16.00145721435547
(0.698 -0.683 -0.218 -0.620
 0.570 0.713 -0.408 1.328
 0.434 0.160 0.887 0.735
 0.000 0.000 0.000 1.000)

16.018138885498047
(0.711 -0.669 -0.215 -0.618
 0.567 0.727 -0.387 1.317
 0.415 0.153 0.897 0.735
 0.000 0.000 0.000 1.000)

16.03474235534668
(0.737 -0.636 -0.228 -0.614
 0.533 0.755 -0.381 1.310
 0.415 0.159 0.896 0.737
 0.000 0.000 0.000 1.000)

16.051496505737305
(0.765 -0.595 -0.247 -0.610
 0.481 0.783 -0.394 1.307
 0.427 0.183 0.886 0.740
 0.000 0.000 0.000 1.000)

16.06820297241211
(0.786 -0.556 -0.270 -0.605
 0.424 0.802 -0.421 1.306
 0.451 0.216 0.866 0.744
 0.000 0.000 0.000 1.000)

16.10057830810547
(0.795 -0.535 -0.284 -0.603
 0.375 0.803 -0.463 1.309
 0.476 0.261 0.840 0.749
 0.000 0.000 0.000 1.000)

16.11819839477539
(0.798 -0.529 -0.291 -0.601
 0.352 0.799 -0.487 1.313
 0.490 0.286 0.824 0.753
 0.000 0.000 0.000 1.000)

16.134872436523438
(0.801 -0.520 -0.296 -0.599
 0.319 0.789 -0.525 1.318
 0.507 0.326 0.798 0.758
 0.000 0.000 0.000 1.000)

16.151546478271484
(0.809 -0.511 -0.291 -0.598
 0.299 0.783 -0.546 1.322
 0.507 0.354 0.786 0.761
 0.000 0.000 0.000 1.000)

16.168214797973633
(0.815 -0.503 -0.289 -0.597
 0.278 0.776 -0.566 1.326
 0.509 0.381 0.772 0.766
 0.000 0.000 0.000 1.000)

16.184886932373047
(0.822 -0.487 -0.294 -0.593
 0.243 0.768 -0.592 1.329
 0.514 0.415 0.750 0.772
 0.000 0.000 0.000 1.000)

16.201566696166992
(0.829 -0.472 -0.301 -0.590
 0.210 0.760 -0.615 1.333
 0.519 0.447 0.729 0.778
 0.000 0.000 0.000 1.000)

16.21820068359375
(0.833 -0.459 -0.311 -0.585
 0.179 0.753 -0.633 1.336
 0.524 0.471 0.709 0.784
 0.000 0.000 0.000 1.000)

16.234905242919922
(0.833 -0.451 -0.321 -0.578
 0.137 0.729 -0.670 1.340
 0.537 0.514 0.669 0.796
 0.000 0.000 0.000 1.000)

16.251619338989258
(0.826 -0.459 -0.326 -0.575
 0.135 0.723 -0.678 1.341
 0.547 0.516 0.659 0.802
 0.000 0.000 0.000 1.000)

16.26829719543457
(0.816 -0.470 -0.338 -0.571
 0.131 0.719 -0.683 1.341
 0.564 0.513 0.648 0.809
 0.000 0.000 0.000 1.000)

16.284929275512695
(0.809 -0.475 -0.346 -0.567
 0.122 0.712 -0.691 1.341
 0.575 0.517 0.634 0.815
 0.000 0.000 0.000 1.000)

16.3016357421875
(0.803 -0.476 -0.358 -0.563
 0.109 0.709 -0.697 1.340
 0.586 0.521 0.621 0.821
 0.000 0.000 0.000 1.000)

16.334062576293945
(0.805 -0.468 -0.365 -0.559
 0.095 0.708 -0.699 1.338
 0.586 0.528 0.615 0.827
 0.000 0.000 0.000 1.000)

16.3516845703125
(0.812 -0.460 -0.359 -0.557
 0.086 0.702 -0.707 1.336
 0.577 0.543 0.610 0.832
 0.000 0.000 0.000 1.000)

16.368364334106445
(0.819 -0.456 -0.348 -0.555
 0.089 0.700 -0.708 1.331
 0.567 0.549 0.614 0.836
 0.000 0.000 0.000 1.000)

16.385021209716797
(0.819 -0.465 -0.335 -0.553
 0.118 0.710 -0.694 1.323
 0.561 0.529 0.637 0.838
 0.000 0.000 0.000 1.000)

16.401708602905273
(0.821 -0.479 -0.310 -0.552
 0.179 0.731 -0.658 1.309
 0.542 0.485 0.686 0.835
 0.000 0.000 0.000 1.000)

16.418371200561523
(0.814 -0.503 -0.292 -0.550
 0.280 0.779 -0.562 1.288
 0.509 0.376 0.774 0.829
 0.000 0.000 0.000 1.000)

16.435062408447266
(0.786 -0.551 -0.281 -0.546
 0.434 0.815 -0.384 1.256
 0.441 0.180 0.879 0.821
 0.000 0.000 0.000 1.000)

16.45172119140625
(0.742 -0.606 -0.286 -0.541
 0.592 0.793 -0.145 1.217
 0.315 -0.062 0.947 0.816
 0.000 0.000 0.000 1.000)

16.468379974365234
(0.704 -0.622 -0.342 -0.524
 0.709 0.589 0.389 1.134
 -0.041 -0.516 0.856 0.840
 0.000 0.000 0.000 1.000)

16.485074996948242
(0.725 -0.568 -0.391 -0.511
 0.676 0.475 0.563 1.103
 -0.134 -0.672 0.728 0.865
 0.000 0.000 0.000 1.000)

16.501758575439453
(0.750 -0.544 -0.376 -0.503
 0.658 0.552 0.513 1.106
 -0.072 -0.632 0.772 0.878
 0.000 0.000 0.000 1.000)

16.51844024658203
(0.768 -0.481 -0.422 -0.490
 0.638 0.635 0.436 1.111
 0.058 -0.604 0.795 0.893
 0.000 0.000 0.000 1.000)

16.535179138183594
(0.776 -0.424 -0.467 -0.477
 0.587 0.756 0.290 1.125
 0.230 -0.499 0.836 0.903
 0.000 0.000 0.000 1.000)

16.551830291748047
(0.754 -0.419 -0.505 -0.466
 0.552 0.822 0.142 1.137
 0.356 -0.386 0.851 0.915
 0.000 0.000 0.000 1.000)

16.5842227935791
(0.733 -0.437 -0.522 -0.458
 0.520 0.854 0.015 1.147
 0.439 -0.282 0.853 0.921
 0.000 0.000 0.000 1.000)

16.601673126220703
(0.719 -0.470 -0.513 -0.453
 0.536 0.844 -0.022 1.147
 0.443 -0.259 0.858 0.926
 0.000 0.000 0.000 1.000)

16.618438720703125
(0.727 -0.476 -0.495 -0.449
 0.550 0.835 0.003 1.140
 0.412 -0.274 0.869 0.932
 0.000 0.000 0.000 1.000)

16.635013580322266
(0.755 -0.488 -0.437 -0.448
 0.563 0.825 0.051 1.129
 0.336 -0.284 0.898 0.932
 0.000 0.000 0.000 1.000)

16.651697158813477
(0.778 -0.486 -0.399 -0.444
 0.576 0.805 0.143 1.115
 0.251 -0.341 0.906 0.935
 0.000 0.000 0.000 1.000)

16.66851043701172
(0.787 -0.492 -0.373 -0.439
 0.585 0.787 0.196 1.105
 0.197 -0.373 0.907 0.939
 0.000 0.000 0.000 1.000)

16.68523597717285
(0.785 -0.494 -0.375 -0.432
 0.596 0.766 0.240 1.096
 0.168 -0.412 0.895 0.943
 0.000 0.000 0.000 1.000)

16.701923370361328
(0.771 -0.515 -0.374 -0.425
 0.622 0.736 0.268 1.091
 0.137 -0.439 0.888 0.947
 0.000 0.000 0.000 1.000)

16.718570709228516
(0.767 -0.533 -0.357 -0.413
 0.631 0.728 0.268 1.082
 0.117 -0.431 0.895 0.951
 0.000 0.000 0.000 1.000)

16.73528289794922
(0.781 -0.523 -0.341 -0.408
 0.612 0.748 0.257 1.078
 0.121 -0.410 0.904 0.952
 0.000 0.000 0.000 1.000)

16.75187110900879
(0.790 -0.525 -0.316 -0.403
 0.597 0.775 0.206 1.077
 0.136 -0.352 0.926 0.949
 0.000 0.000 0.000 1.000)

16.768537521362305
(0.797 -0.520 -0.307 -0.398
 0.583 0.795 0.167 1.075
 0.158 -0.312 0.937 0.948
 0.000 0.000 0.000 1.000)

16.785207748413086
(0.803 -0.504 -0.318 -0.392
 0.564 0.815 0.134 1.073
 0.191 -0.287 0.939 0.945
 0.000 0.000 0.000 1.000)

16.801950454711914
(0.802 -0.504 -0.321 -0.387
 0.563 0.817 0.124 1.069
 0.199 -0.280 0.939 0.943
 0.000 0.000 0.000 1.000)

16.83437728881836
(0.803 -0.503 -0.321 -0.382
 0.563 0.817 0.127 1.065
 0.198 -0.282 0.939 0.939
 0.000 0.000 0.000 1.000)

16.85184097290039
(0.802 -0.506 -0.317 -0.378
 0.571 0.805 0.160 1.060
 0.174 -0.309 0.935 0.934
 0.000 0.000 0.000 1.000)

16.868616104125977
(0.805 -0.493 -0.331 -0.374
 0.567 0.804 0.181 1.055
 0.177 -0.333 0.926 0.929
 0.000 0.000 0.000 1.000)

16.88518714904785
(0.814 -0.471 -0.341 -0.369
 0.551 0.811 0.196 1.051
 0.184 -0.348 0.919 0.922
 0.000 0.000 0.000 1.000)

16.901817321777344
(0.823 -0.437 -0.364 -0.364
 0.529 0.823 0.207 1.050
 0.209 -0.363 0.908 0.914
 0.000 0.000 0.000 1.000)

16.918676376342773
(0.832 -0.395 -0.390 -0.360
 0.499 0.839 0.216 1.051
 0.242 -0.374 0.895 0.906
 0.000 0.000 0.000 1.000)

16.935274124145508
(0.837 -0.349 -0.422 -0.355
 0.468 0.856 0.219 1.053
 0.285 -0.381 0.880 0.897
 0.000 0.000 0.000 1.000)

16.95199966430664
(0.826 -0.279 -0.489 -0.347
 0.413 0.891 0.189 1.062
 0.383 -0.358 0.851 0.877
 0.000 0.000 0.000 1.000)

16.96869468688965
(0.819 -0.272 -0.506 -0.346
 0.401 0.901 0.164 1.068
 0.411 -0.337 0.847 0.865
 0.000 0.000 0.000 1.000)

16.98533058166504
(0.803 -0.255 -0.538 -0.344
 0.392 0.907 0.155 1.071
 0.448 -0.336 0.828 0.854
 0.000 0.000 0.000 1.000)

17.002092361450195
(0.789 -0.245 -0.563 -0.342
 0.409 0.894 0.184 1.071
 0.458 -0.376 0.806 0.845
 0.000 0.000 0.000 1.000)

17.018686294555664
(0.777 -0.245 -0.580 -0.343
 0.430 0.880 0.204 1.071
 0.460 -0.408 0.788 0.835
 0.000 0.000 0.000 1.000)

17.03528594970703
(0.763 -0.253 -0.595 -0.343
 0.474 0.845 0.247 1.072
 0.440 -0.471 0.765 0.824
 0.000 0.000 0.000 1.000)

17.06785774230957
(0.748 -0.273 -0.605 -0.343
 0.509 0.821 0.260 1.073
 0.425 -0.502 0.753 0.817
 0.000 0.000 0.000 1.000)

17.08542251586914
(0.728 -0.312 -0.610 -0.343
 0.562 0.781 0.272 1.076
 0.392 -0.541 0.744 0.810
 0.000 0.000 0.000 1.000)

17.102046966552734
(0.705 -0.353 -0.616 -0.342
 0.602 0.757 0.255 1.084
 0.376 -0.550 0.746 0.801
 0.000 0.000 0.000 1.000)

17.1187801361084
(0.680 -0.380 -0.627 -0.340
 0.626 0.746 0.226 1.091
 0.382 -0.546 0.745 0.792
 0.000 0.000 0.000 1.000)

17.135276794433594
(0.664 -0.412 -0.624 -0.338
 0.640 0.744 0.191 1.099
 0.386 -0.526 0.758 0.781
 0.000 0.000 0.000 1.000)

17.15203094482422
(0.650 -0.421 -0.632 -0.336
 0.634 0.759 0.147 1.104
 0.418 -0.497 0.760 0.768
 0.000 0.000 0.000 1.000)

17.168777465820312
(0.650 -0.421 -0.633 -0.333
 0.618 0.777 0.118 1.107
 0.442 -0.468 0.765 0.754
 0.000 0.000 0.000 1.000)

17.185489654541016
(0.659 -0.405 -0.634 -0.332
 0.585 0.806 0.093 1.106
 0.473 -0.432 0.768 0.738
 0.000 0.000 0.000 1.000)

17.20221519470215
(0.689 -0.370 -0.624 -0.332
 0.506 0.861 0.048 1.101
 0.519 -0.349 0.780 0.698
 0.000 0.000 0.000 1.000)

17.218868255615234
(0.700 -0.358 -0.618 -0.333
 0.482 0.875 0.040 1.095
 0.526 -0.326 0.786 0.679
 0.000 0.000 0.000 1.000)

17.235530853271484
(0.715 -0.346 -0.607 -0.336
 0.472 0.880 0.056 1.086
 0.515 -0.327 0.793 0.659
 0.000 0.000 0.000 1.000)

17.252243041992188
(0.733 -0.353 -0.581 -0.340
 0.483 0.872 0.079 1.076
 0.479 -0.339 0.810 0.638
 0.000 0.000 0.000 1.000)

17.268890380859375
(0.754 -0.367 -0.545 -0.346
 0.510 0.849 0.134 1.063
 0.414 -0.380 0.827 0.617
 0.000 0.000 0.000 1.000)

17.285518646240234
(0.772 -0.380 -0.510 -0.352
 0.538 0.818 0.205 1.049
 0.339 -0.432 0.836 0.598
 0.000 0.000 0.000 1.000)

17.318016052246094
(0.790 -0.392 -0.471 -0.358
 0.552 0.789 0.270 1.036
 0.266 -0.473 0.840 0.579
 0.000 0.000 0.000 1.000)

17.33563804626465
(0.806 -0.402 -0.434 -0.363
 0.555 0.770 0.316 1.026
 0.207 -0.495 0.844 0.561
 0.000 0.000 0.000 1.000)

17.352275848388672
(0.820 -0.406 -0.403 -0.368
 0.547 0.763 0.345 1.019
 0.167 -0.504 0.848 0.543
 0.000 0.000 0.000 1.000)

17.368921279907227
(0.832 -0.407 -0.377 -0.371
 0.535 0.768 0.351 1.016
 0.147 -0.494 0.857 0.524
 0.000 0.000 0.000 1.000)

17.385610580444336
(0.841 -0.412 -0.350 -0.373
 0.524 0.781 0.340 1.017
 0.134 -0.470 0.873 0.504
 0.000 0.000 0.000 1.000)

17.40204429626465
(0.850 -0.411 -0.330 -0.373
 0.512 0.792 0.332 1.018
 0.125 -0.451 0.884 0.483
 0.000 0.000 0.000 1.000)

17.41896629333496
(0.857 -0.408 -0.316 -0.372
 0.501 0.804 0.321 1.020
 0.123 -0.433 0.893 0.461
 0.000 0.000 0.000 1.000)

17.435688018798828
(0.877 -0.389 -0.282 -0.368
 0.466 0.832 0.301 1.027
 0.117 -0.396 0.911 0.416
 0.000 0.000 0.000 1.000)

17.452354431152344
(0.890 -0.370 -0.267 -0.364
 0.442 0.847 0.296 1.032
 0.116 -0.382 0.917 0.393
 0.000 0.000 0.000 1.000)

17.469017028808594
(0.902 -0.352 -0.250 -0.361
 0.413 0.871 0.266 1.040
 0.124 -0.343 0.931 0.370
 0.000 0.000 0.000 1.000)

17.485681533813477
(0.911 -0.336 -0.240 -0.355
 0.390 0.892 0.228 1.052
 0.138 -0.301 0.944 0.347
 0.000 0.000 0.000 1.000)

17.502376556396484
(0.916 -0.323 -0.238 -0.348
 0.368 0.913 0.174 1.067
 0.162 -0.247 0.955 0.325
 0.000 0.000 0.000 1.000)

17.51905632019043
(0.919 -0.313 -0.240 -0.340
 0.345 0.932 0.107 1.085
 0.190 -0.182 0.965 0.304
 0.000 0.000 0.000 1.000)

17.551498413085938
(0.922 -0.295 -0.249 -0.330
 0.310 0.950 0.023 1.107
 0.230 -0.098 0.968 0.284
 0.000 0.000 0.000 1.000)

17.56907081604004
(0.927 -0.268 -0.263 -0.319
 0.257 0.963 -0.076 1.130
 0.274 0.002 0.962 0.265
 0.000 0.000 0.000 1.000)

17.585756301879883
(0.930 -0.232 -0.285 -0.308
 0.184 0.965 -0.187 1.156
 0.318 0.121 0.940 0.249
 0.000 0.000 0.000 1.000)

17.6024169921875
(0.930 -0.195 -0.312 -0.296
 0.101 0.951 -0.293 1.180
 0.353 0.241 0.904 0.236
 0.000 0.000 0.000 1.000)

17.619155883789062
(0.925 -0.164 -0.344 -0.284
 0.024 0.926 -0.377 1.201
 0.380 0.340 0.860 0.225
 0.000 0.000 0.000 1.000)

17.63579750061035
(0.914 -0.159 -0.373 -0.273
 -0.022 0.899 -0.438 1.217
 0.405 0.408 0.818 0.214
 0.000 0.000 0.000 1.000)

17.652423858642578
(0.901 -0.179 -0.396 -0.262
 -0.031 0.883 -0.469 1.227
 0.433 0.435 0.790 0.202
 0.000 0.000 0.000 1.000)

17.669130325317383
(0.890 -0.208 -0.405 -0.254
 -0.001 0.888 -0.459 1.230
 0.456 0.409 0.790 0.188
 0.000 0.000 0.000 1.000)

17.68585205078125
(0.891 -0.221 -0.397 -0.243
 0.087 0.940 -0.329 1.215
 0.446 0.259 0.857 0.152
 0.000 0.000 0.000 1.000)

17.70249366760254
(0.898 -0.213 -0.384 -0.240
 0.132 0.965 -0.225 1.201
 0.419 0.151 0.895 0.135
 0.000 0.000 0.000 1.000)

17.719186782836914
(0.908 -0.204 -0.365 -0.238
 0.169 0.978 -0.125 1.187
 0.382 0.052 0.923 0.120
 0.000 0.000 0.000 1.000)

17.735820770263672
(0.918 -0.201 -0.341 -0.237
 0.199 0.979 -0.040 1.175
 0.342 -0.031 0.939 0.107
 0.000 0.000 0.000 1.000)

17.752500534057617
(0.924 -0.208 -0.322 -0.235
 0.218 0.976 -0.005 1.169
 0.315 -0.065 0.947 0.098
 0.000 0.000 0.000 1.000)

17.76919174194336
(0.924 -0.212 -0.318 -0.231
 0.225 0.974 0.005 1.166
 0.309 -0.076 0.948 0.090
 0.000 0.000 0.000 1.000)

17.801652908325195
(0.919 -0.213 -0.332 -0.224
 0.224 0.975 -0.005 1.165
 0.324 -0.070 0.943 0.083
 0.000 0.000 0.000 1.000)

17.81928825378418
(0.911 -0.204 -0.359 -0.215
 0.210 0.977 -0.025 1.165
 0.356 -0.053 0.933 0.076
 0.000 0.000 0.000 1.000)

17.835912704467773
(0.904 -0.185 -0.386 -0.207
 0.186 0.982 -0.034 1.162
 0.386 -0.042 0.922 0.069
 0.000 0.000 0.000 1.000)

17.85261344909668
(0.901 -0.150 -0.408 -0.200
 0.153 0.988 -0.026 1.157
 0.407 -0.039 0.913 0.061
 0.000 0.000 0.000 1.000)

17.869245529174805
(0.900 -0.117 -0.419 -0.196
 0.125 0.992 -0.008 1.149
 0.417 -0.045 0.908 0.051
 0.000 0.000 0.000 1.000)

17.885969161987305
(0.905 -0.090 -0.415 -0.193
 0.110 0.994 0.024 1.140
 0.410 -0.067 0.909 0.040
 0.000 0.000 0.000 1.000)

17.902620315551758
(0.915 -0.080 -0.396 -0.193
 0.114 0.991 0.065 1.130
 0.387 -0.105 0.916 0.029
 0.000 0.000 0.000 1.000)

17.91934585571289
(0.938 -0.076 -0.338 -0.195
 0.133 0.980 0.149 1.108
 0.320 -0.185 0.929 0.006
 0.000 0.000 0.000 1.000)

17.935928344726562
(0.946 -0.071 -0.315 -0.194
 0.138 0.971 0.194 1.096
 0.292 -0.227 0.929 -0.003
 0.000 0.000 0.000 1.000)

17.952667236328125
(0.951 -0.071 -0.301 -0.192
 0.147 0.961 0.236 1.085
 0.272 -0.269 0.924 -0.012
 0.000 0.000 0.000 1.000)

17.969337463378906
(0.951 -0.074 -0.299 -0.188
 0.157 0.952 0.264 1.075
 0.265 -0.298 0.917 -0.021
 0.000 0.000 0.000 1.000)

17.986019134521484
(0.951 -0.072 -0.301 -0.182
 0.161 0.946 0.281 1.066
 0.265 -0.316 0.911 -0.029
 0.000 0.000 0.000 1.000)

18.002683639526367
(0.950 -0.065 -0.306 -0.177
 0.159 0.943 0.294 1.058
 0.269 -0.327 0.906 -0.038
 0.000 0.000 0.000 1.000)

18.01938247680664
(0.949 -0.052 -0.311 -0.171
 0.148 0.944 0.294 1.053
 0.278 -0.325 0.904 -0.047
 0.000 0.000 0.000 1.000)

18.051807403564453
(0.948 -0.040 -0.315 -0.166
 0.135 0.948 0.288 1.049
 0.287 -0.316 0.904 -0.058
 0.000 0.000 0.000 1.000)

18.06939697265625
(0.948 -0.023 -0.319 -0.161
 0.116 0.955 0.274 1.046
 0.298 -0.297 0.907 -0.069
 0.000 0.000 0.000 1.000)

18.086069107055664
(0.947 -0.003 -0.322 -0.156
 0.091 0.962 0.257 1.044
 0.309 -0.273 0.911 -0.080
 0.000 0.000 0.000 1.000)

18.102741241455078
(0.946 0.028 -0.322 -0.152
 0.050 0.972 0.230 1.044
 0.319 -0.234 0.918 -0.092
 0.000 0.000 0.000 1.000)

18.11943244934082
(0.944 0.065 -0.322 -0.149
 -0.002 0.982 0.191 1.047
 0.329 -0.179 0.927 -0.105
 0.000 0.000 0.000 1.000)

18.13610076904297
(0.940 0.094 -0.327 -0.145
 -0.052 0.989 0.136 1.053
 0.336 -0.111 0.935 -0.117
 0.000 0.000 0.000 1.000)

18.15277099609375
(0.936 0.104 -0.336 -0.141
 -0.081 0.993 0.080 1.060
 0.342 -0.047 0.938 -0.128
 0.000 0.000 0.000 1.000)

18.16944122314453
(0.934 0.059 -0.354 -0.133
 -0.077 0.996 -0.038 1.075
 0.350 0.063 0.935 -0.148
 0.000 0.000 0.000 1.000)

18.186115264892578
(0.936 0.048 -0.350 -0.131
 -0.085 0.992 -0.091 1.080
 0.343 0.115 0.932 -0.159
 0.000 0.000 0.000 1.000)

18.202800750732422
(0.938 0.074 -0.340 -0.130
 -0.121 0.986 -0.119 1.079
 0.326 0.152 0.933 -0.170
 0.000 0.000 0.000 1.000)

18.21946907043457
(0.934 0.122 -0.336 -0.128
 -0.169 0.979 -0.115 1.072
 0.315 0.164 0.935 -0.180
 0.000 0.000 0.000 1.000)

18.236167907714844
(0.925 0.166 -0.341 -0.126
 -0.207 0.974 -0.088 1.061
 0.318 0.152 0.936 -0.191
 0.000 0.000 0.000 1.000)

18.252836227416992
(0.915 0.197 -0.351 -0.123
 -0.230 0.972 -0.052 1.049
 0.331 0.128 0.935 -0.201
 0.000 0.000 0.000 1.000)

18.28528594970703
(0.909 0.223 -0.353 -0.122
 -0.241 0.970 -0.009 1.036
 0.341 0.093 0.935 -0.211
 0.000 0.000 0.000 1.000)

18.302875518798828
(0.910 0.231 -0.345 -0.122
 -0.239 0.971 0.020 1.026
 0.339 0.065 0.939 -0.222
 0.000 0.000 0.000 1.000)

18.319541931152344
(0.917 0.227 -0.327 -0.124
 -0.229 0.973 0.034 1.020
 0.326 0.044 0.944 -0.234
 0.000 0.000 0.000 1.000)

18.336219787597656
(0.928 0.216 -0.303 -0.127
 -0.217 0.976 0.029 1.017
 0.302 0.039 0.953 -0.246
 0.000 0.000 0.000 1.000)

18.352907180786133
(0.939 0.205 -0.277 -0.130
 -0.210 0.978 0.013 1.016
 0.274 0.046 0.961 -0.259
 0.000 0.000 0.000 1.000)

18.369592666625977
(0.947 0.196 -0.255 -0.132
 -0.202 0.979 0.001 1.016
 0.250 0.050 0.967 -0.270
 0.000 0.000 0.000 1.000)

18.38627052307129
(0.954 0.185 -0.237 -0.134
 -0.191 0.982 -0.003 1.016
 0.232 0.048 0.972 -0.281
 0.000 0.000 0.000 1.000)

18.4029541015625
(0.969 0.135 -0.205 -0.136
 -0.133 0.991 0.019 1.013
 0.206 0.009 0.979 -0.299
 0.000 0.000 0.000 1.000)

18.419599533081055
(0.981 0.080 -0.179 -0.138
 -0.074 0.997 0.039 1.011
 0.182 -0.026 0.983 -0.308
 0.000 0.000 0.000 1.000)

18.43630027770996
(0.990 0.002 -0.139 -0.141
 0.007 0.998 0.061 1.010
 0.139 -0.062 0.988 -0.316
 0.000 0.000 0.000 1.000)

18.452960968017578
(0.991 -0.103 -0.088 -0.145
 0.111 0.989 0.093 1.008
 0.077 -0.102 0.992 -0.322
 0.000 0.000 0.000 1.000)

18.469635009765625
(0.975 -0.217 -0.041 -0.149
 0.220 0.966 0.137 1.002
 0.010 -0.142 0.990 -0.328
 0.000 0.000 0.000 1.000)

18.486318588256836
(0.951 -0.310 -0.006 -0.150
 0.304 0.930 0.208 0.993
 -0.059 -0.199 0.978 -0.331
 0.000 0.000 0.000 1.000)

18.503009796142578
(0.919 -0.394 0.010 -0.149
 0.372 0.877 0.305 0.978
 -0.129 -0.276 0.952 -0.332
 0.000 0.000 0.000 1.000)

18.53544044494629
(0.885 -0.465 0.011 -0.145
 0.422 0.812 0.402 0.962
 -0.196 -0.352 0.915 -0.331
 0.000 0.000 0.000 1.000)

18.553024291992188
(0.848 -0.529 -0.005 -0.139
 0.462 0.736 0.495 0.946
 -0.258 -0.422 0.869 -0.327
 0.000 0.000 0.000 1.000)

18.569686889648438
(0.818 -0.574 -0.032 -0.130
 0.488 0.664 0.566 0.933
 -0.304 -0.479 0.824 -0.323
 0.000 0.000 0.000 1.000)

18.586376190185547
(0.799 -0.597 -0.069 -0.119
 0.507 0.608 0.611 0.925
 -0.323 -0.524 0.788 -0.321
 0.000 0.000 0.000 1.000)

18.603076934814453
(0.798 -0.593 -0.109 -0.108
 0.520 0.585 0.622 0.922
 -0.305 -0.553 0.775 -0.321
 0.000 0.000 0.000 1.000)

18.619739532470703
(0.813 -0.566 -0.137 -0.100
 0.521 0.601 0.606 0.923
 -0.260 -0.564 0.783 -0.325
 0.000 0.000 0.000 1.000)

18.63641357421875
(0.839 -0.524 -0.144 -0.095
 0.504 0.651 0.568 0.928
 -0.204 -0.550 0.810 -0.333
 0.000 0.000 0.000 1.000)

18.653064727783203
(0.895 -0.434 -0.105 -0.095
 0.430 0.774 0.465 0.944
 -0.121 -0.461 0.879 -0.352
 0.000 0.000 0.000 1.000)

18.66978645324707
(0.912 -0.404 -0.078 -0.096
 0.397 0.815 0.421 0.951
 -0.106 -0.415 0.904 -0.360
 0.000 0.000 0.000 1.000)

18.68642807006836
(0.921 -0.385 -0.054 -0.097
 0.373 0.837 0.401 0.954
 -0.109 -0.389 0.915 -0.366
 0.000 0.000 0.000 1.000)

18.703168869018555
(0.929 -0.369 -0.026 -0.099
 0.351 0.855 0.381 0.958
 -0.118 -0.363 0.924 -0.372
 0.000 0.000 0.000 1.000)

18.719776153564453
(0.932 -0.363 0.008 -0.102
 0.335 0.868 0.368 0.959
 -0.140 -0.340 0.930 -0.377
 0.000 0.000 0.000 1.000)

18.73635482788086
(0.935 -0.352 0.046 -0.105
 0.315 0.881 0.353 0.961
 -0.165 -0.315 0.935 -0.382
 0.000 0.000 0.000 1.000)

18.753122329711914
(0.942 -0.325 0.086 -0.108
 0.282 0.901 0.329 0.964
 -0.184 -0.286 0.940 -0.387
 0.000 0.000 0.000 1.000)

18.785600662231445
(0.955 -0.272 0.121 -0.111
 0.227 0.928 0.296 0.967
 -0.193 -0.255 0.948 -0.392
 0.000 0.000 0.000 1.000)

18.803098678588867
(0.963 -0.219 0.157 -0.114
 0.176 0.953 0.247 0.973
 -0.204 -0.210 0.956 -0.398
 0.000 0.000 0.000 1.000)

18.81975746154785
(0.962 -0.191 0.194 -0.118
 0.153 0.969 0.196 0.981
 -0.226 -0.158 0.961 -0.404
 0.000 0.000 0.000 1.000)

18.8364315032959
(0.955 -0.176 0.239 -0.123
 0.144 0.979 0.144 0.989
 -0.260 -0.103 0.960 -0.411
 0.000 0.000 0.000 1.000)

18.85308837890625
(0.941 -0.163 0.296 -0.130
 0.141 0.985 0.095 0.996
 -0.307 -0.048 0.950 -0.416
 0.000 0.000 0.000 1.000)

18.86976432800293
(0.923 -0.140 0.359 -0.138
 0.127 0.990 0.059 1.001
 -0.364 -0.009 0.931 -0.420
 0.000 0.000 0.000 1.000)

18.88646697998047
(0.864 -0.069 0.499 -0.157
 0.068 0.997 0.020 1.002
 -0.499 0.017 0.866 -0.423
 0.000 0.000 0.000 1.000)

18.90314292907715
(0.820 -0.055 0.570 -0.166
 0.058 0.998 0.012 1.001
 -0.569 0.023 0.822 -0.422
 0.000 0.000 0.000 1.000)

18.91982078552246
(0.772 -0.059 0.633 -0.174
 0.062 0.998 0.017 0.998
 -0.632 0.027 0.774 -0.420
 0.000 0.000 0.000 1.000)

18.936504364013672
(0.727 -0.074 0.683 -0.180
 0.069 0.997 0.034 0.993
 -0.683 0.022 0.730 -0.418
 0.000 0.000 0.000 1.000)

18.95318603515625
(0.690 -0.093 0.718 -0.183
 0.074 0.996 0.058 0.987
 -0.720 0.013 0.694 -0.416
 0.000 0.000 0.000 1.000)

18.969850540161133
(0.663 -0.095 0.742 -0.184
 0.054 0.995 0.079 0.981
 -0.746 -0.012 0.665 -0.415
 0.000 0.000 0.000 1.000)

18.986547470092773
(0.641 -0.081 0.764 -0.185
 0.019 0.996 0.090 0.976
 -0.768 -0.043 0.639 -0.413
 0.000 0.000 0.000 1.000)

19.019079208374023
(0.619 -0.052 0.784 -0.185
 -0.031 0.995 0.090 0.973
 -0.785 -0.080 0.614 -0.411
 0.000 0.000 0.000 1.000)

19.03655242919922
(0.597 -0.026 0.802 -0.184
 -0.080 0.993 0.091 0.969
 -0.798 -0.119 0.591 -0.410
 0.000 0.000 0.000 1.000)

19.053251266479492
(0.575 -0.027 0.817 -0.183
 -0.103 0.989 0.105 0.964
 -0.811 -0.145 0.566 -0.408
 0.000 0.000 0.000 1.000)

19.069942474365234
(0.552 -0.056 0.832 -0.182
 -0.105 0.985 0.136 0.958
 -0.827 -0.163 0.538 -0.406
 0.000 0.000 0.000 1.000)

19.086692810058594
(0.528 -0.107 0.842 -0.179
 -0.100 0.977 0.187 0.949
 -0.843 -0.183 0.505 -0.403
 0.000 0.000 0.000 1.000)

19.103412628173828
(0.507 -0.170 0.845 -0.175
 -0.097 0.963 0.252 0.938
 -0.856 -0.210 0.472 -0.401
 0.000 0.000 0.000 1.000)

19.120092391967773
(0.489 -0.263 0.832 -0.166
 -0.115 0.926 0.361 0.921
 -0.865 -0.272 0.422 -0.398
 0.000 0.000 0.000 1.000)

19.13677978515625
(0.488 -0.261 0.833 -0.164
 -0.146 0.916 0.373 0.918
 -0.860 -0.304 0.409 -0.397
 0.000 0.000 0.000 1.000)

19.153413772583008
(0.475 -0.226 0.850 -0.165
 -0.167 0.926 0.339 0.922
 -0.864 -0.303 0.403 -0.398
 0.000 0.000 0.000 1.000)

19.170122146606445
(0.450 -0.160 0.878 -0.168
 -0.169 0.951 0.260 0.934
 -0.877 -0.265 0.401 -0.399
 0.000 0.000 0.000 1.000)

19.186792373657227
(0.420 -0.074 0.904 -0.171
 -0.174 0.972 0.160 0.949
 -0.891 -0.224 0.396 -0.400
 0.000 0.000 0.000 1.000)

19.203479766845703
(0.396 0.003 0.918 -0.172
 -0.181 0.981 0.074 0.962
 -0.900 -0.195 0.389 -0.400
 0.000 0.000 0.000 1.000)

19.220149993896484
(0.382 0.051 0.923 -0.172
 -0.189 0.982 0.023 0.969
 -0.905 -0.183 0.384 -0.401
 0.000 0.000 0.000 1.000)

19.23680305480957
(0.380 0.069 0.923 -0.171
 -0.210 0.978 0.014 0.969
 -0.901 -0.199 0.386 -0.401
 0.000 0.000 0.000 1.000)

19.269254684448242
(0.382 0.051 0.923 -0.169
 -0.241 0.969 0.046 0.963
 -0.892 -0.240 0.383 -0.401
 0.000 0.000 0.000 1.000)

19.2868595123291
(0.389 0.028 0.921 -0.167
 -0.274 0.958 0.086 0.955
 -0.880 -0.286 0.380 -0.400
 0.000 0.000 0.000 1.000)

19.30353546142578
(0.393 0.014 0.919 -0.167
 -0.312 0.943 0.119 0.948
 -0.865 -0.334 0.375 -0.398
 0.000 0.000 0.000 1.000)

19.320188522338867
(0.394 0.018 0.919 -0.167
 -0.348 0.928 0.131 0.944
 -0.850 -0.372 0.372 -0.396
 0.000 0.000 0.000 1.000)

19.33686065673828
(0.383 0.041 0.923 -0.169
 -0.373 0.921 0.114 0.946
 -0.845 -0.388 0.368 -0.394
 0.000 0.000 0.000 1.000)

19.35354232788086
(0.362 0.078 0.929 -0.171
 -0.388 0.919 0.074 0.951
 -0.847 -0.387 0.363 -0.392
 0.000 0.000 0.000 1.000)

19.3702392578125
(0.317 0.151 0.936 -0.176
 -0.401 0.916 -0.012 0.964
 -0.859 -0.372 0.351 -0.388
 0.000 0.000 0.000 1.000)

19.38687515258789
(0.298 0.176 0.938 -0.179
 -0.412 0.910 -0.039 0.969
 -0.861 -0.375 0.344 -0.385
 0.000 0.000 0.000 1.000)

19.403562545776367
(0.281 0.184 0.942 -0.181
 -0.426 0.903 -0.049 0.970
 -0.860 -0.388 0.332 -0.381
 0.000 0.000 0.000 1.000)

19.42025375366211
(0.260 0.181 0.948 -0.184
 -0.438 0.897 -0.051 0.971
 -0.860 -0.402 0.313 -0.377
 0.000 0.000 0.000 1.000)

19.436935424804688
(0.236 0.172 0.956 -0.188
 -0.448 0.893 -0.050 0.971
 -0.862 -0.416 0.288 -0.371
 0.000 0.000 0.000 1.000)

19.453603744506836
(0.211 0.160 0.964 -0.191
 -0.450 0.891 -0.049 0.971
 -0.868 -0.424 0.260 -0.364
 0.000 0.000 0.000 1.000)

19.470264434814453
(0.184 0.142 0.973 -0.195
 -0.445 0.895 -0.046 0.971
 -0.877 -0.424 0.228 -0.358
 0.000 0.000 0.000 1.000)

19.502727508544922
(0.161 0.111 0.981 -0.199
 -0.437 0.899 -0.030 0.969
 -0.885 -0.423 0.194 -0.352
 0.000 0.000 0.000 1.000)

19.52031707763672
(0.136 0.056 0.989 -0.202
 -0.440 0.898 0.010 0.964
 -0.888 -0.437 0.147 -0.345
 0.000 0.000 0.000 1.000)

19.536991119384766
(0.108 -0.014 0.994 -0.205
 -0.455 0.888 0.062 0.957
 -0.884 -0.459 0.089 -0.337
 0.000 0.000 0.000 1.000)

19.553634643554688
(0.081 -0.086 0.993 -0.207
 -0.463 0.879 0.113 0.951
 -0.883 -0.469 0.032 -0.328
 0.000 0.000 0.000 1.000)

19.570354461669922
(0.051 -0.138 0.989 -0.209
 -0.453 0.880 0.146 0.949
 -0.890 -0.455 -0.018 -0.320
 0.000 0.000 0.000 1.000)

19.587038040161133
(0.012 -0.158 0.987 -0.210
 -0.440 0.886 0.148 0.951
 -0.898 -0.436 -0.059 -0.314
 0.000 0.000 0.000 1.000)

19.60371971130371
(-0.062 -0.167 0.984 -0.212
 -0.408 0.904 0.128 0.960
 -0.911 -0.394 -0.124 -0.308
 0.000 0.000 0.000 1.000)

19.620344161987305
(-0.075 -0.174 0.982 -0.212
 -0.378 0.916 0.133 0.964
 -0.923 -0.361 -0.135 -0.309
 0.000 0.000 0.000 1.000)

19.637083053588867
(-0.072 -0.183 0.980 -0.211
 -0.355 0.923 0.146 0.966
 -0.932 -0.337 -0.132 -0.311
 0.000 0.000 0.000 1.000)

19.653783798217773
(-0.057 -0.192 0.980 -0.209
 -0.354 0.921 0.160 0.969
 -0.933 -0.338 -0.121 -0.315
 0.000 0.000 0.000 1.000)

19.670438766479492
(-0.032 -0.201 0.979 -0.207
 -0.376 0.910 0.175 0.971
 -0.926 -0.362 -0.105 -0.318
 0.000 0.000 0.000 1.000)

19.687055587768555
(-0.003 -0.209 0.978 -0.204
 -0.404 0.895 0.190 0.973
 -0.915 -0.395 -0.087 -0.322
 0.000 0.000 0.000 1.000)

19.703821182250977
(0.026 -0.224 0.974 -0.199
 -0.432 0.877 0.212 0.975
 -0.902 -0.426 -0.074 -0.325
 0.000 0.000 0.000 1.000)

19.72047233581543
(0.055 -0.245 0.968 -0.194
 -0.453 0.858 0.243 0.976
 -0.890 -0.452 -0.064 -0.328
 0.000 0.000 0.000 1.000)

19.752918243408203
(0.078 -0.280 0.957 -0.189
 -0.443 0.850 0.285 0.977
 -0.893 -0.446 -0.058 -0.331
 0.000 0.000 0.000 1.000)

19.770509719848633
(0.096 -0.321 0.942 -0.182
 -0.402 0.853 0.331 0.977
 -0.910 -0.411 -0.047 -0.334
 0.000 0.000 0.000 1.000)

19.78719711303711
(0.094 -0.368 0.925 -0.176
 -0.325 0.867 0.378 0.978
 -0.941 -0.336 -0.038 -0.337
 0.000 0.000 0.000 1.000)

19.803815841674805
(0.064 -0.413 0.908 -0.170
 -0.222 0.881 0.417 0.980
 -0.973 -0.229 -0.035 -0.339
 0.000 0.000 0.000 1.000)

19.820547103881836
(0.010 -0.441 0.897 -0.165
 -0.115 0.891 0.440 0.984
 -0.993 -0.108 -0.042 -0.338
 0.000 0.000 0.000 1.000)

19.83723258972168
(-0.039 -0.443 0.895 -0.163
 -0.049 0.896 0.442 0.991
 -0.998 -0.027 -0.057 -0.336
 0.000 0.000 0.000 1.000)

19.853891372680664
(-0.061 -0.386 0.921 -0.160
 -0.078 0.921 0.381 1.010
 -0.995 -0.049 -0.086 -0.330
 0.000 0.000 0.000 1.000)

19.87058448791504
(-0.047 -0.336 0.941 -0.159
 -0.156 0.933 0.325 1.022
 -0.987 -0.132 -0.097 -0.327
 0.000 0.000 0.000 1.000)

19.887271881103516
(-0.037 -0.270 0.962 -0.158
 -0.261 0.932 0.252 1.036
 -0.965 -0.242 -0.105 -0.324
 0.000 0.000 0.000 1.000)

19.903884887695312
(-0.043 -0.188 0.981 -0.156
 -0.382 0.911 0.158 1.052
 -0.923 -0.368 -0.111 -0.322
 0.000 0.000 0.000 1.000)

19.920570373535156
(-0.068 -0.099 0.993 -0.154
 -0.489 0.871 0.054 1.068
 -0.870 -0.482 -0.107 -0.320
 0.000 0.000 0.000 1.000)

19.937278747558594
(-0.111 -0.012 0.994 -0.150
 -0.573 0.817 -0.054 1.085
 -0.812 -0.576 -0.097 -0.318
 0.000 0.000 0.000 1.000)

19.953948974609375
(-0.154 0.059 0.986 -0.145
 -0.633 0.761 -0.144 1.098
 -0.759 -0.646 -0.080 -0.318
 0.000 0.000 0.000 1.000)

19.970619201660156
(-0.189 0.106 0.976 -0.140
 -0.679 0.704 -0.208 1.108
 -0.710 -0.702 -0.061 -0.318
 0.000 0.000 0.000 1.000)

20.003070831298828
(-0.210 0.127 0.970 -0.137
 -0.716 0.655 -0.241 1.112
 -0.665 -0.745 -0.046 -0.316
 0.000 0.000 0.000 1.000)

20.0206241607666
(-0.221 0.132 0.966 -0.134
 -0.746 0.615 -0.255 1.114
 -0.628 -0.777 -0.037 -0.314
 0.000 0.000 0.000 1.000)

20.037338256835938
(-0.231 0.120 0.965 -0.132
 -0.767 0.588 -0.257 1.115
 -0.599 -0.800 -0.043 -0.310
 0.000 0.000 0.000 1.000)

20.054048538208008
(-0.245 0.098 0.964 -0.130
 -0.778 0.573 -0.256 1.115
 -0.578 -0.814 -0.064 -0.304
 0.000 0.000 0.000 1.000)

20.07066535949707
(-0.270 0.075 0.960 -0.127
 -0.781 0.565 -0.264 1.117
 -0.562 -0.821 -0.094 -0.298
 0.000 0.000 0.000 1.000)

20.087390899658203
(-0.349 0.045 0.936 -0.121
 -0.772 0.553 -0.315 1.126
 -0.532 -0.832 -0.158 -0.287
 0.000 0.000 0.000 1.000)

20.104066848754883
(-0.395 0.033 0.918 -0.118
 -0.773 0.528 -0.352 1.131
 -0.497 -0.848 -0.183 -0.282
 0.000 0.000 0.000 1.000)

20.1207218170166
(-0.442 0.006 0.897 -0.115
 -0.790 0.470 -0.393 1.136
 -0.424 -0.883 -0.203 -0.278
 0.000 0.000 0.000 1.000)

20.13739776611328
(-0.484 -0.049 0.874 -0.111
 -0.824 0.363 -0.436 1.140
 -0.296 -0.931 -0.216 -0.273
 0.000 0.000 0.000 1.000)

20.15409278869629
(-0.511 -0.129 0.850 -0.107
 -0.851 0.215 -0.479 1.143
 -0.121 -0.968 -0.220 -0.269
 0.000 0.000 0.000 1.000)

20.170764923095703
(-0.500 -0.222 0.837 -0.104
 -0.863 0.048 -0.503 1.143
 0.072 -0.974 -0.216 -0.266
 0.000 0.000 0.000 1.000)

20.187458038330078
(-0.448 -0.309 0.839 -0.101
 -0.859 -0.111 -0.500 1.140
 0.248 -0.944 -0.216 -0.263
 0.000 0.000 0.000 1.000)

20.204082489013672
(-0.382 -0.375 0.844 -0.099
 -0.841 -0.237 -0.486 1.136
 0.383 -0.896 -0.225 -0.259
 0.000 0.000 0.000 1.000)

20.236549377441406
(-0.324 -0.420 0.848 -0.097
 -0.823 -0.316 -0.471 1.133
 0.466 -0.851 -0.243 -0.255
 0.000 0.000 0.000 1.000)

20.254138946533203
(-0.272 -0.456 0.847 -0.093
 -0.810 -0.367 -0.457 1.130
 0.519 -0.811 -0.270 -0.251
 0.000 0.000 0.000 1.000)

20.270830154418945
(-0.222 -0.487 0.845 -0.089
 -0.801 -0.402 -0.443 1.127
 0.556 -0.775 -0.301 -0.247
 0.000 0.000 0.000 1.000)

20.287500381469727
(-0.166 -0.512 0.843 -0.084
 -0.794 -0.437 -0.422 1.125
 0.585 -0.739 -0.334 -0.244
 0.000 0.000 0.000 1.000)

20.304134368896484
(-0.102 -0.531 0.841 -0.079
 -0.795 -0.465 -0.390 1.121
 0.598 -0.708 -0.375 -0.241
 0.000 0.000 0.000 1.000)

20.32084083557129
(-0.031 -0.547 0.837 -0.073
 -0.801 -0.487 -0.348 1.116
 0.598 -0.681 -0.422 -0.236
 0.000 0.000 0.000 1.000)

20.3375186920166
(0.077 -0.537 0.840 -0.067
 -0.820 -0.513 -0.253 1.103
 0.567 -0.669 -0.480 -0.234
 0.000 0.000 0.000 1.000)

20.354223251342773
(0.100 -0.497 0.862 -0.070
 -0.845 -0.500 -0.190 1.094
 0.526 -0.709 -0.470 -0.238
 0.000 0.000 0.000 1.000)

20.370914459228516
(0.116 -0.449 0.886 -0.073
 -0.891 -0.441 -0.107 1.081
 0.439 -0.777 -0.451 -0.244
 0.000 0.000 0.000 1.000)

20.387550354003906
(0.139 -0.401 0.906 -0.077
 -0.942 -0.337 -0.005 1.065
 0.307 -0.852 -0.424 -0.252
 0.000 0.000 0.000 1.000)

20.40422821044922
(0.175 -0.362 0.916 -0.078
 -0.976 -0.185 0.113 1.048
 0.128 -0.914 -0.386 -0.263
 0.000 0.000 0.000 1.000)

20.420917510986328
(0.205 -0.350 0.914 -0.079
 -0.972 0.036 0.232 1.029
 -0.114 -0.936 -0.333 -0.277
 0.000 0.000 0.000 1.000)

20.43759536743164
(0.218 -0.389 0.895 -0.078
 -0.881 0.317 0.352 1.012
 -0.421 -0.865 -0.273 -0.294
 0.000 0.000 0.000 1.000)

20.45424461364746
(0.191 -0.491 0.850 -0.073
 -0.649 0.586 0.485 0.997
 -0.736 -0.644 -0.207 -0.312
 0.000 0.000 0.000 1.000)

20.486698150634766
(0.131 -0.596 0.792 -0.067
 -0.335 0.726 0.601 0.986
 -0.933 -0.344 -0.104 -0.333
 0.000 0.000 0.000 1.000)

20.504274368286133
(0.065 -0.677 0.734 -0.060
 -0.042 0.733 0.679 0.982
 -0.997 -0.075 0.019 -0.354
 0.000 0.000 0.000 1.000)

20.520933151245117
(0.037 -0.728 0.684 -0.052
 0.148 0.681 0.717 0.982
 -0.988 0.074 0.133 -0.372
 0.000 0.000 0.000 1.000)

20.53763771057129
(0.062 -0.761 0.646 -0.045
 0.240 0.640 0.730 0.984
 -0.969 0.110 0.222 -0.385
 0.000 0.000 0.000 1.000)

20.554304122924805
(0.116 -0.771 0.626 -0.040
 0.267 0.632 0.728 0.988
 -0.957 0.082 0.279 -0.394
 0.000 0.000 0.000 1.000)

20.570968627929688
(0.167 -0.731 0.662 -0.040
 0.271 0.680 0.682 0.997
 -0.948 0.066 0.312 -0.400
 0.000 0.000 0.000 1.000)

20.58768653869629
(0.143 -0.697 0.702 -0.044
 0.288 0.708 0.645 1.002
 -0.947 0.110 0.302 -0.400
 0.000 0.000 0.000 1.000)

20.6043643951416
(0.094 -0.674 0.733 -0.047
 0.328 0.716 0.616 1.006
 -0.940 0.183 0.288 -0.398
 0.000 0.000 0.000 1.000)

20.621023178100586
(0.038 -0.662 0.748 -0.049
 0.382 0.701 0.602 1.009
 -0.923 0.263 0.280 -0.398
 0.000 0.000 0.000 1.000)

20.637685775756836
(-0.017 -0.659 0.752 -0.050
 0.446 0.668 0.596 1.010
 -0.895 0.345 0.282 -0.398
 0.000 0.000 0.000 1.000)

20.654415130615234
(-0.072 -0.662 0.746 -0.050
 0.514 0.617 0.596 1.009
 -0.855 0.426 0.296 -0.399
 0.000 0.000 0.000 1.000)

20.671092987060547
(-0.118 -0.671 0.732 -0.048
 0.581 0.550 0.599 1.009
 -0.805 0.496 0.325 -0.403
 0.000 0.000 0.000 1.000)

20.687700271606445
(-0.162 -0.683 0.713 -0.045
 0.646 0.472 0.599 1.008
 -0.746 0.558 0.365 -0.408
 0.000 0.000 0.000 1.000)

20.70443344116211
(-0.210 -0.689 0.693 -0.042
 0.706 0.384 0.595 1.008
 -0.676 0.614 0.406 -0.413
 0.000 0.000 0.000 1.000)

20.73685646057129
(-0.268 -0.683 0.679 -0.041
 0.753 0.291 0.590 1.009
 -0.601 0.670 0.437 -0.416
 0.000 0.000 0.000 1.000)

20.75456428527832
(-0.327 -0.666 0.671 -0.040
 0.783 0.206 0.587 1.010
 -0.529 0.717 0.454 -0.418
 0.000 0.000 0.000 1.000)

20.771114349365234
(-0.373 -0.644 0.668 -0.040
 0.795 0.150 0.588 1.009
 -0.479 0.750 0.456 -0.419
 0.000 0.000 0.000 1.000)

20.787744522094727
(-0.403 -0.631 0.663 -0.040
 0.792 0.122 0.598 1.007
 -0.458 0.766 0.451 -0.418
 0.000 0.000 0.000 1.000)

20.804494857788086
(-0.421 -0.626 0.656 -0.039
 0.780 0.120 0.614 1.004
 -0.464 0.770 0.438 -0.417
 0.000 0.000 0.000 1.000)

20.821163177490234
(-0.429 -0.640 0.637 -0.035
 0.726 0.175 0.665 0.993
 -0.537 0.748 0.390 -0.412
 0.000 0.000 0.000 1.000)

20.837844848632812
(-0.423 -0.653 0.628 -0.034
 0.692 0.214 0.690 0.988
 -0.585 0.726 0.361 -0.410
 0.000 0.000 0.000 1.000)

20.854520797729492
(-0.403 -0.670 0.623 -0.032
 0.651 0.268 0.710 0.983
 -0.643 0.692 0.328 -0.406
 0.000 0.000 0.000 1.000)

