18.06938362121582
(0.953 0.260 0.159 -0.202
 -0.199 0.927 -0.318 1.180
 -0.230 0.271 0.935 1.041
 0.000 0.000 0.000 1.000)

18.087318420410156
(0.964 0.177 0.200 -0.201
 -0.118 0.954 -0.276 1.185
 -0.240 0.243 0.940 1.021
 0.000 0.000 0.000 1.000)

18.11943817138672
(0.960 0.079 0.269 -0.204
 -0.010 0.969 -0.248 1.192
 -0.280 0.235 0.931 1.000
 0.000 0.000 0.000 1.000)

18.13700294494629
(0.945 -0.009 0.327 -0.205
 0.083 0.973 -0.214 1.198
 -0.316 0.229 0.921 0.981
 0.000 0.000 0.000 1.000)

18.15371322631836
(0.928 -0.086 0.362 -0.205
 0.170 0.964 -0.207 1.206
 -0.331 0.253 0.909 0.962
 0.000 0.000 0.000 1.000)

18.17040252685547
(0.903 -0.165 0.397 -0.203
 0.257 0.948 -0.190 1.210
 -0.345 0.273 0.898 0.944
 0.000 0.000 0.000 1.000)

18.187007904052734
(0.879 -0.234 0.416 -0.200
 0.324 0.932 -0.161 1.214
 -0.351 0.277 0.895 0.925
 0.000 0.000 0.000 1.000)

18.203676223754883
(0.857 -0.296 0.422 -0.195
 0.373 0.921 -0.111 1.215
 -0.356 0.252 0.900 0.906
 0.000 0.000 0.000 1.000)

18.22050666809082
(0.835 -0.349 0.424 -0.189
 0.413 0.908 -0.067 1.217
 -0.362 0.231 0.903 0.887
 0.000 0.000 0.000 1.000)

18.237165451049805
(0.815 -0.397 0.423 -0.184
 0.451 0.892 -0.031 1.220
 -0.365 0.216 0.906 0.868
 0.000 0.000 0.000 1.000)

18.253875732421875
(0.793 -0.439 0.423 -0.179
 0.487 0.873 -0.007 1.225
 -0.366 0.211 0.906 0.850
 0.000 0.000 0.000 1.000)

18.270545959472656
(0.771 -0.469 0.430 -0.174
 0.522 0.853 -0.004 1.232
 -0.365 0.228 0.903 0.833
 0.000 0.000 0.000 1.000)

18.28719711303711
(0.760 -0.488 0.430 -0.169
 0.543 0.840 -0.006 1.239
 -0.358 0.238 0.903 0.817
 0.000 0.000 0.000 1.000)

18.30400276184082
(0.779 -0.461 0.425 -0.159
 0.526 0.849 -0.044 1.256
 -0.341 0.258 0.904 0.786
 0.000 0.000 0.000 1.000)

18.32057762145996
(0.812 -0.406 0.419 -0.153
 0.485 0.869 -0.096 1.265
 -0.325 0.281 0.903 0.771
 0.000 0.000 0.000 1.000)

18.337276458740234
(0.858 -0.336 0.390 -0.144
 0.414 0.900 -0.137 1.273
 -0.304 0.279 0.911 0.756
 0.000 0.000 0.000 1.000)

18.369718551635742
(0.897 -0.259 0.357 -0.135
 0.333 0.928 -0.165 1.278
 -0.289 0.267 0.919 0.740
 0.000 0.000 0.000 1.000)

18.387338638305664
(0.936 -0.153 0.316 -0.126
 0.221 0.956 -0.191 1.283
 -0.273 0.249 0.929 0.726
 0.000 0.000 0.000 1.000)

18.40401268005371
(0.963 -0.012 0.269 -0.117
 0.074 0.973 -0.219 1.287
 -0.259 0.231 0.938 0.711
 0.000 0.000 0.000 1.000)

18.420719146728516
(0.964 0.164 0.210 -0.109
 -0.107 0.960 -0.259 1.291
 -0.244 0.227 0.943 0.697
 0.000 0.000 0.000 1.000)

18.437427520751953
(0.927 0.344 0.147 -0.100
 -0.295 0.914 -0.278 1.293
 -0.230 0.215 0.949 0.683
 0.000 0.000 0.000 1.000)

18.454051971435547
(0.859 0.506 0.079 -0.091
 -0.472 0.843 -0.258 1.291
 -0.197 0.185 0.963 0.669
 0.000 0.000 0.000 1.000)

18.47078514099121
(0.765 0.644 0.021 -0.083
 -0.623 0.748 -0.231 1.287
 -0.164 0.163 0.973 0.655
 0.000 0.000 0.000 1.000)

18.487436294555664
(0.646 0.763 -0.028 -0.076
 -0.753 0.631 -0.187 1.281
 -0.125 0.142 0.982 0.641
 0.000 0.000 0.000 1.000)

18.504100799560547
(0.493 0.867 -0.069 -0.071
 -0.865 0.481 -0.142 1.274
 -0.090 0.130 0.987 0.628
 0.000 0.000 0.000 1.000)

18.52079963684082
(0.342 0.935 -0.097 -0.068
 -0.937 0.331 -0.109 1.269
 -0.070 0.128 0.989 0.614
 0.000 0.000 0.000 1.000)

18.537490844726562
(0.229 0.967 -0.114 -0.066
 -0.972 0.220 -0.087 1.265
 -0.059 0.131 0.990 0.601
 0.000 0.000 0.000 1.000)

18.55414581298828
(0.231 0.967 -0.110 -0.063
 -0.971 0.222 -0.092 1.261
 -0.065 0.128 0.990 0.573
 0.000 0.000 0.000 1.000)

18.57082176208496
(0.305 0.947 -0.103 -0.062
 -0.948 0.292 -0.123 1.263
 -0.086 0.135 0.987 0.559
 0.000 0.000 0.000 1.000)

18.58754539489746
(0.389 0.917 -0.089 -0.061
 -0.915 0.374 -0.152 1.264
 -0.106 0.141 0.984 0.547
 0.000 0.000 0.000 1.000)

18.619998931884766
(0.473 0.878 -0.075 -0.060
 -0.872 0.454 -0.182 1.266
 -0.126 0.152 0.980 0.534
 0.000 0.000 0.000 1.000)

18.63758087158203
(0.520 0.852 -0.061 -0.060
 -0.842 0.500 -0.202 1.267
 -0.142 0.156 0.977 0.523
 0.000 0.000 0.000 1.000)

18.654212951660156
(0.549 0.835 -0.051 -0.060
 -0.822 0.527 -0.215 1.267
 -0.153 0.159 0.975 0.512
 0.000 0.000 0.000 1.000)

18.67095947265625
(0.553 0.831 -0.048 -0.060
 -0.818 0.532 -0.217 1.265
 -0.155 0.159 0.975 0.503
 0.000 0.000 0.000 1.000)

18.68760108947754
(0.547 0.836 -0.045 -0.061
 -0.823 0.526 -0.215 1.264
 -0.156 0.155 0.976 0.494
 0.000 0.000 0.000 1.000)

18.704326629638672
(0.545 0.838 -0.038 -0.062
 -0.823 0.526 -0.213 1.263
 -0.158 0.148 0.976 0.487
 0.000 0.000 0.000 1.000)

18.720951080322266
(0.555 0.832 -0.029 -0.063
 -0.816 0.537 -0.214 1.262
 -0.162 0.142 0.976 0.481
 0.000 0.000 0.000 1.000)

18.737640380859375
(0.570 0.821 -0.027 -0.065
 -0.804 0.551 -0.223 1.262
 -0.168 0.149 0.974 0.476
 0.000 0.000 0.000 1.000)

18.754308700561523
(0.581 0.813 -0.026 -0.067
 -0.795 0.561 -0.231 1.263
 -0.173 0.155 0.973 0.473
 0.000 0.000 0.000 1.000)

18.770994186401367
(0.577 0.816 -0.034 -0.070
 -0.797 0.554 -0.239 1.263
 -0.177 0.165 0.970 0.472
 0.000 0.000 0.000 1.000)

18.787635803222656
(0.487 0.872 -0.060 -0.084
 -0.851 0.457 -0.258 1.267
 -0.197 0.177 0.964 0.482
 0.000 0.000 0.000 1.000)

18.80434226989746
(0.408 0.909 -0.083 -0.094
 -0.882 0.369 -0.292 1.270
 -0.235 0.193 0.953 0.491
 0.000 0.000 0.000 1.000)

18.821016311645508
(0.349 0.932 -0.096 -0.106
 -0.897 0.302 -0.321 1.271
 -0.271 0.198 0.942 0.502
 0.000 0.000 0.000 1.000)

18.853540420532227
(0.319 0.942 -0.105 -0.121
 -0.900 0.266 -0.347 1.270
 -0.299 0.205 0.932 0.515
 0.000 0.000 0.000 1.000)

18.8710994720459
(0.327 0.939 -0.109 -0.138
 -0.891 0.268 -0.366 1.264
 -0.314 0.217 0.924 0.529
 0.000 0.000 0.000 1.000)

18.887784957885742
(0.354 0.928 -0.119 -0.157
 -0.879 0.287 -0.381 1.256
 -0.319 0.239 0.917 0.545
 0.000 0.000 0.000 1.000)

18.90446662902832
(0.374 0.919 -0.127 -0.178
 -0.873 0.302 -0.383 1.244
 -0.314 0.254 0.915 0.561
 0.000 0.000 0.000 1.000)

18.9211483001709
(0.380 0.916 -0.125 -0.203
 -0.871 0.309 -0.383 1.229
 -0.313 0.255 0.915 0.577
 0.000 0.000 0.000 1.000)

18.937780380249023
(0.366 0.926 -0.093 -0.230
 -0.879 0.311 -0.362 1.211
 -0.306 0.215 0.927 0.592
 0.000 0.000 0.000 1.000)

18.95449447631836
(0.341 0.940 -0.027 -0.260
 -0.887 0.312 -0.339 1.194
 -0.310 0.140 0.940 0.607
 0.000 0.000 0.000 1.000)

18.971153259277344
(0.312 0.948 0.065 -0.292
 -0.895 0.316 -0.314 1.178
 -0.318 0.040 0.947 0.622
 0.000 0.000 0.000 1.000)

18.98794174194336
(0.289 0.942 0.173 -0.324
 -0.899 0.329 -0.288 1.162
 -0.328 -0.072 0.942 0.638
 0.000 0.000 0.000 1.000)

19.004594802856445
(0.285 0.912 0.294 -0.355
 -0.894 0.364 -0.261 1.149
 -0.345 -0.188 0.920 0.656
 0.000 0.000 0.000 1.000)

19.021211624145508
(0.315 0.808 0.497 -0.403
 -0.846 0.477 -0.239 1.133
 -0.430 -0.345 0.834 0.690
 0.000 0.000 0.000 1.000)

19.037851333618164
(0.342 0.758 0.555 -0.417
 -0.810 0.537 -0.234 1.129
 -0.476 -0.370 0.798 0.704
 0.000 0.000 0.000 1.000)

19.054595947265625
(0.367 0.723 0.586 -0.425
 -0.766 0.592 -0.250 1.130
 -0.527 -0.357 0.771 0.714
 0.000 0.000 0.000 1.000)

19.071290969848633
(0.393 0.707 0.588 -0.429
 -0.730 0.629 -0.268 1.132
 -0.559 -0.324 0.764 0.721
 0.000 0.000 0.000 1.000)

19.103734970092773
(0.427 0.703 0.569 -0.429
 -0.682 0.664 -0.308 1.137
 -0.594 -0.257 0.762 0.726
 0.000 0.000 0.000 1.000)

19.121244430541992
(0.487 0.677 0.551 -0.427
 -0.621 0.713 -0.326 1.141
 -0.614 -0.183 0.768 0.729
 0.000 0.000 0.000 1.000)

19.137990951538086
(0.571 0.628 0.529 -0.425
 -0.541 0.772 -0.334 1.143
 -0.618 -0.096 0.780 0.730
 0.000 0.000 0.000 1.000)

19.15467071533203
(0.661 0.553 0.507 -0.422
 -0.465 0.832 -0.302 1.138
 -0.589 -0.036 0.808 0.730
 0.000 0.000 0.000 1.000)

19.17133331298828
(0.721 0.485 0.495 -0.420
 -0.412 0.874 -0.256 1.131
 -0.557 -0.019 0.830 0.731
 0.000 0.000 0.000 1.000)

19.188045501708984
(0.749 0.464 0.473 -0.418
 -0.419 0.885 -0.205 1.122
 -0.513 -0.044 0.857 0.731
 0.000 0.000 0.000 1.000)

19.2047061920166
(0.737 0.508 0.446 -0.416
 -0.490 0.856 -0.166 1.114
 -0.466 -0.096 0.880 0.732
 0.000 0.000 0.000 1.000)

19.221385955810547
(0.693 0.577 0.432 -0.416
 -0.596 0.796 -0.106 1.105
 -0.405 -0.184 0.896 0.732
 0.000 0.000 0.000 1.000)

19.238086700439453
(0.647 0.637 0.419 -0.416
 -0.689 0.723 -0.034 1.096
 -0.325 -0.266 0.908 0.732
 0.000 0.000 0.000 1.000)

19.254762649536133
(0.633 0.652 0.417 -0.416
 -0.722 0.692 0.015 1.091
 -0.279 -0.310 0.909 0.731
 0.000 0.000 0.000 1.000)

19.271411895751953
(0.639 0.613 0.465 -0.424
 -0.691 0.723 -0.003 1.100
 -0.338 -0.319 0.885 0.724
 0.000 0.000 0.000 1.000)

19.288070678710938
(0.631 0.580 0.515 -0.431
 -0.643 0.763 -0.071 1.112
 -0.434 -0.287 0.854 0.718
 0.000 0.000 0.000 1.000)

19.304771423339844
(0.621 0.538 0.570 -0.438
 -0.583 0.803 -0.122 1.123
 -0.523 -0.257 0.813 0.711
 0.000 0.000 0.000 1.000)

19.337234497070312
(0.606 0.502 0.617 -0.444
 -0.525 0.835 -0.164 1.132
 -0.597 -0.225 0.770 0.701
 0.000 0.000 0.000 1.000)

19.35485076904297
(0.586 0.464 0.664 -0.448
 -0.489 0.856 -0.166 1.137
 -0.646 -0.227 0.729 0.690
 0.000 0.000 0.000 1.000)

19.37149429321289
(0.569 0.434 0.698 -0.449
 -0.465 0.871 -0.162 1.142
 -0.678 -0.232 0.697 0.677
 0.000 0.000 0.000 1.000)

19.388187408447266
(0.558 0.390 0.733 -0.448
 -0.454 0.883 -0.124 1.143
 -0.695 -0.263 0.669 0.662
 0.000 0.000 0.000 1.000)

19.404878616333008
(0.546 0.359 0.757 -0.446
 -0.430 0.895 -0.115 1.147
 -0.719 -0.263 0.643 0.646
 0.000 0.000 0.000 1.000)

19.421588897705078
(0.537 0.334 0.775 -0.440
 -0.402 0.909 -0.113 1.154
 -0.742 -0.251 0.622 0.628
 0.000 0.000 0.000 1.000)

19.438222885131836
(0.524 0.310 0.793 -0.433
 -0.358 0.925 -0.126 1.165
 -0.773 -0.218 0.596 0.608
 0.000 0.000 0.000 1.000)

19.454975128173828
(0.507 0.290 0.812 -0.425
 -0.305 0.941 -0.145 1.179
 -0.806 -0.174 0.565 0.586
 0.000 0.000 0.000 1.000)

19.471633911132812
(0.491 0.270 0.828 -0.415
 -0.234 0.957 -0.173 1.196
 -0.839 -0.109 0.533 0.562
 0.000 0.000 0.000 1.000)

19.48830795288086
(0.478 0.257 0.840 -0.403
 -0.158 0.966 -0.206 1.215
 -0.864 -0.034 0.502 0.537
 0.000 0.000 0.000 1.000)

19.504926681518555
(0.463 0.247 0.851 -0.375
 -0.037 0.965 -0.260 1.252
 -0.886 0.088 0.456 0.481
 0.000 0.000 0.000 1.000)

19.52165985107422
(0.447 0.229 0.865 -0.360
 0.001 0.967 -0.257 1.267
 -0.894 0.115 0.432 0.451
 0.000 0.000 0.000 1.000)

19.538331985473633
(0.429 0.220 0.876 -0.345
 0.032 0.966 -0.258 1.282
 -0.903 0.139 0.407 0.421
 0.000 0.000 0.000 1.000)

19.555009841918945
(0.426 0.196 0.883 -0.327
 0.070 0.966 -0.248 1.296
 -0.902 0.168 0.398 0.390
 0.000 0.000 0.000 1.000)

19.587461471557617
(0.455 0.153 0.877 -0.306
 0.130 0.963 -0.235 1.310
 -0.881 0.221 0.418 0.357
 0.000 0.000 0.000 1.000)

19.605030059814453
(0.506 0.101 0.857 -0.282
 0.195 0.954 -0.228 1.324
 -0.840 0.282 0.463 0.321
 0.000 0.000 0.000 1.000)

19.621753692626953
(0.558 0.054 0.828 -0.256
 0.244 0.943 -0.225 1.336
 -0.793 0.327 0.514 0.286
 0.000 0.000 0.000 1.000)

19.6384334564209
(0.603 0.022 0.797 -0.229
 0.263 0.938 -0.224 1.347
 -0.753 0.345 0.560 0.253
 0.000 0.000 0.000 1.000)

19.655118942260742
(0.644 -0.004 0.765 -0.201
 0.269 0.937 -0.222 1.356
 -0.716 0.349 0.605 0.223
 0.000 0.000 0.000 1.000)

19.67188262939453
(0.688 -0.038 0.724 -0.172
 0.271 0.940 -0.209 1.362
 -0.673 0.340 0.657 0.195
 0.000 0.000 0.000 1.000)

19.688444137573242
(0.735 -0.076 0.674 -0.142
 0.268 0.945 -0.186 1.365
 -0.623 0.318 0.715 0.170
 0.000 0.000 0.000 1.000)

19.705137252807617
(0.780 -0.111 0.615 -0.112
 0.260 0.952 -0.158 1.365
 -0.569 0.284 0.772 0.147
 0.000 0.000 0.000 1.000)

19.721839904785156
(0.823 -0.146 0.550 -0.083
 0.257 0.958 -0.130 1.364
 -0.507 0.248 0.825 0.126
 0.000 0.000 0.000 1.000)

19.73849868774414
(0.860 -0.182 0.477 -0.055
 0.256 0.962 -0.094 1.361
 -0.442 0.203 0.874 0.108
 0.000 0.000 0.000 1.000)

19.755172729492188
(0.893 -0.298 0.338 -0.009
 0.326 0.945 -0.027 1.353
 -0.312 0.135 0.941 0.080
 0.000 0.000 0.000 1.000)

19.77182388305664
(0.880 -0.374 0.293 0.007
 0.392 0.920 -0.003 1.350
 -0.269 0.117 0.956 0.070
 0.000 0.000 0.000 1.000)

19.788532257080078
(0.853 -0.440 0.280 0.015
 0.455 0.890 0.011 1.348
 -0.254 0.118 0.960 0.062
 0.000 0.000 0.000 1.000)

19.805208206176758
(0.820 -0.489 0.297 0.019
 0.507 0.862 0.017 1.347
 -0.264 0.137 0.955 0.055
 0.000 0.000 0.000 1.000)

19.837663650512695
(0.782 -0.530 0.329 0.019
 0.555 0.832 0.021 1.346
 -0.284 0.166 0.944 0.048
 0.000 0.000 0.000 1.000)

19.855260848999023
(0.725 -0.586 0.360 0.018
 0.620 0.784 0.029 1.344
 -0.300 0.202 0.932 0.041
 0.000 0.000 0.000 1.000)

19.871936798095703
(0.641 -0.668 0.378 0.018
 0.708 0.705 0.046 1.343
 -0.297 0.238 0.925 0.034
 0.000 0.000 0.000 1.000)

19.88850212097168
(0.519 -0.760 0.392 0.016
 0.809 0.585 0.064 1.341
 -0.278 0.284 0.918 0.028
 0.000 0.000 0.000 1.000)

19.905183792114258
(0.336 -0.854 0.397 0.014
 0.911 0.402 0.094 1.339
 -0.240 0.330 0.913 0.021
 0.000 0.000 0.000 1.000)

19.921934127807617
(0.098 -0.919 0.383 0.012
 0.978 0.160 0.135 1.334
 -0.185 0.361 0.914 0.015
 0.000 0.000 0.000 1.000)

19.938596725463867
(-0.177 -0.920 0.349 0.012
 0.977 -0.121 0.177 1.327
 -0.121 0.372 0.920 0.008
 0.000 0.000 0.000 1.000)

19.955286026000977
(-0.433 -0.851 0.299 0.012
 0.899 -0.384 0.210 1.317
 -0.064 0.360 0.931 0.000
 0.000 0.000 0.000 1.000)

19.97196388244629
(-0.630 -0.737 0.245 0.013
 0.776 -0.587 0.230 1.306
 -0.026 0.335 0.942 -0.007
 0.000 0.000 0.000 1.000)

19.98862075805664
(-0.833 -0.520 0.188 0.012
 0.553 -0.784 0.282 1.278
 0.001 0.339 0.941 -0.021
 0.000 0.000 0.000 1.000)

20.005329132080078
(-0.850 -0.493 0.185 0.012
 0.526 -0.781 0.336 1.261
 -0.022 0.383 0.923 -0.026
 0.000 0.000 0.000 1.000)

20.021970748901367
(-0.827 -0.532 0.183 0.013
 0.557 -0.731 0.394 1.247
 -0.076 0.428 0.901 -0.031
 0.000 0.000 0.000 1.000)

20.03866958618164
(-0.750 -0.636 0.183 0.017
 0.644 -0.637 0.423 1.239
 -0.152 0.436 0.887 -0.039
 0.000 0.000 0.000 1.000)

20.07114028930664
(-0.612 -0.767 0.194 0.020
 0.758 -0.498 0.421 1.238
 -0.226 0.405 0.886 -0.048
 0.000 0.000 0.000 1.000)

20.088741302490234
(-0.433 -0.876 0.213 0.023
 0.856 -0.326 0.402 1.238
 -0.283 0.357 0.890 -0.059
 0.000 0.000 0.000 1.000)

20.10540199279785
(-0.247 -0.936 0.250 0.023
 0.911 -0.136 0.390 1.237
 -0.331 0.324 0.886 -0.069
 0.000 0.000 0.000 1.000)

20.122058868408203
(-0.069 -0.950 0.303 0.022
 0.924 0.053 0.379 1.233
 -0.377 0.306 0.874 -0.079
 0.000 0.000 0.000 1.000)

20.13876724243164
(0.072 -0.931 0.358 0.019
 0.902 0.214 0.375 1.224
 -0.426 0.296 0.855 -0.088
 0.000 0.000 0.000 1.000)

20.155445098876953
(0.194 -0.897 0.398 0.018
 0.855 0.353 0.379 1.213
 -0.480 0.267 0.835 -0.097
 0.000 0.000 0.000 1.000)

20.1721134185791
(0.300 -0.851 0.431 0.017
 0.788 0.476 0.390 1.201
 -0.538 0.223 0.813 -0.105
 0.000 0.000 0.000 1.000)

20.188806533813477
(0.410 -0.787 0.461 0.016
 0.697 0.596 0.397 1.188
 -0.588 0.159 0.793 -0.114
 0.000 0.000 0.000 1.000)

20.205474853515625
(0.542 -0.683 0.490 0.016
 0.557 0.728 0.399 1.176
 -0.630 0.057 0.775 -0.123
 0.000 0.000 0.000 1.000)

20.2221736907959
(0.664 -0.541 0.515 0.016
 0.375 0.838 0.397 1.164
 -0.647 -0.070 0.759 -0.131
 0.000 0.000 0.000 1.000)

20.238853454589844
(0.721 -0.454 0.523 0.020
 0.217 0.865 0.452 1.138
 -0.658 -0.213 0.722 -0.148
 0.000 0.000 0.000 1.000)

20.25555992126465
(0.688 -0.505 0.521 0.022
 0.244 0.837 0.490 1.126
 -0.684 -0.209 0.699 -0.157
 0.000 0.000 0.000 1.000)

20.272119522094727
(0.662 -0.540 0.520 0.024
 0.262 0.816 0.515 1.118
 -0.702 -0.204 0.682 -0.165
 0.000 0.000 0.000 1.000)

20.288875579833984
(0.661 -0.537 0.524 0.026
 0.248 0.816 0.523 1.112
 -0.708 -0.216 0.672 -0.173
 0.000 0.000 0.000 1.000)

20.321292877197266
(0.686 -0.484 0.544 0.027
 0.197 0.842 0.502 1.110
 -0.701 -0.237 0.673 -0.183
 0.000 0.000 0.000 1.000)

20.33887481689453
(0.703 -0.422 0.573 0.026
 0.147 0.873 0.464 1.112
 -0.696 -0.242 0.676 -0.192
 0.000 0.000 0.000 1.000)

20.355558395385742
(0.714 -0.352 0.605 0.025
 0.095 0.905 0.414 1.117
 -0.694 -0.238 0.680 -0.202
 0.000 0.000 0.000 1.000)

20.372238159179688
(0.721 -0.275 0.636 0.024
 0.037 0.932 0.361 1.123
 -0.692 -0.237 0.682 -0.211
 0.000 0.000 0.000 1.000)

20.388877868652344
(0.723 -0.202 0.660 0.024
 -0.022 0.949 0.314 1.128
 -0.690 -0.242 0.682 -0.219
 0.000 0.000 0.000 1.000)

20.40558624267578
(0.716 -0.138 0.684 0.023
 -0.085 0.956 0.282 1.130
 -0.692 -0.260 0.673 -0.225
 0.000 0.000 0.000 1.000)

20.422277450561523
(0.697 -0.091 0.712 0.021
 -0.150 0.952 0.268 1.128
 -0.702 -0.293 0.649 -0.228
 0.000 0.000 0.000 1.000)

20.438899993896484
(0.668 -0.057 0.742 0.018
 -0.213 0.941 0.265 1.125
 -0.713 -0.335 0.616 -0.230
 0.000 0.000 0.000 1.000)

20.455554962158203
(0.636 -0.031 0.771 0.016
 -0.276 0.924 0.265 1.120
 -0.721 -0.381 0.579 -0.230
 0.000 0.000 0.000 1.000)

20.472274780273438
(0.586 0.005 0.810 0.015
 -0.386 0.881 0.274 1.106
 -0.712 -0.474 0.518 -0.232
 0.000 0.000 0.000 1.000)

20.488943099975586
(0.580 0.010 0.814 0.018
 -0.428 0.854 0.294 1.096
 -0.693 -0.520 0.500 -0.235
 0.000 0.000 0.000 1.000)

20.50562286376953
(0.584 -0.004 0.812 0.021
 -0.443 0.836 0.322 1.085
 -0.680 -0.548 0.487 -0.241
 0.000 0.000 0.000 1.000)

20.522289276123047
(0.590 -0.048 0.806 0.026
 -0.424 0.831 0.359 1.073
 -0.688 -0.553 0.470 -0.246
 0.000 0.000 0.000 1.000)

20.538959503173828
(0.591 -0.118 0.798 0.030
 -0.376 0.835 0.402 1.062
 -0.714 -0.538 0.449 -0.252
 0.000 0.000 0.000 1.000)

20.571449279785156
(0.581 -0.197 0.789 0.035
 -0.311 0.843 0.439 1.052
 -0.752 -0.501 0.429 -0.259
 0.000 0.000 0.000 1.000)

20.589012145996094
(0.558 -0.275 0.783 0.039
 -0.238 0.851 0.469 1.043
 -0.794 -0.448 0.409 -0.265
 0.000 0.000 0.000 1.000)

20.605714797973633
(0.531 -0.329 0.781 0.043
 -0.179 0.857 0.483 1.036
 -0.829 -0.396 0.396 -0.273
 0.000 0.000 0.000 1.000)

20.6223201751709
(0.510 -0.355 0.783 0.045
 -0.143 0.863 0.484 1.030
 -0.848 -0.359 0.389 -0.281
 0.000 0.000 0.000 1.000)

20.638996124267578
(0.510 -0.353 0.784 0.048
 -0.136 0.867 0.479 1.024
 -0.849 -0.351 0.394 -0.291
 0.000 0.000 0.000 1.000)

20.655597686767578
(0.524 -0.327 0.786 0.051
 -0.147 0.874 0.462 1.020
 -0.839 -0.358 0.410 -0.301
 0.000 0.000 0.000 1.000)

20.67241668701172
(0.545 -0.282 0.789 0.054
 -0.169 0.886 0.433 1.017
 -0.821 -0.369 0.436 -0.313
 0.000 0.000 0.000 1.000)

20.6890869140625
(0.561 -0.226 0.796 0.055
 -0.194 0.900 0.391 1.016
 -0.805 -0.374 0.461 -0.325
 0.000 0.000 0.000 1.000)

20.705785751342773
(0.568 -0.171 0.805 0.056
 -0.207 0.917 0.341 1.018
 -0.797 -0.360 0.486 -0.338
 0.000 0.000 0.000 1.000)

20.722423553466797
(0.573 -0.077 0.816 0.059
 -0.204 0.951 0.233 1.024
 -0.794 -0.300 0.529 -0.363
 0.000 0.000 0.000 1.000)

20.739059448242188
(0.579 -0.040 0.814 0.061
 -0.195 0.963 0.187 1.027
 -0.792 -0.267 0.550 -0.376
 0.000 0.000 0.000 1.000)

20.755781173706055
(0.589 -0.012 0.808 0.064
 -0.195 0.968 0.157 1.027
 -0.785 -0.250 0.567 -0.388
 0.000 0.000 0.000 1.000)

20.772451400756836
(0.603 0.010 0.798 0.067
 -0.211 0.966 0.147 1.024
 -0.769 -0.257 0.585 -0.400
 0.000 0.000 0.000 1.000)

20.804922103881836
(0.624 0.031 0.781 0.071
 -0.223 0.965 0.140 1.020
 -0.749 -0.262 0.608 -0.413
 0.000 0.000 0.000 1.000)

20.822521209716797
(0.655 0.038 0.754 0.076
 -0.218 0.966 0.142 1.015
 -0.723 -0.258 0.641 -0.428
 0.000 0.000 0.000 1.000)

20.839187622070312
(0.691 0.029 0.722 0.082
 -0.199 0.968 0.151 1.010
 -0.695 -0.248 0.675 -0.442
 0.000 0.000 0.000 1.000)

20.856054306030273
(0.727 0.038 0.686 0.089
 -0.202 0.966 0.160 1.004
 -0.656 -0.255 0.710 -0.456
 0.000 0.000 0.000 1.000)

20.872528076171875
(0.758 0.098 0.645 0.096
 -0.257 0.953 0.157 0.999
 -0.599 -0.285 0.748 -0.469
 0.000 0.000 0.000 1.000)

20.889205932617188
(0.773 0.189 0.606 0.102
 -0.343 0.928 0.148 0.996
 -0.534 -0.322 0.782 -0.482
 0.000 0.000 0.000 1.000)

20.90589141845703
(0.771 0.264 0.580 0.108
 -0.417 0.897 0.146 0.992
 -0.481 -0.355 0.801 -0.494
 0.000 0.000 0.000 1.000)

20.922571182250977
(0.766 0.300 0.568 0.111
 -0.452 0.880 0.144 0.989
 -0.457 -0.367 0.810 -0.504
 0.000 0.000 0.000 1.000)

20.93923568725586
(0.763 0.320 0.561 0.115
 -0.470 0.871 0.142 0.988
 -0.443 -0.372 0.816 -0.515
 0.000 0.000 0.000 1.000)

20.955930709838867
(0.765 0.365 0.530 0.125
 -0.497 0.859 0.126 0.988
 -0.409 -0.360 0.839 -0.537
 0.000 0.000 0.000 1.000)

20.972625732421875
(0.773 0.390 0.501 0.132
 -0.514 0.847 0.133 0.987
 -0.372 -0.360 0.855 -0.549
 0.000 0.000 0.000 1.000)

20.989290237426758
(0.783 0.416 0.463 0.140
 -0.532 0.832 0.154 0.985
 -0.321 -0.367 0.873 -0.561
 0.000 0.000 0.000 1.000)

21.006013870239258
(0.791 0.448 0.416 0.150
 -0.556 0.811 0.183 0.981
 -0.255 -0.376 0.891 -0.572
 0.000 0.000 0.000 1.000)

21.02260971069336
(0.799 0.481 0.361 0.162
 -0.574 0.790 0.217 0.978
 -0.181 -0.381 0.907 -0.583
 0.000 0.000 0.000 1.000)

21.055076599121094
(0.810 0.503 0.300 0.175
 -0.577 0.776 0.256 0.976
 -0.104 -0.380 0.919 -0.594
 0.000 0.000 0.000 1.000)

21.07264518737793
(0.822 0.517 0.238 0.188
 -0.568 0.774 0.280 0.975
 -0.039 -0.366 0.930 -0.605
 0.000 0.000 0.000 1.000)

21.089317321777344
(0.837 0.517 0.180 0.201
 -0.547 0.783 0.296 0.977
 0.012 -0.347 0.938 -0.616
 0.000 0.000 0.000 1.000)

21.105998992919922
(0.857 0.498 0.132 0.213
 -0.513 0.804 0.300 0.981
 0.043 -0.325 0.945 -0.628
 0.000 0.000 0.000 1.000)

21.122669219970703
(0.878 0.469 0.092 0.224
 -0.474 0.831 0.292 0.986
 0.060 -0.300 0.952 -0.640
 0.000 0.000 0.000 1.000)

21.139347076416016
(0.899 0.435 0.058 0.235
 -0.433 0.859 0.272 0.994
 0.068 -0.269 0.961 -0.653
 0.000 0.000 0.000 1.000)

21.156042098999023
(0.915 0.403 0.033 0.244
 -0.399 0.886 0.237 1.003
 0.066 -0.230 0.971 -0.666
 0.000 0.000 0.000 1.000)

21.172740936279297
(0.928 0.372 0.018 0.252
 -0.368 0.910 0.190 1.014
 0.054 -0.183 0.982 -0.679
 0.000 0.000 0.000 1.000)

21.189491271972656
(0.941 0.339 0.010 0.258
 -0.336 0.931 0.140 1.026
 0.038 -0.135 0.990 -0.692
 0.000 0.000 0.000 1.000)

21.206050872802734
(0.967 0.253 -0.005 0.269
 -0.252 0.966 0.051 1.047
 0.018 -0.048 0.999 -0.714
 0.000 0.000 0.000 1.000)

21.222749710083008
(0.979 0.204 -0.020 0.276
 -0.203 0.979 0.017 1.055
 0.023 -0.013 1.000 -0.723
 0.000 0.000 0.000 1.000)

21.239418029785156
(0.989 0.141 -0.042 0.282
 -0.141 0.990 -0.008 1.063
 0.041 0.014 0.999 -0.732
 0.000 0.000 0.000 1.000)

21.256114959716797
(0.996 0.058 -0.075 0.290
 -0.061 0.998 -0.030 1.070
 0.073 0.034 0.997 -0.740
 0.000 0.000 0.000 1.000)

21.288551330566406
(0.992 -0.051 -0.118 0.299
 0.046 0.998 -0.048 1.077
 0.120 0.042 0.992 -0.747
 0.000 0.000 0.000 1.000)

21.30605125427246
(0.971 -0.170 -0.167 0.309
 0.161 0.985 -0.068 1.084
 0.177 0.039 0.984 -0.752
 0.000 0.000 0.000 1.000)

21.32274055480957
(0.939 -0.266 -0.216 0.318
 0.249 0.963 -0.102 1.092
 0.235 0.042 0.971 -0.758
 0.000 0.000 0.000 1.000)

21.339399337768555
(0.911 -0.320 -0.260 0.326
 0.291 0.946 -0.145 1.099
 0.292 0.056 0.955 -0.762
 0.000 0.000 0.000 1.000)

21.356136322021484
(0.889 -0.343 -0.303 0.333
 0.297 0.936 -0.190 1.106
 0.349 0.079 0.934 -0.766
 0.000 0.000 0.000 1.000)

21.372772216796875
(0.861 -0.365 -0.354 0.341
 0.303 0.928 -0.218 1.110
 0.408 0.080 0.909 -0.769
 0.000 0.000 0.000 1.000)

21.389450073242188
(0.819 -0.398 -0.413 0.349
 0.333 0.916 -0.223 1.111
 0.467 0.045 0.883 -0.771
 0.000 0.000 0.000 1.000)

21.406126022338867
(0.757 -0.445 -0.478 0.358
 0.394 0.895 -0.210 1.112
 0.521 -0.030 0.853 -0.772
 0.000 0.000 0.000 1.000)

21.422758102416992
(0.671 -0.505 -0.543 0.368
 0.492 0.851 -0.185 1.112
 0.556 -0.143 0.819 -0.773
 0.000 0.000 0.000 1.000)

21.43943214416504
(0.522 -0.540 -0.661 0.385
 0.605 0.780 -0.160 1.112
 0.602 -0.316 0.733 -0.773
 0.000 0.000 0.000 1.000)

21.456111907958984
(0.486 -0.513 -0.708 0.391
 0.589 0.791 -0.169 1.113
 0.646 -0.335 0.686 -0.772
 0.000 0.000 0.000 1.000)

21.47281837463379
(0.457 -0.477 -0.751 0.397
 0.545 0.817 -0.188 1.114
 0.703 -0.323 0.633 -0.770
 0.000 0.000 0.000 1.000)

21.489492416381836
(0.415 -0.446 -0.793 0.402
 0.504 0.838 -0.207 1.116
 0.757 -0.314 0.573 -0.766
 0.000 0.000 0.000 1.000)

21.506134033203125
(0.352 -0.428 -0.832 0.407
 0.490 0.842 -0.225 1.118
 0.797 -0.328 0.506 -0.763
 0.000 0.000 0.000 1.000)

21.538700103759766
(0.274 -0.411 -0.870 0.410
 0.497 0.835 -0.237 1.120
 0.823 -0.367 0.433 -0.758
 0.000 0.000 0.000 1.000)

21.556194305419922
(0.185 -0.390 -0.902 0.414
 0.518 0.819 -0.247 1.122
 0.835 -0.422 0.354 -0.752
 0.000 0.000 0.000 1.000)

21.572879791259766
(0.097 -0.356 -0.930 0.416
 0.523 0.813 -0.256 1.124
 0.847 -0.461 0.265 -0.746
 0.000 0.000 0.000 1.000)

21.589584350585938
(0.019 -0.312 -0.950 0.417
 0.496 0.828 -0.261 1.124
 0.868 -0.467 0.171 -0.739
 0.000 0.000 0.000 1.000)

21.60622215270996
(-0.045 -0.262 -0.964 0.418
 0.440 0.861 -0.255 1.121
 0.897 -0.435 0.076 -0.732
 0.000 0.000 0.000 1.000)

21.622909545898438
(-0.102 -0.208 -0.973 0.417
 0.383 0.894 -0.232 1.116
 0.918 -0.396 -0.011 -0.726
 0.000 0.000 0.000 1.000)

21.639604568481445
(-0.151 -0.144 -0.978 0.416
 0.349 0.918 -0.189 1.107
 0.925 -0.369 -0.088 -0.722
 0.000 0.000 0.000 1.000)

21.65624237060547
(-0.190 -0.062 -0.980 0.415
 0.342 0.931 -0.125 1.097
 0.920 -0.359 -0.155 -0.720
 0.000 0.000 0.000 1.000)

21.67293930053711
(-0.217 0.038 -0.975 0.413
 0.361 0.932 -0.044 1.084
 0.907 -0.361 -0.216 -0.719
 0.000 0.000 0.000 1.000)

21.68963623046875
(-0.206 0.244 -0.948 0.407
 0.476 0.871 0.121 1.063
 0.855 -0.426 -0.296 -0.724
 0.000 0.000 0.000 1.000)

21.70631217956543
(-0.210 0.262 -0.942 0.406
 0.475 0.869 0.135 1.061
 0.854 -0.419 -0.307 -0.731
 0.000 0.000 0.000 1.000)

21.72297477722168
(-0.236 0.231 -0.944 0.405
 0.435 0.894 0.110 1.066
 0.869 -0.385 -0.312 -0.738
 0.000 0.000 0.000 1.000)

21.73971939086914
(-0.261 0.205 -0.943 0.404
 0.402 0.911 0.087 1.071
 0.878 -0.356 -0.321 -0.745
 0.000 0.000 0.000 1.000)

21.756305694580078
(-0.275 0.186 -0.943 0.403
 0.373 0.925 0.074 1.075
 0.886 -0.331 -0.324 -0.752
 0.000 0.000 0.000 1.000)

21.788856506347656
(-0.278 0.175 -0.944 0.402
 0.354 0.933 0.069 1.079
 0.893 -0.315 -0.321 -0.759
 0.000 0.000 0.000 1.000)

21.806482315063477
(-0.280 0.168 -0.945 0.401
 0.342 0.938 0.065 1.081
 0.897 -0.305 -0.320 -0.766
 0.000 0.000 0.000 1.000)

21.823118209838867
(-0.286 0.161 -0.945 0.400
 0.335 0.940 0.059 1.084
 0.898 -0.300 -0.323 -0.773
 0.000 0.000 0.000 1.000)

21.839807510375977
(-0.295 0.153 -0.943 0.399
 0.329 0.943 0.050 1.088
 0.897 -0.295 -0.328 -0.779
 0.000 0.000 0.000 1.000)

21.856460571289062
(-0.301 0.142 -0.943 0.398
 0.317 0.948 0.042 1.092
 0.899 -0.286 -0.330 -0.786
 0.000 0.000 0.000 1.000)

21.873144149780273
(-0.297 0.131 -0.946 0.398
 0.296 0.954 0.039 1.095
 0.908 -0.269 -0.322 -0.794
 0.000 0.000 0.000 1.000)

21.88982391357422
(-0.280 0.121 -0.952 0.399
 0.278 0.960 0.040 1.099
 0.919 -0.254 -0.303 -0.805
 0.000 0.000 0.000 1.000)

21.90650177001953
(-0.254 0.106 -0.961 0.400
 0.260 0.965 0.038 1.103
 0.931 -0.240 -0.273 -0.816
 0.000 0.000 0.000 1.000)

21.923233032226562
(-0.233 0.057 -0.971 0.399
 0.230 0.973 0.001 1.115
 0.945 -0.223 -0.240 -0.834
 0.000 0.000 0.000 1.000)

21.93985366821289
(-0.220 0.025 -0.975 0.399
 0.194 0.981 -0.019 1.120
 0.956 -0.194 -0.220 -0.842
 0.000 0.000 0.000 1.000)

21.95655059814453
(-0.186 -0.006 -0.983 0.398
 0.148 0.988 -0.034 1.125
 0.971 -0.152 -0.183 -0.853
 0.000 0.000 0.000 1.000)

21.973159790039062
(-0.127 -0.030 -0.991 0.398
 0.117 0.992 -0.045 1.129
 0.985 -0.122 -0.123 -0.868
 0.000 0.000 0.000 1.000)

21.989891052246094
(-0.052 -0.044 -0.998 0.397
 0.119 0.992 -0.050 1.133
 0.991 -0.122 -0.047 -0.885
 0.000 0.000 0.000 1.000)

22.0223331451416
(0.030 -0.048 -0.998 0.397
 0.162 0.986 -0.042 1.136
 0.986 -0.160 0.038 -0.904
 0.000 0.000 0.000 1.000)

22.039981842041016
(0.122 -0.043 -0.992 0.394
 0.222 0.975 -0.015 1.136
 0.967 -0.218 0.129 -0.923
 0.000 0.000 0.000 1.000)

22.056596755981445
(0.229 -0.037 -0.973 0.391
 0.278 0.960 0.029 1.134
 0.933 -0.277 0.230 -0.944
 0.000 0.000 0.000 1.000)

22.07327651977539
(0.340 -0.043 -0.940 0.384
 0.325 0.943 0.074 1.132
 0.883 -0.330 0.334 -0.966
 0.000 0.000 0.000 1.000)

22.089933395385742
(0.437 -0.060 -0.897 0.376
 0.350 0.930 0.108 1.132
 0.828 -0.362 0.428 -0.986
 0.000 0.000 0.000 1.000)

22.10667610168457
(0.513 -0.080 -0.855 0.367
 0.345 0.931 0.120 1.134
 0.786 -0.356 0.505 -1.003
 0.000 0.000 0.000 1.000)

22.123319625854492
(0.569 -0.095 -0.817 0.358
 0.317 0.942 0.111 1.139
 0.759 -0.322 0.566 -1.016
 0.000 0.000 0.000 1.000)

22.1400146484375
(0.615 -0.097 -0.783 0.350
 0.279 0.955 0.101 1.144
 0.738 -0.280 0.614 -1.028
 0.000 0.000 0.000 1.000)

22.156700134277344
(0.654 -0.087 -0.752 0.342
 0.236 0.967 0.093 1.148
 0.719 -0.238 0.653 -1.037
 0.000 0.000 0.000 1.000)

22.173322677612305
(0.732 -0.060 -0.679 0.324
 0.174 0.979 0.102 1.154
 0.659 -0.193 0.727 -1.054
 0.000 0.000 0.000 1.000)

22.190025329589844
(0.779 -0.052 -0.625 0.312
 0.157 0.981 0.113 1.155
 0.607 -0.186 0.772 -1.064
 0.000 0.000 0.000 1.000)

22.206668853759766
(0.838 -0.045 -0.544 0.297
 0.137 0.982 0.131 1.155
 0.528 -0.184 0.829 -1.077
 0.000 0.000 0.000 1.000)

22.223379135131836
(0.899 -0.037 -0.437 0.278
 0.116 0.981 0.156 1.154
 0.423 -0.191 0.886 -1.089
 0.000 0.000 0.000 1.000)

22.240041732788086
(0.951 -0.040 -0.308 0.256
 0.101 0.978 0.184 1.152
 0.294 -0.206 0.933 -1.101
 0.000 0.000 0.000 1.000)

22.272489547729492
(0.985 -0.057 -0.163 0.231
 0.091 0.974 0.208 1.151
 0.147 -0.219 0.964 -1.111
 0.000 0.000 0.000 1.000)

22.290075302124023
(0.997 -0.079 -0.012 0.205
 0.079 0.972 0.222 1.151
 -0.005 -0.222 0.975 -1.117
 0.000 0.000 0.000 1.000)

22.30674171447754
(0.986 -0.091 0.139 0.179
 0.059 0.974 0.220 1.152
 -0.156 -0.209 0.966 -1.121
 0.000 0.000 0.000 1.000)

22.323410034179688
(0.955 -0.093 0.283 0.153
 0.036 0.979 0.200 1.154
 -0.296 -0.181 0.938 -1.123
 0.000 0.000 0.000 1.000)

22.340087890625
(0.906 -0.077 0.417 0.129
 0.010 0.987 0.160 1.158
 -0.424 -0.141 0.895 -1.122
 0.000 0.000 0.000 1.000)

22.356769561767578
(0.843 -0.049 0.535 0.106
 -0.010 0.994 0.106 1.163
 -0.537 -0.095 0.838 -1.118
 0.000 0.000 0.000 1.000)

22.373411178588867
(0.772 0.000 0.636 0.087
 -0.039 0.998 0.048 1.168
 -0.635 -0.062 0.770 -1.112
 0.000 0.000 0.000 1.000)

22.390146255493164
(0.690 0.069 0.720 0.070
 -0.091 0.996 -0.009 1.173
 -0.718 -0.059 0.694 -1.103
 0.000 0.000 0.000 1.000)

22.40680694580078
(0.481 0.185 0.857 0.044
 -0.263 0.963 -0.060 1.173
 -0.837 -0.197 0.511 -1.077
 0.000 0.000 0.000 1.000)

22.42351722717285
(0.359 0.180 0.916 0.032
 -0.342 0.938 -0.051 1.168
 -0.868 -0.295 0.399 -1.062
 0.000 0.000 0.000 1.000)

22.44017791748047
(0.244 0.129 0.961 0.023
 -0.396 0.918 -0.023 1.162
 -0.885 -0.375 0.275 -1.046
 0.000 0.000 0.000 1.000)

22.456857681274414
(0.142 0.027 0.990 0.016
 -0.422 0.906 0.036 1.152
 -0.895 -0.423 0.140 -1.029
 0.000 0.000 0.000 1.000)

22.47352409362793
(0.078 -0.078 0.994 0.013
 -0.433 0.895 0.104 1.143
 -0.898 -0.439 0.036 -1.017
 0.000 0.000 0.000 1.000)

22.490184783935547
(0.057 -0.140 0.989 0.013
 -0.439 0.886 0.151 1.137
 -0.897 -0.442 -0.010 -1.012
 0.000 0.000 0.000 1.000)

22.52263832092285
(0.062 -0.156 0.986 0.013
 -0.441 0.882 0.167 1.135
 -0.895 -0.445 -0.014 -1.013
 0.000 0.000 0.000 1.000)

22.540254592895508
(0.071 -0.164 0.984 0.014
 -0.430 0.885 0.179 1.134
 -0.900 -0.436 -0.008 -1.017
 0.000 0.000 0.000 1.000)

22.556947708129883
(0.070 -0.178 0.981 0.014
 -0.410 0.892 0.191 1.133
 -0.910 -0.415 -0.010 -1.019
 0.000 0.000 0.000 1.000)

22.573589324951172
(0.068 -0.202 0.977 0.015
 -0.396 0.893 0.213 1.130
 -0.916 -0.401 -0.019 -1.020
 0.000 0.000 0.000 1.000)

22.590238571166992
(0.063 -0.231 0.971 0.016
 -0.386 0.891 0.237 1.127
 -0.920 -0.390 -0.034 -1.020
 0.000 0.000 0.000 1.000)

22.606929779052734
(0.050 -0.263 0.964 0.017
 -0.368 0.892 0.263 1.123
 -0.929 -0.367 -0.052 -1.019
 0.000 0.000 0.000 1.000)

22.623605728149414
(0.033 -0.291 0.956 0.018
 -0.333 0.899 0.285 1.120
 -0.942 -0.328 -0.067 -1.018
 0.000 0.000 0.000 1.000)

22.640277862548828
(0.017 -0.310 0.951 0.018
 -0.298 0.906 0.300 1.118
 -0.954 -0.289 -0.077 -1.018
 0.000 0.000 0.000 1.000)

22.656978607177734
(0.005 -0.325 0.946 0.017
 -0.288 0.905 0.312 1.116
 -0.958 -0.274 -0.089 -1.018
 0.000 0.000 0.000 1.000)

22.673612594604492
(0.005 -0.329 0.944 0.017
 -0.305 0.899 0.315 1.115
 -0.952 -0.290 -0.096 -1.018
 0.000 0.000 0.000 1.000)

22.690275192260742
(-0.003 -0.345 0.938 0.017
 -0.311 0.892 0.327 1.112
 -0.951 -0.290 -0.110 -1.016
 0.000 0.000 0.000 1.000)

22.706998825073242
(-0.028 -0.376 0.926 0.018
 -0.288 0.890 0.353 1.108
 -0.957 -0.257 -0.133 -1.013
 0.000 0.000 0.000 1.000)

22.72372055053711
(-0.057 -0.412 0.909 0.020
 -0.250 0.888 0.386 1.102
 -0.967 -0.205 -0.154 -1.010
 0.000 0.000 0.000 1.000)

22.75611686706543
(-0.077 -0.443 0.893 0.022
 -0.212 0.883 0.420 1.097
 -0.974 -0.157 -0.162 -1.009
 0.000 0.000 0.000 1.000)

22.77372169494629
(-0.081 -0.463 0.883 0.024
 -0.190 0.877 0.442 1.092
 -0.978 -0.132 -0.159 -1.010
 0.000 0.000 0.000 1.000)

22.790363311767578
(-0.072 -0.473 0.878 0.025
 -0.188 0.871 0.453 1.090
 -0.980 -0.133 -0.151 -1.012
 0.000 0.000 0.000 1.000)

22.807044982910156
(-0.061 -0.472 0.880 0.025
 -0.194 0.870 0.453 1.090
 -0.979 -0.143 -0.144 -1.013
 0.000 0.000 0.000 1.000)

22.823753356933594
(-0.062 -0.464 0.884 0.024
 -0.187 0.875 0.446 1.091
 -0.980 -0.138 -0.142 -1.014
 0.000 0.000 0.000 1.000)

22.840404510498047
(-0.070 -0.448 0.891 0.022
 -0.174 0.885 0.432 1.094
 -0.982 -0.125 -0.140 -1.014
 0.000 0.000 0.000 1.000)

22.857059478759766
(-0.079 -0.428 0.900 0.019
 -0.163 0.896 0.412 1.098
 -0.984 -0.114 -0.140 -1.014
 0.000 0.000 0.000 1.000)

22.87374496459961
(-0.083 -0.407 0.910 0.017
 -0.168 0.905 0.390 1.102
 -0.982 -0.120 -0.143 -1.013
 0.000 0.000 0.000 1.000)

22.890403747558594
(-0.075 -0.358 0.931 0.012
 -0.225 0.915 0.334 1.111
 -0.972 -0.184 -0.149 -1.011
 0.000 0.000 0.000 1.000)

22.90709114074707
(-0.063 -0.328 0.943 0.009
 -0.262 0.917 0.301 1.116
 -0.963 -0.228 -0.144 -1.011
 0.000 0.000 0.000 1.000)

22.923795700073242
(-0.050 -0.295 0.954 0.006
 -0.281 0.921 0.270 1.121
 -0.958 -0.255 -0.129 -1.012
 0.000 0.000 0.000 1.000)

22.940471649169922
(-0.039 -0.259 0.965 0.003
 -0.282 0.929 0.238 1.126
 -0.959 -0.263 -0.110 -1.014
 0.000 0.000 0.000 1.000)

22.957149505615234
(-0.038 -0.224 0.974 0.001
 -0.281 0.938 0.204 1.131
 -0.959 -0.266 -0.098 -1.014
 0.000 0.000 0.000 1.000)

22.97382926940918
(-0.044 -0.195 0.980 -0.002
 -0.288 0.942 0.175 1.135
 -0.957 -0.274 -0.098 -1.011
 0.000 0.000 0.000 1.000)

23.006271362304688
(-0.052 -0.175 0.983 -0.004
 -0.305 0.940 0.151 1.138
 -0.951 -0.292 -0.102 -1.008
 0.000 0.000 0.000 1.000)

23.02393913269043
(-0.058 -0.159 0.986 -0.006
 -0.320 0.938 0.132 1.142
 -0.946 -0.307 -0.105 -1.005
 0.000 0.000 0.000 1.000)

23.040544509887695
(-0.052 -0.137 0.989 -0.008
 -0.322 0.940 0.113 1.146
 -0.945 -0.313 -0.093 -1.004
 0.000 0.000 0.000 1.000)

23.057228088378906
(-0.030 -0.101 0.994 -0.010
 -0.318 0.944 0.086 1.152
 -0.948 -0.314 -0.061 -1.007
 0.000 0.000 0.000 1.000)

23.0738525390625
(0.009 -0.044 0.999 -0.011
 -0.310 0.950 0.044 1.161
 -0.951 -0.310 -0.005 -1.012
 0.000 0.000 0.000 1.000)

23.090564727783203
(0.065 0.032 0.997 -0.012
 -0.298 0.954 -0.012 1.172
 -0.952 -0.297 0.071 -1.019
 0.000 0.000 0.000 1.000)

23.107240676879883
(0.138 0.126 0.982 -0.011
 -0.293 0.953 -0.081 1.184
 -0.946 -0.277 0.168 -1.029
 0.000 0.000 0.000 1.000)

23.124004364013672
(0.325 0.284 0.902 -0.002
 -0.249 0.946 -0.208 1.208
 -0.912 -0.157 0.379 -1.050
 0.000 0.000 0.000 1.000)

23.14059066772461
(0.427 0.314 0.848 0.005
 -0.208 0.947 -0.245 1.216
 -0.880 -0.072 0.469 -1.059
 0.000 0.000 0.000 1.000)

23.157245635986328
(0.521 0.296 0.800 0.012
 -0.156 0.955 -0.252 1.219
 -0.839 0.006 0.544 -1.066
 0.000 0.000 0.000 1.000)

23.173954010009766
(0.605 0.243 0.759 0.018
 -0.096 0.968 -0.233 1.219
 -0.791 0.068 0.609 -1.071
 0.000 0.000 0.000 1.000)

23.190616607666016
(0.671 0.173 0.721 0.024
 -0.050 0.981 -0.189 1.214
 -0.740 0.091 0.667 -1.075
 0.000 0.000 0.000 1.000)

23.207290649414062
(0.719 0.130 0.683 0.029
 -0.048 0.989 -0.138 1.207
 -0.694 0.067 0.717 -1.079
 0.000 0.000 0.000 1.000)

23.239749908447266
(0.754 0.134 0.643 0.034
 -0.096 0.991 -0.094 1.201
 -0.650 0.009 0.760 -1.081
 0.000 0.000 0.000 1.000)

23.257301330566406
(0.783 0.160 0.601 0.039
 -0.160 0.986 -0.055 1.196
 -0.601 -0.053 0.798 -1.083
 0.000 0.000 0.000 1.000)

23.274015426635742
(0.814 0.176 0.553 0.046
 -0.201 0.979 -0.015 1.191
 -0.545 -0.099 0.833 -1.084
 0.000 0.000 0.000 1.000)

23.290668487548828
(0.849 0.164 0.502 0.053
 -0.207 0.978 0.031 1.188
 -0.486 -0.130 0.864 -1.083
 0.000 0.000 0.000 1.000)

23.307382583618164
(0.884 0.138 0.446 0.061
 -0.189 0.979 0.072 1.186
 -0.427 -0.148 0.892 -1.081
 0.000 0.000 0.000 1.000)

23.32404327392578
(0.913 0.124 0.389 0.069
 -0.176 0.979 0.100 1.187
 -0.368 -0.159 0.916 -1.079
 0.000 0.000 0.000 1.000)

23.340702056884766
(0.933 0.134 0.335 0.077
 -0.180 0.978 0.108 1.190
 -0.313 -0.161 0.936 -1.077
 0.000 0.000 0.000 1.000)

23.35740089416504
(0.946 0.154 0.285 0.083
 -0.189 0.977 0.102 1.194
 -0.263 -0.151 0.953 -1.074
 0.000 0.000 0.000 1.000)

23.37406349182129
(0.966 0.152 0.208 0.093
 -0.178 0.978 0.111 1.200
 -0.186 -0.144 0.972 -1.068
 0.000 0.000 0.000 1.000)

23.390745162963867
(0.973 0.137 0.185 0.096
 -0.163 0.978 0.130 1.200
 -0.163 -0.157 0.974 -1.064
 0.000 0.000 0.000 1.000)

23.407413482666016
(0.974 0.142 0.178 0.096
 -0.170 0.973 0.155 1.199
 -0.151 -0.181 0.972 -1.061
 0.000 0.000 0.000 1.000)

23.424089431762695
(0.969 0.168 0.182 0.094
 -0.201 0.962 0.182 1.197
 -0.145 -0.213 0.966 -1.057
 0.000 0.000 0.000 1.000)

23.440759658813477
(0.961 0.196 0.196 0.091
 -0.237 0.948 0.213 1.194
 -0.144 -0.251 0.957 -1.052
 0.000 0.000 0.000 1.000)

23.457433700561523
(0.954 0.217 0.208 0.088
 -0.266 0.932 0.245 1.190
 -0.141 -0.289 0.947 -1.048
 0.000 0.000 0.000 1.000)

23.489898681640625
(0.948 0.232 0.219 0.085
 -0.288 0.917 0.277 1.185
 -0.136 -0.326 0.936 -1.043
 0.000 0.000 0.000 1.000)

23.50747299194336
(0.944 0.243 0.223 0.083
 -0.305 0.903 0.304 1.181
 -0.127 -0.355 0.926 -1.039
 0.000 0.000 0.000 1.000)

23.52410888671875
(0.943 0.251 0.220 0.083
 -0.313 0.892 0.325 1.178
 -0.114 -0.375 0.920 -1.036
 0.000 0.000 0.000 1.000)

23.54084014892578
(0.946 0.250 0.206 0.084
 -0.309 0.889 0.338 1.177
 -0.099 -0.384 0.918 -1.033
 0.000 0.000 0.000 1.000)

23.557523727416992
(0.954 0.238 0.182 0.087
 -0.288 0.894 0.343 1.176
 -0.081 -0.379 0.922 -1.032
 0.000 0.000 0.000 1.000)

23.574182510375977
(0.966 0.209 0.150 0.092
 -0.250 0.905 0.345 1.176
 -0.063 -0.371 0.927 -1.031
 0.000 0.000 0.000 1.000)

23.590864181518555
(0.979 0.172 0.113 0.098
 -0.201 0.914 0.352 1.176
 -0.043 -0.367 0.929 -1.029
 0.000 0.000 0.000 1.000)

23.607561111450195
(0.992 0.117 0.051 0.107
 -0.127 0.922 0.365 1.174
 -0.005 -0.368 0.930 -1.026
 0.000 0.000 0.000 1.000)

23.624208450317383
(0.994 0.099 0.033 0.110
 -0.105 0.923 0.371 1.174
 0.006 -0.372 0.928 -1.024
 0.000 0.000 0.000 1.000)

23.64088249206543
(0.996 0.087 0.025 0.112
 -0.090 0.924 0.370 1.174
 0.009 -0.371 0.929 -1.023
 0.000 0.000 0.000 1.000)

23.657575607299805
(0.997 0.076 0.025 0.112
 -0.080 0.928 0.363 1.175
 0.005 -0.364 0.931 -1.022
 0.000 0.000 0.000 1.000)

23.674259185791016
(0.998 0.061 0.030 0.111
 -0.068 0.933 0.352 1.176
 -0.007 -0.354 0.935 -1.022
 0.000 0.000 0.000 1.000)

23.69097137451172
(0.999 0.037 0.039 0.110
 -0.049 0.938 0.344 1.178
 -0.024 -0.345 0.938 -1.022
 0.000 0.000 0.000 1.000)

23.707609176635742
(0.999 0.018 0.047 0.109
 -0.033 0.940 0.340 1.178
 -0.038 -0.341 0.939 -1.021
 0.000 0.000 0.000 1.000)

23.740053176879883
(0.999 0.008 0.053 0.108
 -0.026 0.939 0.343 1.178
 -0.047 -0.344 0.938 -1.020
 0.000 0.000 0.000 1.000)

23.757644653320312
(0.998 0.005 0.059 0.108
 -0.026 0.936 0.352 1.176
 -0.053 -0.353 0.934 -1.019
 0.000 0.000 0.000 1.000)

23.77427864074707
(0.998 0.007 0.065 0.107
 -0.030 0.930 0.366 1.174
 -0.058 -0.368 0.928 -1.017
 0.000 0.000 0.000 1.000)

23.790987014770508
