0.002109050750732422
(1.000 -0.000 0.000 0.500
 0.000 1.000 0.000 0.000
 0.000 0.000 1.000 0.000
 0.000 0.000 0.000 1.000)

0.04887890815734863
(1.000 -0.009 0.000 0.500
 0.009 1.000 0.000 0.004
 0.000 0.000 1.000 0.000
 0.000 0.000 0.000 1.000)

0.06540894508361816
(1.000 -0.011 0.000 0.500
 0.011 1.000 0.000 0.006
 0.000 0.000 1.000 0.000
 0.000 0.000 0.000 1.000)

0.08487391471862793
(1.000 -0.015 0.000 0.500
 0.015 1.000 0.000 0.007
 0.000 0.000 1.000 0.000
 0.000 0.000 0.000 1.000)

0.10154986381530762
(1.000 -0.018 0.000 0.500
 0.018 1.000 0.000 0.009
 0.000 0.000 1.000 0.000
 0.000 0.000 0.000 1.000)

0.1182248592376709
(1.000 -0.021 0.000 0.500
 0.021 1.000 0.000 0.010
 0.000 0.000 1.000 0.000
 0.000 0.000 0.000 1.000)

0.13492488861083984
(1.000 -0.024 0.000 0.500
 0.024 1.000 0.000 0.012
 0.000 0.000 1.000 0.000
 0.000 0.000 0.000 1.000)

0.15157508850097656
(1.000 -0.026 0.000 0.500
 0.026 1.000 0.000 0.013
 0.000 0.000 1.000 0.000
 0.000 0.000 0.000 1.000)

0.1682579517364502
(1.000 -0.029 0.000 0.500
 0.029 1.000 0.000 0.015
 0.000 0.000 1.000 0.000
 0.000 0.000 0.000 1.000)

0.18494486808776855
(0.999 -0.032 0.000 0.500
 0.032 0.999 0.000 0.016
 0.000 0.000 1.000 0.000
 0.000 0.000 0.000 1.000)

0.20166707038879395
(0.999 -0.035 0.000 0.500
 0.035 0.999 0.000 0.018
 0.000 0.000 1.000 0.000
 0.000 0.000 0.000 1.000)

0.21837091445922852
(0.999 -0.038 0.000 0.500
 0.038 0.999 0.000 0.019
 0.000 0.000 1.000 0.000
 0.000 0.000 0.000 1.000)

0.2350599765777588
(0.999 -0.041 0.000 0.500
 0.041 0.999 0.000 0.021
 0.000 0.000 1.000 0.000
 0.000 0.000 0.000 1.000)

0.25173187255859375
(0.999 -0.044 0.000 0.500
 0.044 0.999 0.000 0.022
 0.000 0.000 1.000 0.000
 0.000 0.000 0.000 1.000)

0.2684180736541748
(0.999 -0.047 0.000 0.499
 0.047 0.999 0.000 0.023
 0.000 0.000 1.000 0.000
 0.000 0.000 0.000 1.000)

0.2851428985595703
(0.999 -0.050 0.000 0.499
 0.050 0.999 0.000 0.025
 0.000 0.000 1.000 0.000
 0.000 0.000 0.000 1.000)

0.30182886123657227
(0.999 -0.053 0.000 0.499
 0.053 0.999 0.000 0.026
 0.000 0.000 1.000 0.000
 0.000 0.000 0.000 1.000)

0.31852293014526367
(0.998 -0.056 0.000 0.499
 0.056 0.998 0.000 0.028
 0.000 0.000 1.000 0.000
 0.000 0.000 0.000 1.000)

0.3352980613708496
(0.998 -0.058 0.000 0.499
 0.058 0.998 0.000 0.029
 0.000 0.000 1.000 0.000
 0.000 0.000 0.000 1.000)

0.35198307037353516
(0.998 -0.061 0.000 0.499
 0.061 0.998 0.000 0.031
 0.000 0.000 1.000 0.000
 0.000 0.000 0.000 1.000)

0.3687169551849365
(0.998 -0.064 0.000 0.499
 0.064 0.998 0.000 0.032
 0.000 0.000 1.000 0.000
 0.000 0.000 0.000 1.000)

0.38542795181274414
(0.998 -0.067 0.000 0.499
 0.067 0.998 0.000 0.034
 0.000 0.000 1.000 0.000
 0.000 0.000 0.000 1.000)

0.4021000862121582
(0.998 -0.070 0.000 0.499
 0.070 0.998 0.000 0.035
 0.000 0.000 1.000 0.000
 0.000 0.000 0.000 1.000)

0.4188649654388428
(0.997 -0.073 0.000 0.499
 0.073 0.997 0.000 0.037
 0.000 0.000 1.000 0.000
 0.000 0.000 0.000 1.000)

0.4355950355529785
(0.997 -0.076 0.000 0.499
 0.076 0.997 0.000 0.038
 0.000 0.000 1.000 0.000
 0.000 0.000 0.000 1.000)

0.4522860050201416
(0.997 -0.079 0.000 0.498
 0.079 0.997 0.000 0.039
 0.000 0.000 1.000 0.000
 0.000 0.000 0.000 1.000)

0.46895408630371094
(0.997 -0.082 0.000 0.498
 0.082 0.997 0.000 0.041
 0.000 0.000 1.000 0.000
 0.000 0.000 0.000 1.000)

0.4856109619140625
(0.996 -0.085 0.000 0.498
 0.085 0.996 0.000 0.042
 0.000 0.000 1.000 0.000
 0.000 0.000 0.000 1.000)

0.502284049987793
(0.996 -0.088 0.000 0.498
 0.088 0.996 0.000 0.044
 0.000 0.000 1.000 0.000
 0.000 0.000 0.000 1.000)

0.5189659595489502
(0.996 -0.090 0.000 0.498
 0.090 0.996 0.000 0.045
 0.000 0.000 1.000 0.000
 0.000 0.000 0.000 1.000)

0.5356760025024414
(0.996 -0.093 0.000 0.498
 0.093 0.996 0.000 0.047
 0.000 0.000 1.000 0.000
 0.000 0.000 0.000 1.000)

0.5524508953094482
(0.995 -0.096 0.000 0.498
 0.096 0.995 0.000 0.048
 0.000 0.000 1.000 0.000
 0.000 0.000 0.000 1.000)

0.5691719055175781
(0.995 -0.099 0.000 0.498
 0.099 0.995 0.000 0.050
 0.000 0.000 1.000 0.000
 0.000 0.000 0.000 1.000)

0.5858988761901855
(0.995 -0.102 0.000 0.497
 0.102 0.995 0.000 0.051
 0.000 0.000 1.000 0.000
 0.000 0.000 0.000 1.000)

0.6026339530944824
(0.994 -0.105 0.000 0.497
 0.105 0.994 0.000 0.052
 0.000 0.000 1.000 0.000
 0.000 0.000 0.000 1.000)

0.6193370819091797
(0.994 -0.108 0.000 0.497
 0.108 0.994 0.000 0.054
 0.000 0.000 1.000 0.000
 0.000 0.000 0.000 1.000)

0.6361260414123535
(0.994 -0.111 0.000 0.497
 0.111 0.994 0.000 0.055
 0.000 0.000 1.000 0.000
 0.000 0.000 0.000 1.000)

0.6527910232543945
(0.994 -0.114 0.000 0.497
 0.114 0.994 0.000 0.057
 0.000 0.000 1.000 0.000
 0.000 0.000 0.000 1.000)

0.6694378852844238
(0.993 -0.117 0.000 0.497
 0.117 0.993 0.000 0.058
 0.000 0.000 1.000 0.000
 0.000 0.000 0.000 1.000)

0.6861000061035156
(0.993 -0.119 0.000 0.496
 0.119 0.993 0.000 0.060
 0.000 0.000 1.000 0.000
 0.000 0.000 0.000 1.000)

0.702765941619873
(0.992 -0.122 0.000 0.496
 0.122 0.992 0.000 0.061
 0.000 0.000 1.000 0.000
 0.000 0.000 0.000 1.000)

0.7194380760192871
(0.992 -0.125 0.000 0.496
 0.125 0.992 0.000 0.063
 0.000 0.000 1.000 0.000
 0.000 0.000 0.000 1.000)

0.7361130714416504
(0.992 -0.128 0.000 0.496
 0.128 0.992 0.000 0.064
 0.000 0.000 1.000 0.000
 0.000 0.000 0.000 1.000)

0.7527918815612793
(0.991 -0.131 0.000 0.496
 0.131 0.991 0.000 0.066
 0.000 0.000 1.000 0.000
 0.000 0.000 0.000 1.000)

0.769460916519165
(0.991 -0.134 0.000 0.495
 0.134 0.991 0.000 0.067
 0.000 0.000 1.000 0.000
 0.000 0.000 0.000 1.000)

0.7861349582672119
(0.991 -0.137 0.000 0.495
 0.137 0.991 0.000 0.068
 0.000 0.000 1.000 0.000
 0.000 0.000 0.000 1.000)

0.8028130531311035
(0.990 -0.140 0.000 0.495
 0.140 0.990 0.000 0.070
 0.000 0.000 1.000 0.000
 0.000 0.000 0.000 1.000)

0.8194859027862549
(0.990 -0.143 0.000 0.495
 0.143 0.990 0.000 0.071
 0.000 0.000 1.000 0.000
 0.000 0.000 0.000 1.000)

0.8361589908599854
(0.989 -0.145 0.000 0.495
 0.145 0.989 0.000 0.073
 0.000 0.000 1.000 0.000
 0.000 0.000 0.000 1.000)

0.852837085723877
(0.989 -0.148 0.000 0.494
 0.148 0.989 0.000 0.074
 0.000 0.000 1.000 0.000
 0.000 0.000 0.000 1.000)

0.8696398735046387
(0.989 -0.151 0.000 0.494
 0.151 0.989 0.000 0.076
 0.000 0.000 1.000 0.000
 0.000 0.000 0.000 1.000)

0.8863649368286133
(0.988 -0.154 0.000 0.494
 0.154 0.988 0.000 0.077
 0.000 0.000 1.000 0.000
 0.000 0.000 0.000 1.000)

0.9030969142913818
(0.988 -0.157 0.000 0.494
 0.157 0.988 0.000 0.078
 0.000 0.000 1.000 0.000
 0.000 0.000 0.000 1.000)

0.9197690486907959
(0.987 -0.160 0.000 0.494
 0.160 0.987 0.000 0.080
 0.000 0.000 1.000 0.000
 0.000 0.000 0.000 1.000)

0.9365198612213135
(0.987 -0.163 0.000 0.493
 0.163 0.987 0.000 0.081
 0.000 0.000 1.000 0.000
 0.000 0.000 0.000 1.000)

0.9532408714294434
(0.986 -0.166 0.000 0.493
 0.166 0.986 0.000 0.083
 0.000 0.000 1.000 0.000
 0.000 0.000 0.000 1.000)

0.9699440002441406
(0.986 -0.168 0.000 0.493
 0.168 0.986 0.000 0.084
 0.000 0.000 1.000 0.000
 0.000 0.000 0.000 1.000)

0.9866399765014648
(0.985 -0.171 0.000 0.493
 0.171 0.985 0.000 0.086
 0.000 0.000 1.000 0.000
 0.000 0.000 0.000 1.000)

1.0033769607543945
(0.985 -0.174 0.000 0.492
 0.174 0.985 0.000 0.087
 0.000 0.000 1.000 0.000
 0.000 0.000 0.000 1.000)

1.0200920104980469
(0.984 -0.177 0.000 0.492
 0.177 0.984 0.000 0.089
 0.000 0.000 1.000 0.000
 0.000 0.000 0.000 1.000)

1.0368099212646484
(0.984 -0.180 0.000 0.492
 0.180 0.984 0.000 0.090
 0.000 0.000 1.000 0.000
 0.000 0.000 0.000 1.000)

1.0535459518432617
(0.983 -0.183 0.000 0.492
 0.183 0.983 0.000 0.091
 0.000 0.000 1.000 0.000
 0.000 0.000 0.000 1.000)

1.0702638626098633
(0.983 -0.186 0.000 0.491
 0.186 0.983 0.000 0.093
 0.000 0.000 1.000 0.000
 0.000 0.000 0.000 1.000)

1.0869879722595215
(0.982 -0.189 0.000 0.491
 0.189 0.982 0.000 0.094
 0.000 0.000 1.000 0.000
 0.000 0.000 0.000 1.000)

1.10371994972229
(0.982 -0.191 0.000 0.491
 0.191 0.982 0.000 0.096
 0.000 0.000 1.000 0.000
 0.000 0.000 0.000 1.000)

1.1204378604888916
(0.981 -0.194 0.000 0.490
 0.194 0.981 0.000 0.097
 0.000 0.000 1.000 0.000
 0.000 0.000 0.000 1.000)

1.1371679306030273
(0.980 -0.197 0.000 0.490
 0.197 0.980 0.000 0.099
 0.000 0.000 1.000 0.000
 0.000 0.000 0.000 1.000)

1.1539020538330078
(0.980 -0.200 0.000 0.490
 0.200 0.980 0.000 0.100
 0.000 0.000 1.000 0.000
 0.000 0.000 0.000 1.000)

1.1705880165100098
(0.979 -0.203 0.000 0.490
 0.203 0.979 0.000 0.101
 0.000 0.000 1.000 0.000
 0.000 0.000 0.000 1.000)

1.1873440742492676
(0.979 -0.206 0.000 0.489
 0.206 0.979 0.000 0.103
 0.000 0.000 1.000 0.000
 0.000 0.000 0.000 1.000)

1.204077959060669
(0.978 -0.209 0.000 0.489
 0.209 0.978 0.000 0.104
 0.000 0.000 1.000 0.000
 0.000 0.000 0.000 1.000)

1.2206990718841553
(0.977 -0.211 0.000 0.489
 0.211 0.977 0.000 0.106
 0.000 0.000 1.000 0.000
 0.000 0.000 0.000 1.000)

1.2374820709228516
(0.977 -0.214 0.000 0.488
 0.214 0.977 0.000 0.107
 0.000 0.000 1.000 0.000
 0.000 0.000 0.000 1.000)

1.2542080879211426
(0.976 -0.217 0.000 0.488
 0.217 0.976 0.000 0.109
 0.000 0.000 1.000 0.000
 0.000 0.000 0.000 1.000)

1.2709410190582275
(0.975 -0.220 0.000 0.488
 0.220 0.975 0.000 0.110
 0.000 0.000 1.000 0.000
 0.000 0.000 0.000 1.000)

1.2876720428466797
(0.975 -0.223 0.000 0.487
 0.223 0.975 0.000 0.111
 0.000 0.000 1.000 0.000
 0.000 0.000 0.000 1.000)

1.304394006729126
(0.974 -0.226 0.000 0.487
 0.226 0.974 0.000 0.113
 0.000 0.000 1.000 0.000
 0.000 0.000 0.000 1.000)

1.321126937866211
(0.974 -0.229 0.000 0.487
 0.229 0.974 0.000 0.114
 0.000 0.000 1.000 0.000
 0.000 0.000 0.000 1.000)

1.3378548622131348
(0.973 -0.231 0.000 0.486
 0.231 0.973 0.000 0.116
 0.000 0.000 1.000 0.000
 0.000 0.000 0.000 1.000)

1.3545830249786377
(0.972 -0.234 0.000 0.486
 0.234 0.972 0.000 0.117
 0.000 0.000 1.000 0.000
 0.000 0.000 0.000 1.000)

1.3712918758392334
(0.971 -0.237 0.000 0.486
 0.237 0.971 0.000 0.119
 0.000 0.000 1.000 0.000
 0.000 0.000 0.000 1.000)

1.3880178928375244
(0.971 -0.240 0.000 0.485
 0.240 0.971 0.000 0.120
 0.000 0.000 1.000 0.000
 0.000 0.000 0.000 1.000)

1.4047539234161377
(0.970 -0.243 0.000 0.485
 0.243 0.970 0.000 0.121
 0.000 0.000 1.000 0.000
 0.000 0.000 0.000 1.000)

1.4214839935302734
(0.969 -0.246 0.000 0.485
 0.246 0.969 0.000 0.123
 0.000 0.000 1.000 0.000
 0.000 0.000 0.000 1.000)

1.438209056854248
(0.969 -0.248 0.000 0.484
 0.248 0.969 0.000 0.124
 0.000 0.000 1.000 0.000
 0.000 0.000 0.000 1.000)

1.4549429416656494
(0.968 -0.251 0.000 0.484
 0.251 0.968 0.000 0.126
 0.000 0.000 1.000 0.000
 0.000 0.000 0.000 1.000)

1.4716639518737793
(0.967 -0.254 0.000 0.484
 0.254 0.967 0.000 0.127
 0.000 0.000 1.000 0.000
 0.000 0.000 0.000 1.000)

1.4883720874786377
(0.966 -0.257 0.000 0.483
 0.257 0.966 0.000 0.128
 0.000 0.000 1.000 0.000
 0.000 0.000 0.000 1.000)

1.5050859451293945
(0.966 -0.260 0.000 0.483
 0.260 0.966 0.000 0.130
 0.000 0.000 1.000 0.000
 0.000 0.000 0.000 1.000)

1.5218009948730469
(0.965 -0.262 0.000 0.482
 0.262 0.965 0.000 0.131
 0.000 0.000 1.000 0.000
 0.000 0.000 0.000 1.000)

1.5385398864746094
(0.964 -0.265 0.000 0.482
 0.265 0.964 0.000 0.133
 0.000 0.000 1.000 0.000
 0.000 0.000 0.000 1.000)

1.5552289485931396
(0.963 -0.268 0.000 0.482
 0.268 0.963 0.000 0.134
 0.000 0.000 1.000 0.000
 0.000 0.000 0.000 1.000)

1.57197904586792
(0.963 -0.271 0.000 0.481
 0.271 0.963 0.000 0.135
 0.000 0.000 1.000 0.000
 0.000 0.000 0.000 1.000)

1.5887060165405273
(0.962 -0.274 0.000 0.481
 0.274 0.962 0.000 0.137
 0.000 0.000 1.000 0.000
 0.000 0.000 0.000 1.000)

1.6054370403289795
(0.961 -0.277 0.000 0.480
 0.277 0.961 0.000 0.138
 0.000 0.000 1.000 0.000
 0.000 0.000 0.000 1.000)

1.6221370697021484
(0.960 -0.279 0.000 0.480
 0.279 0.960 0.000 0.140
 0.000 0.000 1.000 0.000
 0.000 0.000 0.000 1.000)

1.6389009952545166
(0.959 -0.282 0.000 0.480
 0.282 0.959 0.000 0.141
 0.000 0.000 1.000 0.000
 0.000 0.000 0.000 1.000)

1.6556239128112793
(0.959 -0.285 0.000 0.479
 0.285 0.959 0.000 0.142
 0.000 0.000 1.000 0.000
 0.000 0.000 0.000 1.000)

1.672347068786621
(0.958 -0.288 0.000 0.479
 0.288 0.958 0.000 0.144
 0.000 0.000 1.000 0.000
 0.000 0.000 0.000 1.000)

1.689073085784912
(0.957 -0.291 0.000 0.478
 0.291 0.957 0.000 0.145
 0.000 0.000 1.000 0.000
 0.000 0.000 0.000 1.000)

1.7057828903198242
(0.956 -0.293 0.000 0.478
 0.293 0.956 0.000 0.147
 0.000 0.000 1.000 0.000
 0.000 0.000 0.000 1.000)

1.722506046295166
(0.955 -0.296 0.000 0.478
 0.296 0.955 0.000 0.148
 0.000 0.000 1.000 0.000
 0.000 0.000 0.000 1.000)

1.7392370700836182
(0.954 -0.299 0.000 0.477
 0.299 0.954 0.000 0.149
 0.000 0.000 1.000 0.000
 0.000 0.000 0.000 1.000)

1.7559700012207031
(0.953 -0.302 0.000 0.477
 0.302 0.953 0.000 0.151
 0.000 0.000 1.000 0.000
 0.000 0.000 0.000 1.000)

1.772691011428833
(0.953 -0.304 0.000 0.476
 0.304 0.953 0.000 0.152
 0.000 0.000 1.000 0.000
 0.000 0.000 0.000 1.000)

1.7894299030303955
(0.952 -0.307 0.000 0.476
 0.307 0.952 0.000 0.154
 0.000 0.000 1.000 0.000
 0.000 0.000 0.000 1.000)

1.8060998916625977
(0.951 -0.310 0.000 0.475
 0.310 0.951 0.000 0.155
 0.000 0.000 1.000 0.000
 0.000 0.000 0.000 1.000)

1.8228530883789062
(0.950 -0.313 0.000 0.475
 0.313 0.950 0.000 0.156
 0.000 0.000 1.000 0.000
 0.000 0.000 0.000 1.000)

1.839587926864624
(0.949 -0.316 0.000 0.474
 0.316 0.949 0.000 0.158
 0.000 0.000 1.000 0.000
 0.000 0.000 0.000 1.000)

1.856320858001709
(0.948 -0.318 0.000 0.474
 0.318 0.948 0.000 0.159
 0.000 0.000 1.000 0.000
 0.000 0.000 0.000 1.000)

1.8730480670928955
(0.947 -0.321 0.000 0.474
 0.321 0.947 0.000 0.161
 0.000 0.000 1.000 0.000
 0.000 0.000 0.000 1.000)

1.8897879123687744
(0.946 -0.324 0.000 0.473
 0.324 0.946 0.000 0.162
 0.000 0.000 1.000 0.000
 0.000 0.000 0.000 1.000)

1.9065229892730713
(0.945 -0.327 0.000 0.473
 0.327 0.945 0.000 0.163
 0.000 0.000 1.000 0.000
 0.000 0.000 0.000 1.000)

1.9232149124145508
(0.944 -0.329 0.000 0.472
 0.329 0.944 0.000 0.165
 0.000 0.000 1.000 0.000
 0.000 0.000 0.000 1.000)

1.9399549961090088
(0.943 -0.332 0.000 0.472
 0.332 0.943 0.000 0.166
 0.000 0.000 1.000 0.000
 0.000 0.000 0.000 1.000)

1.9567110538482666
(0.942 -0.335 0.000 0.471
 0.335 0.942 0.000 0.167
 0.000 0.000 1.000 0.000
 0.000 0.000 0.000 1.000)

1.9734470844268799
(0.941 -0.338 0.000 0.471
 0.338 0.941 0.000 0.169
 0.000 0.000 1.000 0.000
 0.000 0.000 0.000 1.000)

1.9901440143585205
(0.940 -0.340 0.000 0.470
 0.340 0.940 0.000 0.170
 0.000 0.000 1.000 0.000
 0.000 0.000 0.000 1.000)

2.006938934326172
(0.939 -0.343 0.000 0.470
 0.343 0.939 0.000 0.172
 0.000 0.000 1.000 0.000
 0.000 0.000 0.000 1.000)

2.0236430168151855
(0.938 -0.346 0.000 0.469
 0.346 0.938 0.000 0.173
 0.000 0.000 1.000 0.000
 0.000 0.000 0.000 1.000)

2.040386915206909
(0.937 -0.349 0.000 0.469
 0.349 0.937 0.000 0.174
 0.000 0.000 1.000 0.000
 0.000 0.000 0.000 1.000)

2.0571200847625732
(0.936 -0.351 0.000 0.468
 0.351 0.936 0.000 0.176
 0.000 0.000 1.000 0.000
 0.000 0.000 0.000 1.000)

2.0738558769226074
(0.935 -0.354 0.000 0.468
 0.354 0.935 0.000 0.177
 0.000 0.000 1.000 0.000
 0.000 0.000 0.000 1.000)

2.0905990600585938
(0.934 -0.357 0.000 0.467
 0.357 0.934 0.000 0.178
 0.000 0.000 1.000 0.000
 0.000 0.000 0.000 1.000)

2.1073498725891113
(0.933 -0.360 0.000 0.467
 0.360 0.933 0.000 0.180
 0.000 0.000 1.000 0.000
 0.000 0.000 0.000 1.000)

2.1240899562835693
(0.932 -0.362 0.000 0.466
 0.362 0.932 0.000 0.181
 0.000 0.000 1.000 0.000
 0.000 0.000 0.000 1.000)

2.1408329010009766
(0.931 -0.365 0.000 0.466
 0.365 0.931 0.000 0.183
 0.000 0.000 1.000 0.000
 0.000 0.000 0.000 1.000)

2.1575698852539062
(0.930 -0.368 0.000 0.465
 0.368 0.930 0.000 0.184
 0.000 0.000 1.000 0.000
 0.000 0.000 0.000 1.000)

2.17431902885437
(0.929 -0.370 0.000 0.464
 0.370 0.929 0.000 0.185
 0.000 0.000 1.000 0.000
 0.000 0.000 0.000 1.000)

2.1910560131073
(0.928 -0.373 0.000 0.464
 0.373 0.928 0.000 0.187
 0.000 0.000 1.000 0.000
 0.000 0.000 0.000 1.000)

2.207792043685913
(0.927 -0.376 0.000 0.463
 0.376 0.927 0.000 0.188
 0.000 0.000 1.000 0.000
 0.000 0.000 0.000 1.000)

2.2245330810546875
(0.926 -0.379 0.000 0.463
 0.379 0.926 0.000 0.189
 0.000 0.000 1.000 0.000
 0.000 0.000 0.000 1.000)

2.2412378787994385
(0.924 -0.381 0.000 0.462
 0.381 0.924 0.000 0.191
 0.000 0.000 1.000 0.000
 0.000 0.000 0.000 1.000)

2.257965087890625
(0.923 -0.384 0.000 0.462
 0.384 0.923 0.000 0.192
 0.000 0.000 1.000 0.000
 0.000 0.000 0.000 1.000)

2.2747089862823486
(0.922 -0.387 0.000 0.461
 0.387 0.922 0.000 0.193
 0.000 0.000 1.000 0.000
 0.000 0.000 0.000 1.000)

2.2914130687713623
(0.921 -0.389 0.000 0.461
 0.389 0.921 0.000 0.195
 0.000 0.000 1.000 0.000
 0.000 0.000 0.000 1.000)

2.3081910610198975
(0.920 -0.392 0.000 0.460
 0.392 0.920 0.000 0.196
 0.000 0.000 1.000 0.000
 0.000 0.000 0.000 1.000)

2.3249189853668213
(0.919 -0.395 0.000 0.459
 0.395 0.919 0.000 0.197
 0.000 0.000 1.000 0.000
 0.000 0.000 0.000 1.000)

2.341646909713745
(0.918 -0.397 0.000 0.459
 0.397 0.918 0.000 0.199
 0.000 0.000 1.000 0.000
 0.000 0.000 0.000 1.000)

2.358366012573242
(0.916 -0.400 0.000 0.458
 0.400 0.916 0.000 0.200
 0.000 0.000 1.000 0.000
 0.000 0.000 0.000 1.000)

2.3750898838043213
(0.915 -0.403 0.000 0.458
 0.403 0.915 0.000 0.201
 0.000 0.000 1.000 0.000
 0.000 0.000 0.000 1.000)

2.3918190002441406
(0.914 -0.405 0.000 0.457
 0.405 0.914 0.000 0.203
 0.000 0.000 1.000 0.000
 0.000 0.000 0.000 1.000)

2.4085428714752197
(0.913 -0.408 0.000 0.456
 0.408 0.913 0.000 0.204
 0.000 0.000 1.000 0.000
 0.000 0.000 0.000 1.000)

2.4252588748931885
(0.912 -0.411 0.000 0.456
 0.411 0.912 0.000 0.205
 0.000 0.000 1.000 0.000
 0.000 0.000 0.000 1.000)

2.4419920444488525
(0.911 -0.413 0.000 0.455
 0.413 0.911 0.000 0.207
 0.000 0.000 1.000 0.000
 0.000 0.000 0.000 1.000)

2.4586949348449707
(0.909 -0.416 0.000 0.455
 0.416 0.909 0.000 0.208
 0.000 0.000 1.000 0.000
 0.000 0.000 0.000 1.000)

2.4753849506378174
(0.908 -0.419 0.000 0.454
 0.419 0.908 0.000 0.209
 0.000 0.000 1.000 0.000
 0.000 0.000 0.000 1.000)

2.492133855819702
(0.907 -0.421 0.000 0.453
 0.421 0.907 0.000 0.211
 0.000 0.000 1.000 0.000
 0.000 0.000 0.000 1.000)

2.5088729858398438
(0.906 -0.424 0.000 0.453
 0.424 0.906 0.000 0.212
 0.000 0.000 1.000 0.000
 0.000 0.000 0.000 1.000)

2.5255680084228516
(0.904 -0.427 0.000 0.452
 0.427 0.904 0.000 0.213
 0.000 0.000 1.000 0.000
 0.000 0.000 0.000 1.000)

2.5422909259796143
(0.903 -0.429 0.000 0.452
 0.429 0.903 0.000 0.215
 0.000 0.000 1.000 0.000
 0.000 0.000 0.000 1.000)

2.559006929397583
(0.902 -0.432 0.000 0.451
 0.432 0.902 0.000 0.216
 0.000 0.000 1.000 0.000
 0.000 0.000 0.000 1.000)

2.575705051422119
(0.901 -0.435 0.000 0.450
 0.435 0.901 0.000 0.217
 0.000 0.000 1.000 0.000
 0.000 0.000 0.000 1.000)

2.5924558639526367
(0.899 -0.437 0.000 0.450
 0.437 0.899 0.000 0.219
 0.000 0.000 1.000 0.000
 0.000 0.000 0.000 1.000)

2.6091768741607666
(0.898 -0.440 0.000 0.449
 0.440 0.898 0.000 0.220
 0.000 0.000 1.000 0.000
 0.000 0.000 0.000 1.000)

2.625904083251953
(0.897 -0.442 0.000 0.448
 0.442 0.897 0.000 0.221
 0.000 0.000 1.000 0.000
 0.000 0.000 0.000 1.000)

2.6426470279693604
(0.896 -0.445 0.000 0.448
 0.445 0.896 0.000 0.223
 0.000 0.000 1.000 0.000
 0.000 0.000 0.000 1.000)

2.6593868732452393
(0.894 -0.448 0.000 0.447
 0.448 0.894 0.000 0.224
 0.000 0.000 1.000 0.000
 0.000 0.000 0.000 1.000)

2.676123857498169
(0.893 -0.450 0.000 0.446
 0.450 0.893 0.000 0.225
 0.000 0.000 1.000 0.000
 0.000 0.000 0.000 1.000)

2.692837953567505
(0.892 -0.453 0.000 0.446
 0.453 0.892 0.000 0.226
 0.000 0.000 1.000 0.000
 0.000 0.000 0.000 1.000)

2.7095649242401123
(0.890 -0.455 0.000 0.445
 0.455 0.890 0.000 0.228
 0.000 0.000 1.000 0.000
 0.000 0.000 0.000 1.000)

2.7262790203094482
(0.889 -0.458 0.000 0.444
 0.458 0.889 0.000 0.229
 0.000 0.000 1.000 0.000
 0.000 0.000 0.000 1.000)

2.743001937866211
(0.888 -0.461 0.000 0.444
 0.461 0.888 0.000 0.230
 0.000 0.000 1.000 0.000
 0.000 0.000 0.000 1.000)

2.759732961654663
(0.886 -0.463 0.000 0.443
 0.463 0.886 0.000 0.232
 0.000 0.000 1.000 0.000
 0.000 0.000 0.000 1.000)

2.776447057723999
(0.885 -0.466 0.000 0.442
 0.466 0.885 0.000 0.233
 0.000 0.000 1.000 0.000
 0.000 0.000 0.000 1.000)

2.7932050228118896
(0.884 -0.468 0.000 0.442
 0.468 0.884 0.000 0.234
 0.000 0.000 1.000 0.000
 0.000 0.000 0.000 1.000)

2.809921979904175
(0.882 -0.471 0.000 0.441
 0.471 0.882 0.000 0.235
 0.000 0.000 1.000 0.000
 0.000 0.000 0.000 1.000)

2.826646089553833
(0.881 -0.474 0.000 0.440
 0.474 0.881 0.000 0.237
 0.000 0.000 1.000 0.000
 0.000 0.000 0.000 1.000)

2.8433618545532227
(0.879 -0.476 0.000 0.440
 0.476 0.879 0.000 0.238
 0.000 0.000 1.000 0.000
 0.000 0.000 0.000 1.000)

2.86006498336792
(0.878 -0.479 0.000 0.439
 0.479 0.878 0.000 0.239
 0.000 0.000 1.000 0.000
 0.000 0.000 0.000 1.000)

2.8767690658569336
(0.877 -0.481 0.000 0.438
 0.481 0.877 0.000 0.241
 0.000 0.000 1.000 0.000
 0.000 0.000 0.000 1.000)

2.8934900760650635
(0.875 -0.484 0.000 0.438
 0.484 0.875 0.000 0.242
 0.000 0.000 1.000 0.000
 0.000 0.000 0.000 1.000)

2.910245895385742
(0.874 -0.486 0.000 0.437
 0.486 0.874 0.000 0.243
 0.000 0.000 1.000 0.000
 0.000 0.000 0.000 1.000)

2.92694091796875
(0.872 -0.489 0.000 0.436
 0.489 0.872 0.000 0.244
 0.000 0.000 1.000 0.000
 0.000 0.000 0.000 1.000)

2.9436919689178467
(0.871 -0.491 0.000 0.435
 0.491 0.871 0.000 0.246
 0.000 0.000 1.000 0.000
 0.000 0.000 0.000 1.000)

2.9604179859161377
(0.869 -0.494 0.000 0.435
 0.494 0.869 0.000 0.247
 0.000 0.000 1.000 0.000
 0.000 0.000 0.000 1.000)

2.9771409034729004
(0.868 -0.497 0.000 0.434
 0.497 0.868 0.000 0.248
 0.000 0.000 1.000 0.000
 0.000 0.000 0.000 1.000)

2.9938459396362305
(0.867 -0.499 0.000 0.433
 0.499 0.867 0.000 0.250
 0.000 0.000 1.000 0.000
 0.000 0.000 0.000 1.000)

3.0104620456695557
(0.865 -0.502 0.000 0.433
 0.502 0.865 0.000 0.251
 0.000 0.000 1.000 0.000
 0.000 0.000 0.000 1.000)

3.0272440910339355
(0.864 -0.504 0.000 0.432
 0.504 0.864 0.000 0.252
 0.000 0.000 1.000 0.000
 0.000 0.000 0.000 1.000)

3.0439648628234863
(0.862 -0.507 0.000 0.431
 0.507 0.862 0.000 0.253
 0.000 0.000 1.000 0.000
 0.000 0.000 0.000 1.000)

3.060692071914673
(0.861 -0.509 0.000 0.430
 0.509 0.861 0.000 0.255
 0.000 0.000 1.000 0.000
 0.000 0.000 0.000 1.000)

3.0774130821228027
(0.859 -0.512 0.000 0.430
 0.512 0.859 0.000 0.256
 0.000 0.000 1.000 0.000
 0.000 0.000 0.000 1.000)

3.0941009521484375
(0.858 -0.514 0.000 0.429
 0.514 0.858 0.000 0.257
 0.000 0.000 1.000 0.000
 0.000 0.000 0.000 1.000)

3.110836982727051
(0.856 -0.517 0.000 0.428
 0.517 0.856 0.000 0.258
 0.000 0.000 1.000 0.000
 0.000 0.000 0.000 1.000)

3.1275839805603027
(0.855 -0.519 0.000 0.427
 0.519 0.855 0.000 0.260
 0.000 0.000 1.000 0.000
 0.000 0.000 0.000 1.000)

3.1443049907684326
(0.853 -0.522 0.000 0.427
 0.522 0.853 0.000 0.261
 0.000 0.000 1.000 0.000
 0.000 0.000 0.000 1.000)

3.1610288619995117
(0.852 -0.524 0.000 0.426
 0.524 0.852 0.000 0.262
 0.000 0.000 1.000 0.000
 0.000 0.000 0.000 1.000)

3.177751064300537
(0.850 -0.527 0.000 0.425
 0.527 0.850 0.000 0.263
 0.000 0.000 1.000 0.000
 0.000 0.000 0.000 1.000)

3.1944708824157715
(0.849 -0.529 0.000 0.424
 0.529 0.849 0.000 0.265
 0.000 0.000 1.000 0.000
 0.000 0.000 0.000 1.000)

3.211193084716797
(0.847 -0.532 0.000 0.424
 0.532 0.847 0.000 0.266
 0.000 0.000 1.000 0.000
 0.000 0.000 0.000 1.000)

3.227915048599243
(0.845 -0.534 0.000 0.423
 0.534 0.845 0.000 0.267
 0.000 0.000 1.000 0.000
 0.000 0.000 0.000 1.000)

3.2446398735046387
(0.844 -0.537 0.000 0.422
 0.537 0.844 0.000 0.268
 0.000 0.000 1.000 0.000
 0.000 0.000 0.000 1.000)

3.2613539695739746
(0.842 -0.539 0.000 0.421
 0.539 0.842 0.000 0.269
 0.000 0.000 1.000 0.000
 0.000 0.000 0.000 1.000)

3.2780580520629883
(0.841 -0.541 0.000 0.420
 0.541 0.841 0.000 0.271
 0.000 0.000 1.000 0.000
 0.000 0.000 0.000 1.000)

3.294790029525757
(0.839 -0.544 0.000 0.420
 0.544 0.839 0.000 0.272
 0.000 0.000 1.000 0.000
 0.000 0.000 0.000 1.000)

3.311508893966675
(0.838 -0.546 0.000 0.419
 0.546 0.838 0.000 0.273
 0.000 0.000 1.000 0.000
 0.000 0.000 0.000 1.000)

3.328238010406494
(0.836 -0.549 0.000 0.418
 0.549 0.836 0.000 0.274
 0.000 0.000 1.000 0.000
 0.000 0.000 0.000 1.000)

3.344938039779663
(0.834 -0.551 0.000 0.417
 0.551 0.834 0.000 0.276
 0.000 0.000 1.000 0.000
 0.000 0.000 0.000 1.000)

3.361661911010742
(0.833 -0.554 0.000 0.416
 0.554 0.833 0.000 0.277
 0.000 0.000 1.000 0.000
 0.000 0.000 0.000 1.000)

3.3783838748931885
(0.831 -0.556 0.000 0.416
 0.556 0.831 0.000 0.278
 0.000 0.000 1.000 0.000
 0.000 0.000 0.000 1.000)

3.3950819969177246
(0.830 -0.558 0.000 0.415
 0.558 0.830 0.000 0.279
 0.000 0.000 1.000 0.000
 0.000 0.000 0.000 1.000)

3.4118120670318604
(0.828 -0.561 0.000 0.414
 0.561 0.828 0.000 0.280
 0.000 0.000 1.000 0.000
 0.000 0.000 0.000 1.000)

3.4285030364990234
(0.826 -0.563 0.000 0.413
 0.563 0.826 0.000 0.282
 0.000 0.000 1.000 0.000
 0.000 0.000 0.000 1.000)

3.445206880569458
(0.825 -0.566 0.000 0.412
 0.566 0.825 0.000 0.283
 0.000 0.000 1.000 0.000
 0.000 0.000 0.000 1.000)

3.4619479179382324
(0.823 -0.568 0.000 0.411
 0.568 0.823 0.000 0.284
 0.000 0.000 1.000 0.000
 0.000 0.000 0.000 1.000)

3.4786489009857178
(0.821 -0.571 0.000 0.411
 0.571 0.821 0.000 0.285
 0.000 0.000 1.000 0.000
 0.000 0.000 0.000 1.000)

3.495378017425537
(0.820 -0.573 0.000 0.410
 0.573 0.820 0.000 0.286
 0.000 0.000 1.000 0.000
 0.000 0.000 0.000 1.000)

3.5120999813079834
(0.818 -0.575 0.000 0.409
 0.575 0.818 0.000 0.288
 0.000 0.000 1.000 0.000
 0.000 0.000 0.000 1.000)

3.5288259983062744
(0.816 -0.578 0.000 0.408
 0.578 0.816 0.000 0.289
 0.000 0.000 1.000 0.000
 0.000 0.000 0.000 1.000)

3.5460410118103027
(0.815 -0.580 0.000 0.407
 0.580 0.815 0.000 0.290
 0.000 0.000 1.000 0.000
 0.000 0.000 0.000 1.000)

3.5628268718719482
(0.813 -0.583 0.000 0.406
 0.583 0.813 0.000 0.291
 0.000 0.000 1.000 0.000
 0.000 0.000 0.000 1.000)

3.579519033432007
(0.811 -0.585 0.000 0.406
 0.585 0.811 0.000 0.292
 0.000 0.000 1.000 0.000
 0.000 0.000 0.000 1.000)

3.596237897872925
(0.809 -0.587 0.000 0.405
 0.587 0.809 0.000 0.294
 0.000 0.000 1.000 0.000
 0.000 0.000 0.000 1.000)

3.612989902496338
(0.808 -0.590 0.000 0.404
 0.590 0.808 0.000 0.295
 0.000 0.000 1.000 0.000
 0.000 0.000 0.000 1.000)

3.6297080516815186
(0.806 -0.592 0.000 0.403
 0.592 0.806 0.000 0.296
 0.000 0.000 1.000 0.000
 0.000 0.000 0.000 1.000)

3.6464309692382812
(0.804 -0.594 0.000 0.402
 0.594 0.804 0.000 0.297
 0.000 0.000 1.000 0.000
 0.000 0.000 0.000 1.000)

3.6631550788879395
(0.802 -0.597 0.000 0.401
 0.597 0.802 0.000 0.298
 0.000 0.000 1.000 0.000
 0.000 0.000 0.000 1.000)

3.679877996444702
(0.801 -0.599 0.000 0.400
 0.599 0.801 0.000 0.300
 0.000 0.000 1.000 0.000
 0.000 0.000 0.000 1.000)

3.6965649127960205
(0.799 -0.601 0.000 0.399
 0.601 0.799 0.000 0.301
 0.000 0.000 1.000 0.000
 0.000 0.000 0.000 1.000)

3.713315010070801
(0.797 -0.604 0.000 0.399
 0.604 0.797 0.000 0.302
 0.000 0.000 1.000 0.000
 0.000 0.000 0.000 1.000)

3.730027914047241
(0.795 -0.606 0.000 0.398
 0.606 0.795 0.000 0.303
 0.000 0.000 1.000 0.000
 0.000 0.000 0.000 1.000)

3.746725082397461
(0.794 -0.608 0.000 0.397
 0.608 0.794 0.000 0.304
 0.000 0.000 1.000 0.000
 0.000 0.000 0.000 1.000)

3.763484001159668
(0.792 -0.611 0.000 0.396
 0.611 0.792 0.000 0.305
 0.000 0.000 1.000 0.000
 0.000 0.000 0.000 1.000)

3.7801990509033203
(0.790 -0.613 0.000 0.395
 0.613 0.790 0.000 0.306
 0.000 0.000 1.000 0.000
 0.000 0.000 0.000 1.000)

3.7969138622283936
(0.788 -0.615 0.000 0.394
 0.615 0.788 0.000 0.308
 0.000 0.000 1.000 0.000
 0.000 0.000 0.000 1.000)

3.813610076904297
(0.787 -0.618 0.000 0.393
 0.618 0.787 0.000 0.309
 0.000 0.000 1.000 0.000
 0.000 0.000 0.000 1.000)

3.830367088317871
(0.785 -0.620 0.000 0.392
 0.620 0.785 0.000 0.310
 0.000 0.000 1.000 0.000
 0.000 0.000 0.000 1.000)

3.8471009731292725
(0.783 -0.622 0.000 0.391
 0.622 0.783 0.000 0.311
 0.000 0.000 1.000 0.000
 0.000 0.000 0.000 1.000)

3.8638439178466797
(0.781 -0.624 0.000 0.391
 0.624 0.781 0.000 0.312
 0.000 0.000 1.000 0.000
 0.000 0.000 0.000 1.000)

3.880531072616577
(0.779 -0.627 0.000 0.390
 0.627 0.779 0.000 0.313
 0.000 0.000 1.000 0.000
 0.000 0.000 0.000 1.000)

3.8972818851470947
(0.777 -0.629 0.000 0.389
 0.629 0.777 0.000 0.314
 0.000 0.000 1.000 0.000
 0.000 0.000 0.000 1.000)

3.9139950275421143
(0.776 -0.631 0.000 0.388
 0.631 0.776 0.000 0.316
 0.000 0.000 1.000 0.000
 0.000 0.000 0.000 1.000)

3.9307329654693604
(0.774 -0.633 0.000 0.387
 0.633 0.774 0.000 0.317
 0.000 0.000 1.000 0.000
 0.000 0.000 0.000 1.000)

3.9474470615386963
(0.772 -0.636 0.000 0.386
 0.636 0.772 0.000 0.318
 0.000 0.000 1.000 0.000
 0.000 0.000 0.000 1.000)

3.964169979095459
(0.770 -0.638 0.000 0.385
 0.638 0.770 0.000 0.319
 0.000 0.000 1.000 0.000
 0.000 0.000 0.000 1.000)

3.9808919429779053
(0.768 -0.640 0.000 0.384
 0.640 0.768 0.000 0.320
 0.000 0.000 1.000 0.000
 0.000 0.000 0.000 1.000)

3.9976298809051514
(0.766 -0.642 0.000 0.383
 0.642 0.766 0.000 0.321
 0.000 0.000 1.000 0.000
 0.000 0.000 0.000 1.000)

4.014374732971191
(0.764 -0.645 0.000 0.382
 0.645 0.764 0.000 0.322
 0.000 0.000 1.000 0.000
 0.000 0.000 0.000 1.000)

4.0311126708984375
(0.763 -0.647 0.000 0.381
 0.647 0.763 0.000 0.323
 0.000 0.000 1.000 0.000
 0.000 0.000 0.000 1.000)

4.047849655151367
(0.761 -0.649 0.000 0.380
 0.649 0.761 0.000 0.325
 0.000 0.000 1.000 0.000
 0.000 0.000 0.000 1.000)

4.064593315124512
(0.759 -0.651 0.000 0.379
 0.651 0.759 0.000 0.326
 0.000 0.000 1.000 0.000
 0.000 0.000 0.000 1.000)

4.081331253051758
(0.757 -0.654 0.000 0.378
 0.654 0.757 0.000 0.327
 0.000 0.000 1.000 0.000
 0.000 0.000 0.000 1.000)

4.098052978515625
(0.755 -0.656 0.000 0.377
 0.656 0.755 0.000 0.328
 0.000 0.000 1.000 0.000
 0.000 0.000 0.000 1.000)

4.114812850952148
(0.753 -0.658 0.000 0.377
 0.658 0.753 0.000 0.329
 0.000 0.000 1.000 0.000
 0.000 0.000 0.000 1.000)

4.13153076171875
(0.751 -0.660 0.000 0.376
 0.660 0.751 0.000 0.330
 0.000 0.000 1.000 0.000
 0.000 0.000 0.000 1.000)

4.148268699645996
(0.749 -0.662 0.000 0.375
 0.662 0.749 0.000 0.331
 0.000 0.000 1.000 0.000
 0.000 0.000 0.000 1.000)

4.165018081665039
(0.747 -0.665 0.000 0.374
 0.665 0.747 0.000 0.332
 0.000 0.000 1.000 0.000
 0.000 0.000 0.000 1.000)

4.181756019592285
(0.745 -0.667 0.000 0.373
 0.667 0.745 0.000 0.333
 0.000 0.000 1.000 0.000
 0.000 0.000 0.000 1.000)

4.198498725891113
(0.743 -0.669 0.000 0.372
 0.669 0.743 0.000 0.334
 0.000 0.000 1.000 0.000
 0.000 0.000 0.000 1.000)

4.215236663818359
(0.741 -0.671 0.000 0.371
 0.671 0.741 0.000 0.336
 0.000 0.000 1.000 0.000
 0.000 0.000 0.000 1.000)

4.23190975189209
(0.739 -0.673 0.000 0.370
 0.673 0.739 0.000 0.337
 0.000 0.000 1.000 0.000
 0.000 0.000 0.000 1.000)

4.248701095581055
(0.737 -0.675 0.000 0.369
 0.675 0.737 0.000 0.338
 0.000 0.000 1.000 0.000
 0.000 0.000 0.000 1.000)

4.265440940856934
(0.735 -0.678 0.000 0.368
 0.678 0.735 0.000 0.339
 0.000 0.000 1.000 0.000
 0.000 0.000 0.000 1.000)

4.282196998596191
(0.733 -0.680 0.000 0.367
 0.680 0.733 0.000 0.340
 0.000 0.000 1.000 0.000
 0.000 0.000 0.000 1.000)

4.298895835876465
(0.731 -0.682 0.000 0.366
 0.682 0.731 0.000 0.341
 0.000 0.000 1.000 0.000
 0.000 0.000 0.000 1.000)

4.315661907196045
(0.729 -0.684 0.000 0.365
 0.684 0.729 0.000 0.342
 0.000 0.000 1.000 0.000
 0.000 0.000 0.000 1.000)

4.332406044006348
(0.727 -0.686 0.000 0.364
 0.686 0.727 0.000 0.343
 0.000 0.000 1.000 0.000
 0.000 0.000 0.000 1.000)

4.349145889282227
(0.725 -0.688 0.000 0.363
 0.688 0.725 0.000 0.344
 0.000 0.000 1.000 0.000
 0.000 0.000 0.000 1.000)

4.365882873535156
(0.723 -0.690 0.000 0.362
 0.690 0.723 0.000 0.345
 0.000 0.000 1.000 0.000
 0.000 0.000 0.000 1.000)

4.382619857788086
(0.721 -0.692 0.000 0.361
 0.692 0.721 0.000 0.346
 0.000 0.000 1.000 0.000
 0.000 0.000 0.000 1.000)

4.399363040924072
(0.719 -0.695 0.000 0.360
 0.695 0.719 0.000 0.347
 0.000 0.000 1.000 0.000
 0.000 0.000 0.000 1.000)

4.416108131408691
(0.717 -0.697 0.000 0.359
 0.697 0.717 0.000 0.348
 0.000 0.000 1.000 0.000
 0.000 0.000 0.000 1.000)

4.432844161987305
(0.715 -0.699 0.000 0.358
 0.699 0.715 0.000 0.349
 0.000 0.000 1.000 0.000
 0.000 0.000 0.000 1.000)

4.449584007263184
(0.713 -0.701 0.000 0.357
 0.701 0.713 0.000 0.350
 0.000 0.000 1.000 0.000
 0.000 0.000 0.000 1.000)

4.466320037841797
(0.711 -0.703 0.000 0.356
 0.703 0.711 0.000 0.351
 0.000 0.000 1.000 0.000
 0.000 0.000 0.000 1.000)

4.483006000518799
(0.709 -0.705 0.000 0.355
 0.705 0.709 0.000 0.353
 0.000 0.000 1.000 0.000
 0.000 0.000 0.000 1.000)

4.499776840209961
(0.707 -0.707 0.000 0.354
 0.707 0.707 0.000 0.354
 0.000 0.000 1.000 0.000
 0.000 0.000 0.000 1.000)

4.51652193069458
(0.705 -0.709 0.000 0.353
 0.709 0.705 0.000 0.355
 0.000 0.000 1.000 0.000
 0.000 0.000 0.000 1.000)

4.533257961273193
(0.703 -0.711 0.000 0.351
 0.711 0.703 0.000 0.356
 0.000 0.000 1.000 0.000
 0.000 0.000 0.000 1.000)

4.5499982833862305
(0.701 -0.713 0.000 0.350
 0.713 0.701 0.000 0.357
 0.000 0.000 1.000 0.000
 0.000 0.000 0.000 1.000)

4.566740036010742
(0.699 -0.715 0.000 0.349
 0.715 0.699 0.000 0.358
 0.000 0.000 1.000 0.000
 0.000 0.000 0.000 1.000)

4.583474159240723
(0.697 -0.717 0.000 0.348
 0.717 0.697 0.000 0.359
 0.000 0.000 1.000 0.000
 0.000 0.000 0.000 1.000)

4.600197792053223
(0.695 -0.719 0.000 0.347
 0.719 0.695 0.000 0.360
 0.000 0.000 1.000 0.000
 0.000 0.000 0.000 1.000)

4.616940975189209
(0.693 -0.721 0.000 0.346
 0.721 0.693 0.000 0.361
 0.000 0.000 1.000 0.000
 0.000 0.000 0.000 1.000)

4.633677005767822
(0.690 -0.723 0.000 0.345
 0.723 0.690 0.000 0.362
 0.000 0.000 1.000 0.000
 0.000 0.000 0.000 1.000)

4.65037727355957
(0.688 -0.725 0.000 0.344
 0.725 0.688 0.000 0.363
 0.000 0.000 1.000 0.000
 0.000 0.000 0.000 1.000)

4.667150974273682
(0.686 -0.727 0.000 0.343
 0.727 0.686 0.000 0.364
 0.000 0.000 1.000 0.000
 0.000 0.000 0.000 1.000)

4.683856964111328
(0.684 -0.729 0.000 0.342
 0.729 0.684 0.000 0.365
 0.000 0.000 1.000 0.000
 0.000 0.000 0.000 1.000)

4.700623989105225
(0.682 -0.731 0.000 0.341
 0.731 0.682 0.000 0.366
 0.000 0.000 1.000 0.000
 0.000 0.000 0.000 1.000)

4.717360973358154
(0.680 -0.733 0.000 0.340
 0.733 0.680 0.000 0.367
 0.000 0.000 1.000 0.000
 0.000 0.000 0.000 1.000)

4.734076023101807
(0.678 -0.735 0.000 0.339
 0.735 0.678 0.000 0.368
 0.000 0.000 1.000 0.000
 0.000 0.000 0.000 1.000)

4.750848770141602
(0.675 -0.737 0.000 0.338
 0.737 0.675 0.000 0.369
 0.000 0.000 1.000 0.000
 0.000 0.000 0.000 1.000)

4.767589092254639
(0.673 -0.739 0.000 0.337
 0.739 0.673 0.000 0.370
 0.000 0.000 1.000 0.000
 0.000 0.000 0.000 1.000)

4.784319877624512
(0.671 -0.741 0.000 0.336
 0.741 0.671 0.000 0.371
 0.000 0.000 1.000 0.000
 0.000 0.000 0.000 1.000)

4.801056861877441
(0.669 -0.743 0.000 0.334
 0.743 0.669 0.000 0.372
 0.000 0.000 1.000 0.000
 0.000 0.000 0.000 1.000)

4.8178019523620605
(0.667 -0.745 0.000 0.333
 0.745 0.667 0.000 0.373
 0.000 0.000 1.000 0.000
 0.000 0.000 0.000 1.000)

4.834539890289307
(0.665 -0.747 0.000 0.332
 0.747 0.665 0.000 0.374
 0.000 0.000 1.000 0.000
 0.000 0.000 0.000 1.000)

4.851279258728027
(0.662 -0.749 0.000 0.331
 0.749 0.662 0.000 0.375
 0.000 0.000 1.000 0.000
 0.000 0.000 0.000 1.000)

4.868015289306641
(0.660 -0.751 0.000 0.330
 0.751 0.660 0.000 0.376
 0.000 0.000 1.000 0.000
 0.000 0.000 0.000 1.000)

4.8847551345825195
(0.658 -0.753 0.000 0.329
 0.753 0.658 0.000 0.376
 0.000 0.000 1.000 0.000
 0.000 0.000 0.000 1.000)

4.901497840881348
(0.656 -0.755 0.000 0.328
 0.755 0.656 0.000 0.377
 0.000 0.000 1.000 0.000
 0.000 0.000 0.000 1.000)

4.918241024017334
(0.654 -0.757 0.000 0.327
 0.757 0.654 0.000 0.378
 0.000 0.000 1.000 0.000
 0.000 0.000 0.000 1.000)

4.9349799156188965
(0.651 -0.759 0.000 0.326
 0.759 0.651 0.000 0.379
 0.000 0.000 1.000 0.000
 0.000 0.000 0.000 1.000)

4.951720237731934
(0.649 -0.761 0.000 0.325
 0.761 0.649 0.000 0.380
 0.000 0.000 1.000 0.000
 0.000 0.000 0.000 1.000)

4.968463897705078
(0.647 -0.762 0.000 0.323
 0.762 0.647 0.000 0.381
 0.000 0.000 1.000 0.000
 0.000 0.000 0.000 1.000)

4.985164642333984
(0.645 -0.764 0.000 0.322
 0.764 0.645 0.000 0.382
 0.000 0.000 1.000 0.000
 0.000 0.000 0.000 1.000)

5.001940727233887
(0.643 -0.766 0.000 0.321
 0.766 0.643 0.000 0.383
 0.000 0.000 1.000 0.000
 0.000 0.000 0.000 1.000)

5.018668174743652
(0.640 -0.768 0.000 0.320
 0.768 0.640 0.000 0.384
 0.000 0.000 1.000 0.000
 0.000 0.000 0.000 1.000)

5.035407066345215
(0.638 -0.770 0.000 0.319
 0.770 0.638 0.000 0.385
 0.000 0.000 1.000 0.000
 0.000 0.000 0.000 1.000)

5.052149772644043
(0.636 -0.772 0.000 0.318
 0.772 0.636 0.000 0.386
 0.000 0.000 1.000 0.000
 0.000 0.000 0.000 1.000)

5.068887710571289
(0.634 -0.774 0.000 0.317
 0.774 0.634 0.000 0.387
 0.000 0.000 1.000 0.000
 0.000 0.000 0.000 1.000)

5.085628032684326
(0.631 -0.776 0.000 0.316
 0.776 0.631 0.000 0.388
 0.000 0.000 1.000 0.000
 0.000 0.000 0.000 1.000)

5.102370262145996
(0.629 -0.777 0.000 0.314
 0.777 0.629 0.000 0.389
 0.000 0.000 1.000 0.000
 0.000 0.000 0.000 1.000)

5.119118690490723
(0.627 -0.779 0.000 0.313
 0.779 0.627 0.000 0.390
 0.000 0.000 1.000 0.000
 0.000 0.000 0.000 1.000)

5.1358537673950195
(0.624 -0.781 0.000 0.312
 0.781 0.624 0.000 0.391
 0.000 0.000 1.000 0.000
 0.000 0.000 0.000 1.000)

5.152590751647949
(0.622 -0.783 0.000 0.311
 0.783 0.622 0.000 0.391
 0.000 0.000 1.000 0.000
 0.000 0.000 0.000 1.000)

5.169329643249512
(0.620 -0.785 0.000 0.310
 0.785 0.620 0.000 0.392
 0.000 0.000 1.000 0.000
 0.000 0.000 0.000 1.000)

5.186042785644531
(0.618 -0.787 0.000 0.309
 0.787 0.618 0.000 0.393
 0.000 0.000 1.000 0.000
 0.000 0.000 0.000 1.000)

5.202808856964111
(0.615 -0.788 0.000 0.308
 0.788 0.615 0.000 0.394
 0.000 0.000 1.000 0.000
 0.000 0.000 0.000 1.000)

5.219542980194092
(0.613 -0.790 0.000 0.306
 0.790 0.613 0.000 0.395
 0.000 0.000 1.000 0.000
 0.000 0.000 0.000 1.000)

5.236284255981445
(0.611 -0.792 0.000 0.305
 0.792 0.611 0.000 0.396
 0.000 0.000 1.000 0.000
 0.000 0.000 0.000 1.000)

5.253054618835449
(0.608 -0.794 0.000 0.304
 0.794 0.608 0.000 0.397
 0.000 0.000 1.000 0.000
 0.000 0.000 0.000 1.000)

5.2697649002075195
(0.606 -0.795 0.000 0.303
 0.795 0.606 0.000 0.398
 0.000 0.000 1.000 0.000
 0.000 0.000 0.000 1.000)

5.2865142822265625
(0.604 -0.797 0.000 0.302
 0.797 0.604 0.000 0.399
 0.000 0.000 1.000 0.000
 0.000 0.000 0.000 1.000)

5.303240776062012
(0.601 -0.799 0.000 0.301
 0.799 0.601 0.000 0.399
 0.000 0.000 1.000 0.000
 0.000 0.000 0.000 1.000)

5.319977760314941
(0.599 -0.801 0.000 0.300
 0.801 0.599 0.000 0.400
 0.000 0.000 1.000 0.000
 0.000 0.000 0.000 1.000)

5.336712837219238
(0.597 -0.802 0.000 0.298
 0.802 0.597 0.000 0.401
 0.000 0.000 1.000 0.000
 0.000 0.000 0.000 1.000)

5.353447914123535
(0.594 -0.804 0.000 0.297
 0.804 0.594 0.000 0.402
 0.000 0.000 1.000 0.000
 0.000 0.000 0.000 1.000)

5.370194911956787
(0.592 -0.806 0.000 0.296
 0.806 0.592 0.000 0.403
 0.000 0.000 1.000 0.000
 0.000 0.000 0.000 1.000)

5.386929035186768
(0.590 -0.808 0.000 0.295
 0.808 0.590 0.000 0.404
 0.000 0.000 1.000 0.000
 0.000 0.000 0.000 1.000)

5.40367317199707
(0.587 -0.809 0.000 0.294
 0.809 0.587 0.000 0.405
 0.000 0.000 1.000 0.000
 0.000 0.000 0.000 1.000)

5.420407295227051
(0.585 -0.811 0.000 0.292
 0.811 0.585 0.000 0.406
 0.000 0.000 1.000 0.000
 0.000 0.000 0.000 1.000)

5.437145233154297
(0.583 -0.813 0.000 0.291
 0.813 0.583 0.000 0.406
 0.000 0.000 1.000 0.000
 0.000 0.000 0.000 1.000)

5.453884124755859
(0.580 -0.815 0.000 0.290
 0.815 0.580 0.000 0.407
 0.000 0.000 1.000 0.000
 0.000 0.000 0.000 1.000)

5.470685005187988
(0.578 -0.816 0.000 0.289
 0.816 0.578 0.000 0.408
 0.000 0.000 1.000 0.000
 0.000 0.000 0.000 1.000)

5.487410068511963
(0.575 -0.818 0.000 0.288
 0.818 0.575 0.000 0.409
 0.000 0.000 1.000 0.000
 0.000 0.000 0.000 1.000)

5.504124641418457
(0.573 -0.820 0.000 0.286
 0.820 0.573 0.000 0.410
 0.000 0.000 1.000 0.000
 0.000 0.000 0.000 1.000)

5.520848274230957
(0.571 -0.821 0.000 0.285
 0.821 0.571 0.000 0.411
 0.000 0.000 1.000 0.000
 0.000 0.000 0.000 1.000)

